   320    299.56380      1.66979    211.65900      0.44566
   680     89.17281      1.36342    243.39360      0.63888
   940    100.45530      1.46045    230.88770      0.62692
  1340     86.04386      1.44669    246.93760      0.59204
  1780    180.23410      1.66517    268.88800      0.34119
  2160    267.38020      2.00033    246.60360      0.51790
  2560    583.61620      2.09108    159.65600      0.18783
  2980    413.87570      2.35816    236.46690      0.32288
  3360    270.68490      2.21057    239.89360      0.67849
  3720    191.20410      1.94467    288.84260      0.39542
  4140    418.10890      2.55425    175.15640      0.40397
  4520    828.52670      1.78820    159.04690      0.19137
