   160    120.16550      1.39405    218.70390      0.64004
   520    379.11900      1.69863    189.30230      0.52696
  1060     82.40743      1.39328    241.96870      0.60831
  1500     84.88819      1.44764    245.61230      0.63899
  1900    174.90790      1.72069    267.55020      0.37313
  2360    326.26680      2.16281    235.71520      0.50668
  2700    533.51810      2.19492    234.12000      0.27530
  3100    433.86000      2.38132    244.36280      0.31571
  3480    285.41200      2.25772    265.06790      0.41527
  3880    290.27150      2.30799    212.18300      0.74320
  4280    304.32860      2.41218    199.23720      0.78597
  4620    749.74470      2.09650    149.97580      0.16415
