   400    415.70120      1.58012    205.48000      0.47536
   840     89.77716      1.39364    237.40790      0.65561
  1220    131.60480      1.61273    249.00920      0.50911
  1560     89.62853      1.50764    248.63330      0.63651
  1840    180.26390      1.61096    270.07460      0.32846
  2240    502.64940      2.16837    217.27330      0.33111
  2640    468.76860      2.29084    220.59960      0.26195
  2960    640.73930      1.98740    214.48060      0.24783
  3500    268.26970      2.21475    273.93760      0.42698
  3900    331.65780      2.41217    200.17300      0.72804
  4260    419.05620      2.55649    187.42020      0.51900
  4680    849.50010      1.43662    165.53070      0.18525
