   120    244.29240      1.56192    231.00900      0.50006
   620    100.78330      1.40129    231.07040      0.64643
  1140     83.67899      1.39099    243.12210      0.59135
  1580     83.01955      1.43635    250.13550      0.63488
  2040     86.60580      1.51427    256.55080      0.63023
  2420    236.50470      2.00229    245.56380      0.51211
  2800    527.71040      2.28163    182.26960      0.33025
  3200    367.94920      2.37019    239.63660      0.33500
  3600    102.43920      1.71691    273.61710      0.64922
  4000    391.74960      2.51901    170.05090      0.47150
  4400    680.77920      2.35548    135.47500      0.18838
  4760    776.46640      1.98758    210.51960      0.26143
