   140    139.14830      1.43063    225.23130      0.62805
   560    322.50950      1.75091    203.66560      0.55463
   960    114.67930      1.51366    223.55270      0.64361
  1440     85.90570      1.45875    247.16880      0.60339
  1980     90.67154      1.52336    257.48600      0.65886
  2440    128.33890      1.75275    223.63020      0.78863
  2840    546.71260      2.27150    185.74620      0.32192
  3240    425.89720      2.40853    240.24510      0.33188
  3640    156.82480      1.94151    275.43320      0.46372
  4040    359.61980      2.48146    171.87260      0.52130
  4440    660.64970      2.43727    140.84110      0.19177
  4840    454.07010      2.60454    235.95230      0.58908
