   100    323.04400      1.56349    230.83170      0.42092
   660     97.70213      1.39019    240.73050      0.63169
  1120     83.95964      1.40920    240.06090      0.59063
  1460     90.54587      1.49703    246.42890      0.61269
  1940    184.33800      1.69807    267.51200      0.38305
  2320    439.42280      2.22187    224.59660      0.41834
  2820    565.28130      2.22432    193.66880      0.35544
  3220    430.28810      2.41459    238.20690      0.34405
  3620    104.99440      1.77101    273.58250      0.62619
  4020    415.59400      2.53587    179.49840      0.52845
  4420    697.74840      2.31692    137.05960      0.19518
  4800    525.71440      2.58405    240.94340      0.53446
