   240    122.16410      1.40054    218.96270      0.57213
   580    266.44700      1.74049    214.66110      0.54081
   920    109.99210      1.47974    238.37420      0.56271
  1320     84.33533      1.41278    245.89990      0.60518
  1720     96.79884      1.52766    257.95240      0.65726
  2120    185.80400      1.70629    257.24600      0.48003
  2520    530.30710      2.19771    160.01920      0.18781
  2920    511.34990      2.32762    182.13690      0.39280
  3280    371.50070      2.37416    242.64970      0.41711
  3680    254.86600      2.20053    265.31830      0.31946
  4100    485.09400      2.56179    163.71170      0.37425
  4480    804.39200      1.91581    157.03960      0.18500
