   180    288.04430      1.60524    225.00330      0.55244
   640    111.57000      1.44157    233.40220      0.63714
  1040     83.03319      1.38407    241.18070      0.61431
  1520     85.52699      1.45918    246.87410      0.62413
  1920    185.48480      1.71429    266.59630      0.35965
  2280    466.23190      2.20343    223.74980      0.35077
  2740    324.45350      2.25596    240.88940      0.33449
  3120    532.49490      2.31558    242.53340      0.28192
  3560     94.12624      1.67666    271.42950      0.67141
  3920    310.54210      2.38198    208.40600      0.74868
  4320    417.69370      2.55417    174.66240      0.57462
  4660    854.95540      1.66226    165.95850      0.17683
