   440    401.54810      1.63298    202.49670      0.53082
   820     87.36536      1.37116    237.63110      0.66467
  1080     82.62846      1.37996    241.03290      0.61240
  1400     90.10358      1.46915    246.91610      0.60457
  1820    185.12630      1.63781    269.18780      0.34810
  2220    471.70100      2.15503    218.76020      0.32416
  2620    549.53550      2.20092    211.68040      0.21906
  3040    366.31500      2.33809    244.81660      0.34832
  3460    268.83800      2.18675    262.50220      0.48612
  3820    301.95980      2.33943    231.71280      0.71054
  4200    291.95410      2.38256    210.49620      0.69528
  4600    741.54300      2.12305    143.89810      0.16430
