   460    405.81990      1.63546    204.10140      0.51090
   800     92.56944      1.40652    235.50930      0.64446
  1280     90.98952      1.44979    246.85070      0.55692
  1680     91.66005      1.53460    254.47490      0.66783
  2080     93.22215      1.56160    253.79030      0.66261
  2480    222.84080      2.06964    192.06170      0.68009
  2880    644.24710      2.03580    152.02990      0.17063
  3340    298.56460      2.30693    202.89980      0.60011
  3940    275.13270      2.28619    190.37110      0.72432
  4380    606.58480      2.52075    141.12360      0.23542
  4820    406.93770      2.53752    260.93530      0.71665
