   420    399.28950      1.62549    203.25950      0.49278
   860    122.06700      1.50816    235.45340      0.59068
  1240     90.24410      1.46977    248.37250      0.58025
  1640     89.90215      1.50920    251.46540      0.67124
  2000     92.29804      1.55234    255.09030      0.67133
  2300    347.99070      2.15565    234.19540      0.44524
  2720    287.05180      2.18731    241.06750      0.37413
  3140    248.65410      2.10986    265.52120      0.38092
  3520    143.28880      1.78971    277.53930      0.42973
  3860    350.30400      2.43160    203.55980      0.71251
  4300    387.67780      2.54249    181.40940      0.64176
  4700    843.21550      1.35501    159.95840      0.17664
