   260    191.28830      1.57887    191.99310      0.52985
   600    128.38720      1.48660    221.23020      0.67712
   900    136.81360      1.57167    236.53590      0.53502
  1300     89.20537      1.45180    247.85060      0.55902
  1700     86.84414      1.47610    253.07690      0.70800
  2100    102.87460      1.61083    256.19800      0.67873
  2500    555.70560      2.16534    161.90100      0.20579
  2900    604.60300      2.18082    151.97810      0.16269
  3260    318.04970      2.28592    249.86520      0.40172
  3660    373.56220      2.42522    258.29860      0.31169
  4060    393.13810      2.52334    159.93050      0.49610
  4460    756.48080      2.02389    143.33740      0.18102
