   480    408.12370      1.64376    203.01840      0.51309
   780    100.52630      1.42566    224.50980      0.69470
  1260    200.35760      1.79450    252.43020      0.42127
  1660     87.24203      1.49629    252.93670      0.68581
  2060     91.52193      1.54196    253.86860      0.65865
  2460    166.97360      1.89708    207.91680      0.74167
  2860    538.55400      2.28598    181.63860      0.29834
  3320    297.68100      2.28444    233.18190      0.57897
  3960    338.25450      2.42535    163.95110      0.55716
  4360    507.36530      2.59659    155.37320      0.40355
  4780    646.92140      2.41955    222.96080      0.34244
