   300    303.89550      1.66214    209.80450      0.43731
   740    141.45310      1.53795    220.39100      0.60526
  1160     80.75023      1.37722    244.58100      0.56603
  1620     87.77203      1.47452    250.71000      0.66861
  2020     89.82581      1.51881    254.44110      0.68909
  2400    308.22400      2.11167    240.87490      0.48202
  2760    334.66790      2.27057    239.55180      0.35793
  3160    332.49800      2.30764    258.47070      0.36170
  3540     97.09248      1.73202    272.29040      0.64201
  3840    283.95880      2.30309    210.57990      0.71750
  4240    368.94020      2.50172    204.21990      0.78838
  4640    708.77840      2.24834    149.08060      0.16863
