   220    123.42830      1.39757    215.21930      0.59332
   500    386.06580      1.68764    192.88720      0.52405
  1100     86.45838      1.42374    240.33130      0.61767
  1480     86.21288      1.45877    246.45280      0.62585
  1880    146.16620      1.64192    269.33130      0.38003
  2340    332.30860      2.16868    233.01200      0.49964
  2680    572.56090      2.15146    223.06680      0.23523
  3080    333.91570      2.31185    251.26110      0.34915
  3440    266.93070      2.22090    234.99010      0.69207
  3800    313.64320      2.36633    236.90700      0.69969
  4220    320.46440      2.45359    192.30110      0.73784
  4560    558.13670      2.58409    158.24050      0.32135
