   340    342.36730      1.66043    210.89280      0.45706
   760    110.74000      1.45654    222.88090      0.62058
  1020     87.86249      1.40769    235.14230      0.65612
  1420     86.28696      1.45543    244.89930      0.64149
  1800    185.28900      1.68048    269.09730      0.35411
  2200    421.75930      2.18775    223.66960      0.39163
  2600    587.41300      2.07916    188.52900      0.26587
  3060    205.72620      1.95052    259.96510      0.38634
  3400    262.44900      2.17296    254.06120      0.56578
  3760    220.87560      2.06864    289.01330      0.45204
  4160    409.27370      2.55311    184.07280      0.45579
  4540    789.61300      1.99976    157.01740      0.16697
