   280    242.15080      1.63757    208.97740      0.48202
   720    108.73510      1.43692    230.04350      0.58048
  1180     88.86958      1.45837    245.48210      0.54853
  1600     86.01865      1.46876    249.05490      0.67706
  1960    137.12820      1.65591    267.30140      0.38800
  2380    369.83440      2.21391    235.53590      0.44235
  2780    568.85580      2.20567    206.54780      0.31130
  3180    311.15960      2.26065    257.04740      0.34300
  3580     97.75672      1.71355    273.02670      0.62804
  3980    319.44240      2.42363    173.72970      0.55377
  4340    416.92100      2.56743    165.49920      0.54277
  4740    790.12610      1.93239    188.84250      0.24051
