   360    335.04070      1.67233    210.48350      0.47266
   700    108.52820      1.42165    234.07260      0.57030
   980    104.33630      1.45796    230.93350      0.63678
  1360     84.72504      1.43704    245.98800      0.61427
  1760    183.78940      1.68704    267.88970      0.39572
  2180    260.15750      1.96993    244.78670      0.49584
  2580    620.31870      1.92278    169.79550      0.22822
  3000    224.60930      1.99798    256.58340      0.36187
  3380    226.98720      2.08161    261.92660      0.56050
  3740    222.90940      2.07447    285.49270      0.44279
  4120    401.71370      2.53561    171.03400      0.44649
  4500    786.10750      1.80347    152.03610      0.20249
