   380    421.54650      1.55056    207.33400      0.47993
   880    113.66200      1.48125    238.71670      0.55989
  1200    126.85630      1.56454    248.96980      0.48434
  1540     86.86378      1.46923    246.54930      0.63794
  1860    168.45860      1.62178    268.67630      0.37462
  2260    479.38200      2.19161    223.28300      0.32678
  2660    473.14120      2.28475    223.84530      0.24769
  3020    293.06650      2.20486    237.86120      0.31349
  3420    280.67280      2.22080    245.31850      0.61400
  3780    257.80530      2.20490    265.36200      0.71434
  4180    405.47630      2.53963    186.82810      0.44432
  4580    725.40300      2.19795    142.95110      0.16360
