   200    105.52790      1.33917    226.71790      0.61370
   540    359.82070      1.73077    193.04640      0.54520
  1000    107.59980      1.50255    223.68010      0.67968
  1380     83.89792      1.42674    245.61430      0.62014
  1740    153.61570      1.64830    269.29300      0.35132
  2140    200.52850      1.77395    249.96610      0.54630
  2540    567.84030      2.12666    157.01550      0.18723
  2940    478.04600      2.34703    229.95540      0.34466
  3300    312.40410      2.27008    237.83960      0.52342
  3700    228.11020      2.08863    277.92260      0.39230
  4080    614.77800      2.42625    164.82650      0.34760
  4720    838.89650      1.44572    170.78170      0.16947
