  2528    248.80820      2.11091    285.52280      0.43210
  2568    247.08470      2.12711    293.43390      0.36868
  2613    200.45610      1.94277    300.21300      0.38229
  2651    255.22300      2.11713    293.05030      0.44985
  2690    188.33750      1.85553    299.70340      0.50526
  2729    245.12010      2.10767    299.14140      0.49727
  2768    312.45820      2.26031    301.35290      0.44803
  2808    304.57350      2.26879    298.98050      0.48020
  2847    304.70380      2.26683    298.69460      0.48512
  2887    244.82130      2.10059    295.99450      0.59283
  2926    188.77910      1.86289    296.56650      0.62881
  2965    328.28030      2.31945    250.09390      0.66953
  3005    482.43490      2.53609    125.31820      0.48632
  3044    813.41910      1.67988    102.13080      0.12769
  3083    860.64900      1.22524     99.29650      0.11635
  3122    802.29730      1.80734     99.02084      0.11390
  3168    201.03950      1.98355    268.73470      0.83713
  3207    865.67520      0.90651     99.00394      0.09830
  3247    640.71010      2.31681    117.25300      0.48873
  3278    195.16590      1.98268    305.33300      0.53474
  3317    195.18520      1.94768    315.73810      0.46658
