   835    293.98210      2.31371    270.30190      0.68436
   874    331.91800      2.44086    245.46500      0.77947
   916    347.84950      2.49469    241.50220      0.78426
   955    743.28090      2.25694    202.99400      0.52863
   994    495.02010      2.69853    229.14010      0.42098
  1033    469.78230      2.67896    229.82210      0.62156
  1066    266.01410      2.26749    254.55330      0.80688
  1107    257.02570      2.27891    259.37920      0.75226
  1148    280.59630      2.33809    260.22820      0.69078
  1187    337.06560      2.49645    259.72960      0.58110
  1227    425.23250      2.63634    257.81190      0.58231
  1266    267.61920      2.34888    254.01140      0.69322
  1305    419.55330      2.62739    221.03990      0.66370
  1344    329.33010      2.54024    248.03000      0.49358
  1383    585.87270      2.59197    224.06800      0.42264
  1422    341.05370      2.54154    229.32940      0.61675
  1460    588.11760      2.62170    173.89860      0.44376
  1491    313.02170      2.51647    214.76210      0.70051
  1529    444.73360      2.69105    169.27850      0.56959
  1568    309.00860      2.43989    214.60720      0.67965
  1607    627.32860      2.46503    189.21120      0.51086
  1636    656.58900      2.39727    191.69950      0.55846
  1681    502.00340      2.70134    198.37190      0.57542
  1721    793.14500      1.87007    177.74060      0.27019
  1760    766.91870      2.01418    171.18620      0.26564
  1799    866.15340      1.28883    141.70760      0.22344
  1838    686.70500      2.44792    151.26080      0.25195
  1877    477.39350      2.71237    127.53960      0.47795
  1916    672.75840      2.57316    114.26850      0.15963
  1955    475.74830      2.70301    148.16530      0.48945
  1994    424.59500      2.64888    196.36620      0.68425
  2020    595.98870      2.61995    174.66530      0.58897
  2061    741.82640      2.17321    194.02560      0.45408
  2095    809.41200      1.68287    159.66990      0.39677
  2134    737.12340      2.14412    217.54190      0.25355
  2173    492.28720      2.68391    216.26260      0.33511
  2212    406.48140      2.61081    214.67380      0.45396
  2251    498.11490      2.68702    203.46720      0.28548
  2290    369.92160      2.55129    216.62560      0.51931
  2329    420.32570      2.60985    227.88910      0.51895
  2368    379.49710      2.43089    239.24030      0.43475
  2407    521.30350      2.47879    260.29180      0.36696
  2446    468.39840      2.54176    260.95690      0.36176
