   168    163.32500      1.48662    224.38110      0.60960
   178    163.73550      1.48069    224.23170      0.58772
   198    152.73380      1.47329    224.50930      0.60127
   219    111.73170      1.35473    220.49590      0.61052
   239    135.14430      1.43036    210.14220      0.58559
   262    179.74850      1.55243    206.12080      0.54156
   282    237.58370      1.63556    203.83300      0.50271
   301    279.33100      1.63459    209.81020      0.47597
   324    327.47580      1.66134    211.98430      0.44442
   344    333.82950      1.66578    212.57230      0.44336
   364    364.59650      1.64835    210.66550      0.45826
   384    401.50270      1.59215    208.55320      0.47370
   404    413.32360      1.59065    204.61240      0.49301
   423    403.32280      1.61274    203.95170      0.50363
   443    401.98050      1.62903    202.09960      0.52018
   464    405.29110      1.64095    201.38200      0.52605
   484    397.60810      1.66342    199.32890      0.52415
   504    385.68380      1.69015    194.40130      0.52033
   524    372.66930      1.71161    193.25920      0.53183
   544    348.25930      1.73416    197.79920      0.54443
   564    301.82540      1.75549    206.45710      0.55063
   584    216.13070      1.67893    213.75510      0.59118
   604    154.83010      1.56467    222.53910      0.64719
   624    107.75100      1.42591    229.85180      0.64878
   644    103.75870      1.40818    236.21730      0.63980
   664    100.64770      1.43089    240.11920      0.62951
   684    100.18350      1.41201    239.64690      0.60384
   704    111.72850      1.44203    234.37570      0.60340
   724    121.18370      1.47817    225.82200      0.61471
   744    124.83450      1.50860    223.34280      0.62579
   766    110.59770      1.46795    224.94740      0.66692
   786     97.53314      1.42909    232.45350      0.63655
   806     92.30747      1.38851    234.94550      0.64769
   827     91.44799      1.40149    238.13810      0.64056
   847    103.66110      1.42470    237.21370      0.60259
   864    112.82800      1.48806    237.48310      0.56980
   884    142.67940      1.57094    237.43300      0.52003
   904    130.63290      1.56966    236.59600      0.56063
   924    113.26120      1.49870    235.24340      0.57152
   944    106.87630      1.48350    229.65810      0.63532
   964    109.27440      1.49114    225.80460      0.65606
   984    107.20710      1.50423    224.65210      0.67391
  1004     98.57057      1.45900    229.27210      0.65748
  1024     88.92777      1.41101    233.09500      0.66155
  1044     83.79659      1.37886    242.19810      0.59865
  1064     84.86916      1.41011    242.20720      0.61320
  1084     81.79227      1.35457    241.43790      0.57320
  1104     86.49388      1.42986    240.85640      0.58553
  1124     84.54070      1.40916    240.53380      0.60021
  1143     85.73092      1.41851    242.46190      0.59233
  1161     83.91101      1.41348    243.71590      0.58606
  1181     88.47649      1.43441    245.66320      0.54733
  1202    125.79540      1.58321    247.42670      0.51569
  1222    113.10870      1.53951    248.01920      0.53664
  1242    116.10500      1.55644    248.69500      0.51136
  1262    158.74670      1.69996    250.91160      0.44691
  1282     95.81336      1.46144    246.67750      0.55928
  1302     85.68350      1.44271    247.43890      0.59902
  1322     85.09167      1.43908    244.71280      0.62391
  1342     86.07040      1.46462    244.78710      0.62630
  1362     82.08933      1.41929    245.25670      0.63288
  1382     80.80262      1.41765    245.51860      0.62676
  1402     87.88277      1.46913    247.09750      0.60225
  1422     83.45259      1.43550    246.47580      0.60365
  1442     88.19841      1.47419    246.81270      0.61197
  1461     90.02608      1.48338    246.28790      0.63333
  1481     87.70270      1.47841    245.48800      0.64242
  1501     88.00208      1.46448    247.30070      0.61126
  1521     84.18798      1.44517    246.72890      0.62481
  1541     87.10474      1.47010    247.29590      0.64049
  1561     88.75984      1.47737    249.00810      0.62990
  1581     86.83546      1.47990    248.87320      0.66253
  1601     88.58298      1.49148    249.83830      0.64404
  1621     86.51027      1.44774    250.62220      0.68787
  1641     90.77029      1.51972    251.95310      0.68036
  1661     86.06517      1.47440    252.79990      0.68924
  1681     90.23547      1.51282    255.02770      0.65170
  1701     88.52794      1.50122    253.88020      0.66666
  1721     95.92308      1.55212    260.53770      0.61746
  1741    143.86940      1.63463    269.44880      0.37906
  1761    184.23870      1.66736    268.10960      0.39349
  1781    179.87690      1.63085    268.61250      0.36130
  1801    189.11620      1.68317    268.81280      0.35086
  1821    186.65830      1.65721    269.09820      0.34608
  1841    183.04810      1.65150    269.54780      0.34037
  1861    172.96810      1.64521    268.90900      0.34085
  1881    160.07290      1.66767    268.52290      0.39920
  1901    167.68980      1.67871    267.44550      0.37611
  1921    182.85720      1.70582    266.40710      0.38854
  1941    181.55690      1.68005    267.70400      0.36724
  1961    137.40470      1.64823    265.03560      0.49347
  1981     91.26630      1.51302    256.09660      0.67861
  2001     89.93608      1.53106    254.35930      0.69931
  2021     90.75259      1.54367    254.02060      0.66934
  2041     89.20956      1.56688    253.08450      0.69169
  2061     87.65678      1.52631    254.85820      0.67448
  2081     92.49435      1.54581    255.85400      0.66699
  2101    129.73180      1.67044    257.45130      0.60934
  2121    159.62350      1.72048    255.93530      0.52589
  2140    210.57750      1.79026    251.24510      0.51172
  2160    237.87570      1.89785    249.58420      0.54855
  2180    326.60620      2.11003    235.25940      0.48357
  2200    402.86020      2.18727    227.69220      0.42896
  2220    461.10210      2.16363    219.92950      0.33603
  2240    479.78030      2.19182    219.89890      0.34917
  2260    479.99530      2.19351    221.51710      0.34012
  2280    420.46120      2.21914    227.18790      0.39677
  2300    418.37630      2.19978    226.78070      0.40821
  2320    369.71750      2.19991    230.92360      0.45945
  2340    341.77860      2.17316    231.99820      0.50299
  2360    356.88280      2.19960    233.33520      0.47556
  2380    335.21460      2.17956    236.43680      0.47571
  2400    311.83000      2.13808    239.47130      0.49291
  2420    217.11760      1.98897    242.23090      0.59035
  2440    169.26000      1.91376    223.77200      0.73316
  2460    168.12020      1.91459    207.19960      0.75105
  2480    286.34360      2.18088    190.29760      0.64074
  2500    452.06700      2.27946    167.16770      0.37248
  2520    552.54250      2.15837    159.33390      0.18827
  2540    565.49240      2.14908    157.61880      0.19192
  2560    591.85910      2.05182    161.85310      0.20382
  2580    601.86430      2.00751    171.49630      0.23148
  2600    591.17520      2.05418    189.94670      0.28498
  2622    522.94550      2.23529    212.76210      0.22266
  2642    465.63600      2.28798    220.08420      0.27294
  2662    472.91810      2.28932    224.77000      0.28828
  2682    540.44600      2.21742    226.38080      0.26830
  2702    478.19810      2.27552    234.76820      0.28912
  2722    352.93270      2.28880    240.08400      0.33890
  2741    321.46160      2.25082    240.57150      0.34891
  2761    420.43300      2.31347    232.23890      0.34423
  2781    508.63020      2.28076    207.97620      0.42256
  2801    566.61150      2.20970    189.42400      0.34732
  2821    568.47760      2.22398    183.77370      0.34908
  2841    561.07780      2.23467    191.18190      0.33377
  2861    575.28740      2.21035    172.12060      0.28607
  2881    582.78850      2.22847    166.64230      0.25212
  2901    587.06220      2.22991    152.73710      0.23583
  2921    501.95100      2.34291    191.15070      0.42914
  2941    516.59590      2.30997    219.80740      0.35398
  2959    541.12880      2.27310    224.51320      0.31261
  2979    432.33610      2.36588    235.53540      0.32785
  2998    297.90540      2.19118    249.33720      0.35049
  3018    299.16940      2.21849    239.09710      0.31297
  3039    360.83190      2.31824    244.56670      0.34611
  3059    284.72630      2.21310    254.05740      0.36026
  3079    298.59690      2.24414    255.91640      0.34567
  3098    410.72160      2.37486    248.09740      0.33848
  3118    467.26590      2.37442    245.32340      0.30824
  3138    346.06080      2.32238    257.75190      0.35749
  3161    320.16660      2.29867    257.57910      0.36973
  3180    318.36490      2.28580    253.78220      0.36484
  3199    372.82750      2.36825    244.29520      0.33661
  3219    395.73310      2.38773    243.86570      0.35810
  3239    393.65620      2.39280    242.68580      0.35034
  3259    370.89620      2.35269    243.63950      0.37735
  3276    357.35670      2.35773    240.12560      0.44937
  3298    349.00920      2.35941    233.01640      0.53587
  3318    310.23820      2.30612    229.12930      0.60148
  3338    273.92460      2.21537    221.24430      0.62639
  3358    261.57650      2.20987    234.51880      0.66696
  3377    250.22800      2.15550    253.91170      0.60005
  3396    263.70180      2.19360    254.14280      0.59821
  3416    276.81460      2.22404    245.30490      0.59874
  3436    279.98530      2.22042    245.13590      0.62808
  3456    261.34760      2.18215    254.54660      0.55921
  3475    282.41950      2.23180    260.14940      0.41386
  3496    286.24860      2.25977    267.46790      0.43140
  3515    190.57390      2.01915    272.00010      0.44173
  3535    106.36950      1.70758    274.64200      0.57356
  3555     96.24059      1.71315    273.60420      0.64260
  3575    101.30110      1.73349    273.39210      0.61379
  3595    101.13200      1.75646    274.49610      0.62186
  3615    107.43370      1.78809    273.27390      0.59473
  3635    147.00350      1.87320    274.35940      0.49439
  3655    266.61700      2.22274    267.80120      0.34621
  3675    283.09560      2.26728    260.62450      0.30253
  3695    229.86390      2.10248    271.45060      0.33287
  3716    213.62370      2.04004    283.84360      0.40287
  3736    211.10960      2.02476    287.26210      0.43033
  3756    232.35600      2.10384    280.64750      0.51459
  3776    253.01000      2.18809    270.37300      0.63785
  3796    283.68660      2.30857    239.82280      0.68329
  3816    292.14570      2.32594    232.40940      0.72256
  3836    298.43310      2.32303    218.29640      0.74165
  3856    312.41180      2.37671    208.73130      0.72912
  3876    318.49790      2.37037    204.95210      0.72316
  3896    320.86290      2.39100    200.99930      0.73205
  3916    315.11380      2.37943    203.29980      0.74815
  3936    310.21920      2.37155    192.04050      0.68968
  3956    314.35110      2.38781    172.23260      0.63002
  3976    334.05240      2.44004    176.15640      0.54299
  3996    365.03790      2.48015    169.45440      0.51998
  4016    388.12880      2.51123    180.04900      0.51167
  4035    391.72340      2.52265    167.13390      0.48792
  4055    426.74840      2.54946    164.28060      0.49476
  4075    475.05530      2.56483    166.87240      0.46078
  4095    500.91840      2.56034    167.97790      0.40704
  4115    455.05710      2.56942    163.59200      0.39194
  4135    414.10860      2.55379    174.11670      0.43029
  4155    406.13840      2.54033    188.90560      0.42930
  4175    379.48970      2.52298    195.71160      0.52783
  4195    345.39670      2.49314    195.08720      0.63125
  4215    319.19800      2.41609    199.83220      0.72160
  4235    369.07450      2.52055    193.26220      0.69815
  4255    369.87750      2.50491    192.32510      0.68362
  4275    362.40370      2.50481    191.91430      0.69004
  4295    363.94760      2.50266    190.85280      0.71921
  4315    406.19470      2.55844    173.34630      0.58499
  4335    443.54870      2.58550    165.61540      0.51619
  4355    508.80320      2.59280    155.40140      0.41552
  4375    589.90250      2.53871    146.42320      0.32632
  4395    662.12490      2.42216    140.10130      0.21719
  4415    690.94760      2.33371    138.46080      0.19366
  4435    698.65450      2.30093    138.82940      0.18920
  4455    733.85610      2.17500    144.56140      0.19280
  4475    771.58830      1.98333    149.08540      0.20255
  4496    792.56630      1.90694    155.69250      0.19271
  4515    792.98190      1.89734    154.19080      0.19658
  4535    738.14420      2.19808    157.71690      0.23225
  4555    684.42710      2.35003    155.63420      0.23857
  4575    670.14990      2.38917    149.28030      0.23086
  4595    722.16240      2.22160    145.55000      0.17011
  4615    734.76090      2.14941    147.01640      0.16870
  4635    749.27510      2.08028    152.93230      0.19192
  4655    800.36720      1.88660    160.25690      0.19556
  4675    849.22950      1.51300    165.84190      0.18673
  4695    842.16860      1.49426    166.42690      0.18735
  4715    855.70610      1.39773    169.49740      0.17732
  4735    807.66790      1.81841    184.85790      0.26162
  4756    761.60960      2.05506    202.03940      0.29360
  4775    670.51500      2.36519    221.05640      0.40843
  4795    543.23500      2.56899    238.39610      0.51925
  4814    462.18730      2.53460    251.68510      0.65802
  4834    434.48260      2.59663    248.69300      0.68505
  4854    424.01660      2.58326    249.21280      0.70218
  4874    390.88070      2.50008    264.08370      0.74901
  4894    324.81050      2.35121    290.00850      0.71253
  4914    320.42460      2.41145    290.43520      0.69713
  4934    281.21060      2.33545    295.16450      0.65677
  4954    248.71000      2.24757    300.43790      0.67157
  4974    264.11110      2.27122    306.45070      0.69595
  4994    281.84330      2.28810    303.99940      0.73634
