  2498    165.73730      1.69699    280.87760      0.46050
  2541    181.78630      1.80403    257.33280      0.57333
  2581    256.05920      1.99034    259.93050      0.64183
  2619    285.88280      2.05286    271.53130      0.50077
  2658    230.07550      1.93945    273.97960      0.54790
  2697    237.42470      1.95625    271.20760      0.60839
  2736    212.80760      1.90063    277.68920      0.66523
  2773    214.24300      1.89082    268.14810      0.66213
  2812    400.80790      2.28334    217.84800      0.50313
  2851    309.86110      2.20661    207.19690      0.79866
  2890    593.11020      2.03765    179.66220      0.23657
  2929    425.84390      2.33126    192.67000      0.50467
  2968    415.42480      2.33007    211.41330      0.50597
  3007    509.58770      2.32448    208.66360      0.26556
  3046    193.69340      1.81518    285.57010      0.68412
  3084    190.43880      1.78549    293.92110      0.65320
