   169      0.00000      0.00000    202.52710      0.21831
   204      0.00000      0.00000    218.15680      0.32855
   238      0.00000      0.00000    193.38300      0.27824
   280      0.00000      0.00000    182.64770      0.22940
   319      0.00000      0.00000    182.90210      0.19892
   358      0.00000      0.00000    200.69150      0.29751
   395      0.00000      0.00000    182.87760      0.20781
   432      0.00000      0.00000    201.80810      0.26915
   470      0.20062      0.00041    207.79750      0.25471
   511      4.51877      0.00880    203.08460      0.20608
   552      9.44557      0.01672    201.59840      0.18953
   594     14.98523      0.02438    198.56630      0.17992
   633     20.36498      0.03190    201.07780      0.22016
   672     24.61218      0.03945    204.52350      0.22618
   711     30.10340      0.04490    207.46430      0.22989
   749     35.43848      0.05196    207.93180      0.21904
   787     40.13766      0.06291    206.72290      0.25251
   825     44.67592      0.06844    208.54350      0.24373
   864     50.27853      0.07318    211.47890      0.24249
   903     55.21049      0.08714    212.60710      0.28214
   942     60.62947      0.09402    210.90030      0.32362
   981     66.01534      0.10537    216.66330      0.26008
  1020     72.50056      0.10806    206.19690      0.23155
  1059     79.38766      0.11577    205.63290      0.23913
  1097     84.51676      0.12414    202.69500      0.24021
  1136     90.32320      0.12855    206.19420      0.21490
  1175     95.75576      0.13765    206.61120      0.21604
  1214    100.83970      0.15340    205.61030      0.23125
  1253    106.10220      0.15349    209.07440      0.24626
  1292    110.44540      0.16841    207.26410      0.27669
  1330    117.19890      0.16622    211.62380      0.26484
  1369    107.62080      0.21368    222.27230      0.28603
  1408    108.39000      0.23371    218.29920      0.32514
  1446    115.81020      0.24767    219.59370      0.29693
  1485    117.32980      0.26547    223.97940      0.28267
  1524    121.72980      0.27460    226.94550      0.25867
  1563    139.40570      0.24975    227.19220      0.32804
  1602    146.53880      0.24862    225.76290      0.33449
  1640    117.98820      0.40348    230.00140      0.36651
  1679    123.01030      0.42348    229.91550      0.35086
  1717    129.32400      0.45280    226.98340      0.33288
  1756    107.98460      0.49580    229.52690      0.39235
  1795    123.25870      0.51464    235.46100      0.32824
  1833    144.68770      0.51004    226.19260      0.35763
