   829    321.25220      2.40771    288.63910      0.79695
   885    321.05640      2.40753    284.38410      0.78881
   925    318.95840      2.41630    286.68780      0.73378
   965    313.08960      2.37297    285.74280      0.66859
  1003    297.46360      2.34276    270.92530      0.66566
  1042    303.40850      2.37201    274.48670      0.63356
  1082    377.56340      2.57122    248.71230      0.50565
  1121    378.55870      2.59039    244.36410      0.53271
  1160    383.24670      2.59547    243.94180      0.51248
  1201    266.14760      2.32927    267.54460      0.67882
  1240    392.68540      2.62552    223.99820      0.49118
  1279    422.03820      2.64932    217.62520      0.43497
  1318    244.21070      2.26717    269.18470      0.59421
  1357    220.03780      2.19197    276.32760      0.44573
  1397    250.01290      2.26410    272.59090      0.46453
  1438    214.01390      2.14730    278.88960      0.44506
  1477    290.97410      2.40480    238.42780      0.72533
  1517    216.74840      2.15804    270.44800      0.52906
  1556    432.49840      2.62737    246.64450      0.45156
  1597    664.93340      2.36857    191.78800      0.41161
  1636    268.54230      2.32786    243.29480      0.64406
  1675    220.73280      2.17790    273.92150      0.45590
  1714    169.26280      1.90872    282.52170      0.49254
  1755    721.37870      2.34186    104.55100      0.19394
  1794    917.25250      0.91802    104.20020      0.12403
  1833    861.72900      1.32748    118.61410      0.12486
  1872    478.56470      2.65986    152.21970      0.45274
  1911    199.44110      2.08177    273.28540      0.52930
  1948    220.67230      2.12944    276.01090      0.42867
  1987    607.97560      2.45891    150.52930      0.64347
  2026    482.72690      2.66170    108.74660      0.35917
  2065    182.44670      1.98701    263.92930      0.71028
  2107    362.82620      2.55762    154.40520      0.67749
