  2527    163.02640      1.75984    269.16170      0.57944
  2562    232.39850      1.99462    234.97480      0.80521
  2600    397.81350      2.12023    269.40960      0.51389
  2639    280.42230      2.05392    264.62310      0.62374
  2678    198.37720      1.82049    271.22480      0.61822
  2715    211.78890      1.89488    277.50230      0.63868
  2754    214.06230      1.91404    273.57780      0.72148
  2793    265.18490      2.04689    250.41260      0.65691
  2832    459.56010      2.28438    210.94010      0.39359
  2871    538.00610      2.22453    172.81150      0.26729
  2910    624.27250      1.93890    197.15900      0.29753
  2952    355.96950      2.30252    209.28490      0.61685
  2993    472.88820      2.32765    214.13900      0.38040
  3031    226.69970      1.97154    272.89910      0.74065
  3070    187.56200      1.81524    291.25410      0.68060
  3107    189.95820      1.78413    295.03690      0.65686
