  2501    167.19590      1.71180    275.83340      0.49870
  2558    201.77160      1.86095    244.86940      0.79248
  2597    402.98810      2.13898    270.80400      0.49896
  2635    262.60350      2.04237    267.90610      0.59759
  2673    199.41520      1.82248    269.71020      0.62789
  2712    210.51140      1.89118    273.38680      0.64709
  2751    220.30490      1.93668    277.55800      0.68464
  2790    244.04250      1.99851    254.78010      0.71881
  2829    446.40030      2.29046    213.17910      0.40748
  2868    519.03190      2.26205    176.68230      0.33858
  2908    677.45080      1.70706    192.36410      0.24354
  2961    407.48730      2.32321    214.96510      0.52221
  3001    475.79850      2.33993    212.21350      0.34544
  3037    195.89720      1.85277    285.78550      0.65567
  3075    187.62260      1.79201    289.79550      0.66911
  3116    193.74070      1.81158    283.34190      0.71849
