  2534    163.43680      1.75327    266.95390      0.55205
  2537    171.50460      1.77471    264.78210      0.54028
  2577    261.74370      2.04012    249.21490      0.71449
  2616    327.96630      2.11960    272.46110      0.47820
  2655    227.02750      1.91687    273.55580      0.57513
  2694    236.48600      1.95947    271.72500      0.60796
  2733    210.13820      1.88811    274.68860      0.68426
  2774    221.88920      1.93812    265.05330      0.67988
  2815    395.53700      2.28366    208.68440      0.50565
  2857    374.74250      2.30072    189.27470      0.63279
  2897    668.47550      1.72178    175.71550      0.20793
  2936    451.20240      2.33761    174.82140      0.37633
  2976    417.23570      2.33373    209.75750      0.46964
  3015    530.50290      2.29797    207.03340      0.27739
  3054    193.19710      1.81717    289.16130      0.65897
  3093    190.16150      1.77662    299.78640      0.59551
