   169    399.08920      2.01783    148.07650      0.36509
   179    398.99880      2.01535    143.71610      0.35117
   208    395.45590      2.00534    149.15630      0.40150
   228    407.76090      1.99392    148.29340      0.35094
   248    427.28710      1.96351    148.96680      0.32743
   268    448.12840      1.94791    130.75410      0.24097
   288    462.73180      1.90934    146.69420      0.24341
   309    491.32700      1.84695    122.07840      0.17798
   329    500.80470      1.80813    124.01240      0.17312
   349    497.61560      1.81523    132.84230      0.21683
   369    465.07330      1.88236    138.76290      0.27843
   390    449.55640      1.89062    142.23690      0.31171
   410    445.36840      1.90668    127.76550      0.28813
   430    428.64320      1.90996    148.35500      0.39426
   450    381.04400      1.93505    154.32300      0.50042
   474    305.25360      1.90957    177.03000      0.58415
   495    295.92490      1.89420    167.57190      0.55873
   515    277.00330      1.86119    174.32300      0.56054
   535    255.62930      1.82839    180.52150      0.58867
   555    237.82710      1.81103    184.53950      0.55591
   575    264.13300      1.83964    191.84140      0.51043
   595    290.46740      1.86453    171.71050      0.45617
   616    268.30290      1.83445    180.45720      0.51177
   636    223.33040      1.75906    200.81330      0.60002
   655    212.04300      1.72309    201.27310      0.58714
   675    203.68320      1.70356    191.59460      0.51926
   696    169.61090      1.58774    206.37080      0.47856
   716    138.57670      1.47401    235.54370      0.50482
   736    121.68290      1.40182    250.39790      0.48773
   753    137.20790      1.46405    237.02580      0.52461
   773    171.93970      1.59412    236.15810      0.69221
   793    216.29750      1.71449    209.36440      0.79242
   813    232.77930      1.73262    192.29040      0.79505
   833    253.65670      1.76000    178.58400      0.77607
   853    228.60260      1.71510    183.98020      0.80393
   873    225.65330      1.69939    179.27650      0.75906
   893    194.97250      1.64914    193.79360      0.76865
   912    182.61920      1.61240    202.37420      0.79120
   932    166.49150      1.54877    214.52980      0.86251
   953    164.66460      1.54158    215.69420      0.84924
   973    155.61950      1.50485    223.45630      0.81407
   993    147.31710      1.46766    239.58440      0.77294
  1013    141.57350      1.47136    253.46120      0.76394
  1033    137.34270      1.44414    256.94040      0.75370
  1051    135.98320      1.43699    262.09090      0.74616
  1071    130.58850      1.41126    265.69450      0.67972
  1092    122.02690      1.36708    272.68590      0.62626
  1113    126.17530      1.37483    272.97100      0.59602
  1134    135.59980      1.42268    262.24570      0.61211
  1155    143.34950      1.43346    247.67290      0.62407
  1175    156.98780      1.48084    231.30410      0.58650
  1193    164.54010      1.50536    215.36820      0.53490
  1214    173.51600      1.53154    213.54210      0.53981
  1235    190.99270      1.58342    221.65050      0.52538
  1256    193.62340      1.57305    228.39600      0.47632
  1276    185.63120      1.55522    210.60850      0.47636
  1296    185.71690      1.55398    223.38900      0.59451
  1316    194.11780      1.56423    223.11330      0.63300
  1337    260.66920      1.62774    219.24540      0.58933
  1357    312.54460      1.59345    238.38150      0.45137
  1379    307.54580      1.58758    255.84650      0.35446
  1399    309.17420      1.56579    260.76140      0.33844
  1417    321.40580      1.54619    242.96780      0.28996
  1437    272.46510      1.59033    252.47910      0.28418
  1457    234.74800      1.57241    263.32500      0.33125
  1477    215.36270      1.55201    261.49870      0.30225
  1497    211.83320      1.53569    268.61110      0.32662
  1517    185.13060      1.49634    271.40640      0.32161
  1537    136.09150      1.37513    279.42070      0.35582
  1557    105.38520      1.22956    281.02700      0.36495
  1577    106.58830      1.24884    280.05770      0.34193
  1597    103.59090      1.24175    280.99400      0.33871
  1617     99.36449      1.20908    279.79740      0.37603
  1637     98.09196      1.17903    278.78190      0.36429
  1657    100.61590      1.20053    278.32840      0.34562
  1677     99.98481      1.17218    272.82290      0.37770
  1697     99.21997      1.17387    268.30160      0.35533
  1717     94.58395      1.15486    266.12120      0.35947
  1737     92.99739      1.15156    265.61030      0.35716
  1757     88.75278      1.13869    260.25950      0.31372
  1777     87.57586      1.12458    252.91480      0.31734
  1797     87.21025      1.10708    254.45510      0.31473
  1816     84.08269      1.09215    266.16850      0.34336
  1837     82.56573      1.07863    266.80690      0.35489
  1857     78.21716      1.04906    260.56550      0.34151
  1877     76.47820      1.04281    260.61090      0.30298
  1898     77.94465      1.05280    261.40410      0.31002
  1917     75.39673      1.01923    254.08270      0.29838
  1937     80.42329      1.06271    256.12060      0.29088
  1957     79.18299      1.04749    252.63650      0.28916
  1977     75.83573      1.01893    254.39770      0.31959
  1997     79.47641      1.06104    255.80600      0.32231
  2018    116.47540      1.19231    248.16420      0.31257
  2037    223.08950      1.35825    245.26030      0.27796
  2057    300.60470      1.32809    240.78620      0.27321
  2077    297.49240      1.30670    243.89910      0.26703
  2097    325.19340      1.23925    239.46240      0.22975
  2117    317.67850      1.23582    241.89820      0.24832
  2137    333.34230      1.20729    237.89440      0.23422
  2157    301.95030      1.24946    243.00870      0.26908
  2177    303.33600      1.23326    244.68250      0.26486
  2197    328.87510      1.18701    238.21260      0.26187
  2201    331.68260      1.17993    237.33880      0.26666
  2220    326.55650      1.18542    236.75680      0.25678
  2240    329.04080      1.18667    233.35120      0.24912
  2260    319.61150      1.18948    234.35420      0.26433
  2292    313.87050      1.18898    232.58290      0.26751
  2300    323.87580      1.16920    230.50480      0.25404
  2314    339.52120      1.13400    228.09630      0.24391
  2334    328.16160      1.11038    231.68640      0.25699
  2355    341.21900      1.08922    226.58490      0.24775
  2375    313.91210      1.12726    230.74750      0.26805
  2407    307.95810      1.11626    231.60290      0.25735
  2433    304.30250      1.10835    231.70160      0.26383
  2452    310.02070      1.11981    221.53780      0.23898
  2478    288.99480      1.13055    229.64180      0.26764
  2518    317.39930      1.04564    217.08900      0.28418
  2538    310.00200      1.04359    215.71020      0.29850
  2558    315.50750      1.01511    213.70070      0.28873
  2579    328.00390      0.93784    214.26760      0.25852
  2599    340.21080      0.88880    205.28280      0.26894
  2619    337.25130      0.87703    198.56240      0.31772
  2640    334.10260      0.88162    188.65600      0.32108
  2664    327.76430      0.90996    174.64430      0.31344
  2684    323.26570      0.93248    170.45070      0.28230
  2704    348.19840      0.82062    152.50370      0.22944
  2724    359.38230      0.73099    168.88830      0.24507
  2743    378.63680      0.58626    159.81410      0.21844
  2764    373.02580      0.60220    159.65670      0.23823
  2785    369.21880      0.57204    147.83150      0.22116
  2806    363.20760      0.56283    155.30650      0.22961
  2826    363.22200      0.57190    137.59770      0.20190
  2847    360.34880      0.58474    134.29410      0.19416
  2868    356.57060      0.57487    144.29630      0.22154
  2890    360.15030      0.51198    135.80510      0.19391
  2910    352.42540      0.53174    146.12540      0.22094
  2930    350.50440      0.52693    147.77110      0.24137
  2950    349.33540      0.50307    151.35060      0.25544
  2970    350.56900      0.48707    150.89160      0.24020
  2990    350.36150      0.45907    142.90620      0.21432
  3010    343.23100      0.44331    154.54440      0.21445
  3030    334.45670      0.48812    162.67490      0.22079
  3050    333.35850      0.51314    150.55740      0.20040
  3070    331.45440      0.51071    144.34680      0.19147
  3091    328.72470      0.48102    149.56260      0.20917
  3111    327.72670      0.46999    148.67510      0.20872
  3131    327.49660      0.43857    144.43460      0.20194
  3152    326.00770      0.44256    138.73340      0.17930
  3172    323.13490      0.42521    140.11130      0.18633
  3193    319.95210      0.41370    138.70140      0.17261
  3211    315.53260      0.43761    139.98910      0.18251
  3231    312.19460      0.41636    147.77960      0.20511
  3251    309.39600      0.39867    155.23320      0.20556
  3271    305.50000      0.41494    155.69030      0.19173
  3293    301.89610      0.40045    159.52350      0.19770
  3313    298.88440      0.38810    163.63110      0.19890
  3334    296.12040      0.38491    169.04500      0.20931
  3354    292.59530      0.38669    168.23650      0.20544
  3374    291.55180      0.37228    162.72770      0.21438
  3394    292.22270      0.36020    155.52070      0.17792
  3414    290.11570      0.36631    153.85120      0.17945
  3434    288.62020      0.36671    154.68970      0.17626
  3454    285.69820      0.35136    155.11540      0.18810
  3474    280.94540      0.36727    156.96540      0.17743
  3494    277.93340      0.34061    158.47640      0.17854
  3514    273.69390      0.35599    158.62150      0.18882
  3534    271.36360      0.34266    157.60660      0.19688
  3562    264.43660      0.37240    158.77330      0.22377
  3582    253.65790      0.42263    169.45490      0.24653
  3602    246.50050      0.42336    178.87010      0.22403
  3623    238.23370      0.46385    179.80270      0.20803
  3643    230.99450      0.49419    180.62460      0.21673
  3663    222.21630      0.53713    178.16920      0.22687
  3683    214.22980      0.56564    179.04590      0.22658
  3703    206.02440      0.58508    179.50060      0.22949
  3724    191.19130      0.62378    176.04860      0.24218
  3744    160.57720      0.68403    185.27160      0.36943
  3764    124.48690      0.69662    198.57310      0.45195
  3784    116.73230      0.68802    201.47240      0.48174
  3805    119.30300      0.67857    201.54990      0.49499
  3826    106.88100      0.66759    206.39560      0.54135
  3847     95.57004      0.65319    205.96710      0.57346
  3867     94.89053      0.64533    203.49590      0.58890
  3887     82.94073      0.62799    210.44710      0.60085
  3907     62.47157      0.59372    222.97130      0.59756
  3928     60.66484      0.58034    229.58830      0.56907
  3948     68.53845      0.58568    230.76030      0.53359
  3969     61.00907      0.56672    227.77270      0.54640
  3989     58.32165      0.55514    226.76550      0.53858
  4009     87.26574      0.58096    224.13860      0.50387
  4029    105.15290      0.57951    222.37880      0.45522
  4050    129.90740      0.55849    210.77520      0.43416
  4071    137.45140      0.53879    206.16040      0.39400
  4091    145.34860      0.50376    203.38060      0.35997
  4112    120.88390      0.52808    210.58490      0.41580
  4132     94.80305      0.53548    219.26870      0.46188
  4153     96.39484      0.52521    218.91820      0.44402
  4174    104.38030      0.51175    217.28850      0.38461
  4194    120.58660      0.48807    209.32290      0.33982
  4214    125.75310      0.47175    198.37030      0.35009
  4234    131.32380      0.44631    185.72680      0.37365
  4254    127.53330      0.45246    181.25310      0.39145
  4274    115.41550      0.46433    187.55340      0.45193
  4294     86.08352      0.47194    203.45240      0.52469
  4314     52.67739      0.44685    213.24460      0.57755
  4334     43.05090      0.42190    219.20480      0.56720
  4356     42.94521      0.41576    220.18460      0.58169
  4376     61.68762      0.42671    220.80190      0.49155
  4397     61.39242      0.41915    221.44090      0.49580
  4417     52.18330      0.40552    223.57360      0.51556
  4440     64.36771      0.40412    222.90190      0.49651
  4460     79.78049      0.39205    222.58600      0.40573
  4480     68.45869      0.38775    224.04570      0.45238
  4500     92.41872      0.35765    218.02530      0.31452
  4521     90.78307      0.35058    216.79500      0.34153
  4541     93.31754      0.32884    209.21640      0.34543
  4561     90.53836      0.31610    210.92040      0.33033
  4581     79.52220      0.32881    217.28860      0.39092
  4601     65.02928      0.33460    220.81010      0.44523
  4622     62.43529      0.32710    221.46000      0.45578
  4642     68.99735      0.31090    222.95620      0.35646
  4662     68.94582      0.30088    222.24830      0.37003
  4682     67.46257      0.29163    222.19150      0.37612
  4702     73.00884      0.27788    212.37900      0.35968
  4723     85.26187      0.24698    186.65810      0.28150
  4743     81.22606      0.25096    182.48090      0.28026
  4763     73.31190      0.25770    190.42160      0.35522
  4783     51.74569      0.26599    206.72630      0.48277
  4804     33.90267      0.25269    214.26330      0.54991
  4825     55.44520      0.24050    210.45550      0.44572
  4845     68.95554      0.19997    199.79730      0.37024
  4865     69.33231      0.18204    190.75820      0.32567
  4885     66.00643      0.17902    183.34910      0.30638
  4906     64.07706      0.17126    176.08360      0.26088
  4926     65.88496      0.14436    169.59670      0.20063
  4946     67.16115      0.11718    165.11270      0.15938
  4966     63.38279      0.11946    162.68410      0.16656
  4986     59.30898      0.12238    160.76010      0.16333
  5006     56.12519      0.12053    162.29430      0.18785
