   100    182.34230      1.52285    231.61480      0.37107
   760     18.41506      0.07387    230.28820      0.48939
  1160    262.65270      1.22624    222.38790      0.35772
  1540    113.27910      0.32014    220.84580      0.28200
  1840    163.36400      0.31631    215.62170      0.27354
  2220    283.55730      0.43402    188.14900      0.16108
  2520    253.78120      0.49666    181.03330      0.23628
  2900    164.38940      0.41922    207.70020      0.24835
  3300    124.33740      0.24213    190.79730      0.28033
  3680     79.29465      0.08926    207.75980      0.18880
  4020    443.13050      0.66293    205.12100      0.17906
  4440      0.00000      0.00000    218.75950      0.19930
  4680    493.98990      0.94692    203.90400      0.18192
