   846    329.08200      2.42236    286.31700      0.81500
   889    317.37600      2.40512    285.30580      0.78135
   934    314.33140      2.39261    281.71700      0.76965
   972    297.07140      2.34772    284.79020      0.67068
  1010    306.84310      2.36137    276.43970      0.65458
  1051    311.99060      2.36920    271.83150      0.58908
  1090    375.43920      2.56684    250.38440      0.52894
  1128    321.49730      2.45366    256.85310      0.61948
  1168    378.63910      2.57540    245.26050      0.47325
  1206    261.02740      2.30803    272.86750      0.64697
  1246    421.15420      2.65626    217.22370      0.40481
  1285    431.70250      2.65132    218.05360      0.43859
  1325    256.13290      2.30084    264.90420      0.51727
  1362    221.17660      2.20818    272.55900      0.47090
  1398    247.37280      2.25432    272.39570      0.44936
  1445    211.50520      2.12038    280.12510      0.45115
  1483    265.73760      2.33422    263.84750      0.53114
  1520    224.79190      2.21167    272.52100      0.48833
  1559    403.98030      2.61852    247.66660      0.46747
  1603    566.59300      2.60632    186.71590      0.47886
  1645    308.83140      2.41817    236.55070      0.61928
  1684    201.32510      2.08720    279.64880      0.45591
  1722    228.75990      2.21147    232.43250      0.90379
  1761    839.06310      1.76887    102.14800      0.15142
  1800    921.31040      0.85303    107.22030      0.12632
  1855    556.56960      2.63356    134.51060      0.32929
  1893    254.26340      2.32030    204.45600      0.86177
  1933    225.48630      2.16895    278.26130      0.45192
  1971    186.43140      2.00097    268.50360      0.54410
  2010    477.87440      2.65658    106.07560      0.38031
  2049    234.38510      2.18466    223.47130      0.86082
  2088    308.34940      2.44217    179.32620      0.86052
  2128    220.86150      2.15289    242.48530      0.81839
