   159      0.00000      0.00000    200.53070      0.20502
   219      0.00000      0.00000    194.79880      0.31019
   263      0.00000      0.00000    184.75380      0.26812
   289      0.00000      0.00000    184.21030      0.25069
   325      0.00000      0.00000    183.11670      0.19965
   364      0.00000      0.00000    199.81630      0.28731
   402      0.00000      0.00000    183.28410      0.19474
   441      0.00000      0.00000    203.18270      0.25304
   479      1.17502      0.00253    209.43550      0.20826
   518      5.53263      0.01014    204.62780      0.19947
   550      9.11410      0.01621    201.78780      0.17988
   589     14.21358      0.02301    198.43870      0.18149
   629     19.77618      0.03053    200.47290      0.20801
   668     24.42177      0.03713    204.02980      0.24087
   707     29.53296      0.04556    204.53620      0.24991
   750     35.54155      0.05430    207.36980      0.22723
   788     40.28939      0.06143    206.93940      0.23039
   827     44.89381      0.07245    207.40910      0.25940
   866     50.53589      0.07718    211.69150      0.23880
   905     55.37051      0.08578    215.78540      0.25626
   944     61.20947      0.08894    217.71890      0.26621
   983     66.35500      0.10489    216.46940      0.25133
  1022     72.33347      0.11511    204.90490      0.24970
  1061     79.70986      0.11356    206.15840      0.21554
  1100     85.11296      0.12660    203.40800      0.23928
  1139     90.63926      0.12818    204.21190      0.24116
  1178     96.41615      0.14019    206.82360      0.23113
  1216    101.16630      0.14594    205.34020      0.23260
  1255    106.19690      0.15759    209.42520      0.24026
  1294    110.88600      0.16751    207.70260      0.26514
  1332    117.12530      0.17954    211.08080      0.27413
  1371    106.50680      0.22049    222.34440      0.29908
  1410    109.00970      0.23266    216.88040      0.33529
  1448    114.14340      0.25611    220.67870      0.30813
  1488    117.98450      0.26787    224.19100      0.27783
  1527    122.97470      0.26637    228.44780      0.26771
  1565    139.61910      0.24787    226.47850      0.34177
  1604    147.20480      0.24763    226.24460      0.32215
  1644    106.10840      0.43099    232.45870      0.37367
  1683    124.72280      0.42807    229.02730      0.35489
  1722    129.11020      0.45899    226.42010      0.34650
  1760    108.49960      0.49620    225.61070      0.44911
  1799    123.78160      0.50340    236.57100      0.32871
  1836    146.18040      0.49594    229.53470      0.35834
