   158      0.00000      0.00000    200.82590      0.19468
   225      0.00000      0.00000    193.64460      0.30032
   248      0.00000      0.00000    188.47060      0.27952
   282      0.00000      0.00000    182.56160      0.22730
   323      0.00000      0.00000    182.90130      0.19361
   362      0.00000      0.00000    201.43240      0.28581
   401      0.00000      0.00000    183.34840      0.19821
   439      0.00000      0.00000    203.12680      0.26591
   480      1.30017      0.00274    209.37030      0.21240
   519      5.66354      0.01057    204.54810      0.20300
   558     10.08080      0.01718    198.71460      0.19448
   597     15.24049      0.02417    199.01990      0.18562
   635     20.72548      0.03129    201.05180      0.23102
   673     24.69629      0.04009    203.97840      0.23714
   713     30.50372      0.04452    208.10000      0.22555
   751     35.66026      0.05450    206.73990      0.23046
   790     40.23071      0.06277    205.99020      0.23175
   829     45.24990      0.06924    207.93130      0.25037
   868     50.51983      0.07921    210.77310      0.25657
   907     55.41127      0.09192    215.51790      0.27102
   946     61.18230      0.09544    217.29660      0.26020
   985     66.81866      0.10552    216.41320      0.25105
  1025     72.96678      0.11136    205.65620      0.23210
  1064     80.32365      0.11253    206.34080      0.22446
  1103     85.91933      0.12496    204.25260      0.22054
  1142     91.04150      0.13189    205.54810      0.22841
  1181     97.53441      0.14899    206.84860      0.22360
  1220    101.85420      0.14230    205.91770      0.23064
  1259    106.85430      0.15793    210.73690      0.21987
  1298    111.42330      0.16951    206.65670      0.27725
  1337    118.13090      0.17557    210.50980      0.27541
  1376    104.85410      0.23220    221.38800      0.28686
  1415    110.20160      0.23178    218.71560      0.30322
  1453    113.55840      0.25819    221.43350      0.29475
  1493    118.89920      0.25694    223.42920      0.28561
  1531    124.25460      0.27742    227.08720      0.29687
  1571    141.96250      0.25042    227.18700      0.32908
  1610    145.97910      0.24655    228.61730      0.29728
  1649     99.50670      0.43942    236.03900      0.34427
  1688    129.10610      0.41692    228.37630      0.34241
  1727    130.58000      0.46788    226.34770      0.34608
  1766    108.46820      0.50198    228.34790      0.41634
  1805    140.45440      0.48427    228.69780      0.34350
