   161      0.00000      0.00000    231.62790      0.36656
   201      0.00000      0.00000    219.13920      0.26810
   238      0.00000      0.00000    214.29080      0.21986
   277      0.00000      0.00000    212.17200      0.20952
   316      0.00000      0.00000    210.80960      0.19991
   354      0.00000      0.00000    208.86450      0.21910
   395      0.00000      0.00000    210.25460      0.22296
   434      0.00000      0.00000    207.93960      0.21492
   473      0.00000      0.00000    208.45950      0.20081
   513      0.00000      0.00000    213.46750      0.24220
   550      0.00000      0.00000    213.47220      0.22686
   590      0.58893      0.00130    210.34580      0.20077
   626      4.53913      0.00893    208.31530      0.22608
   666      9.29782      0.01696    208.44140      0.21003
   705     14.46424      0.02220    207.04130      0.21993
   744     19.58877      0.03160    204.76500      0.23188
   783     24.15157      0.03924    205.79480      0.23271
   822     28.93029      0.04503    207.88550      0.19629
   861     34.36692      0.05312    203.75560      0.21959
   900     40.94234      0.06232    198.11680      0.26285
   939     45.98578      0.07059    202.06610      0.24551
   977     50.66913      0.07412    205.29100      0.24650
  1016     56.28675      0.08501    204.95900      0.24234
  1055     62.13305      0.09972    201.96750      0.26683
  1093     64.50069      0.10204    207.22060      0.19432
  1132     75.27325      0.10900    188.34470      0.19374
  1171     69.42171      0.13557    218.64490      0.20886
  1209     85.73340      0.12968    186.21700      0.19301
  1248     89.74516      0.13612    185.87120      0.20879
  1287     95.65977      0.14005    189.27420      0.18661
  1325    104.02300      0.14954    181.18080      0.16134
  1363    105.92230      0.15542    201.34150      0.18626
  1402    110.77080      0.16612    208.91960      0.21166
  1441    114.46940      0.17309    214.65950      0.20834
  1481    118.49880      0.18594    221.74300      0.22320
  1520    112.32610      0.23782    223.69200      0.30045
  1559    109.22200      0.26043    233.70020      0.19008
  1597    113.41960      0.26306    232.91420      0.22083
  1636    132.63670      0.25394    219.39200      0.32767
  1675    147.28770      0.24745    208.82810      0.26250
  1714    151.91100      0.26273    212.24100      0.30714
  1753    157.77930      0.33185    183.48900      0.28134
  1792    125.07130      0.40823    238.18180      0.31578
  1829    123.33430      0.45731    230.60140      0.50415
