  2508    159.27460      1.67618    274.78340      0.50712
  2571    266.97600      2.07715    237.81100      0.77490
  2607    385.68890      2.10995    266.95910      0.52566
  2649    239.24240      1.95789    274.18690      0.55449
  2688    242.69370      1.97761    270.47340      0.60619
  2725    212.78250      1.87233    275.37290      0.66890
  2764    196.85790      1.83196    277.75100      0.67268
  2803    319.14750      2.15416    236.67360      0.66252
  2842    354.51390      2.27235    212.22570      0.72569
  2879    545.78070      2.20585    174.31210      0.26486
  2921    433.03980      2.29560    208.14640      0.41424
  2946    378.79760      2.31368    196.67380      0.55619
  2984    472.32120      2.32227    212.01010      0.35547
  3025    324.80370      2.22021    242.45060      0.72747
  3065    186.43350      1.81073    293.44890      0.63200
  3111    190.45180      1.80498    291.96920      0.65386
