   171      0.00000      0.00000    203.77800      0.23091
   192      0.00000      0.00000    221.63780      0.30315
   230      0.00000      0.00000    195.63340      0.29707
   269      0.00000      0.00000    181.83310      0.23026
   308      0.00000      0.00000    184.60040      0.27897
   348      0.00000      0.00000    195.88180      0.29562
   382      0.00000      0.00000    186.78970      0.25306
   419      0.00000      0.00000    190.15530      0.25457
   459      0.00000      0.00000    206.11310      0.26510
   498      3.27071      0.00671    208.12310      0.20746
   537      7.61799      0.01373    200.31820      0.17263
   575     12.12602      0.02137    203.88110      0.19369
   615     17.90847      0.02755    199.57280      0.20803
   655     23.16146      0.03588    202.06850      0.23660
   694     27.42887      0.04348    203.53080      0.21973
   733     33.08736      0.04752    207.97860      0.21728
   773     38.13799      0.05768    206.74760      0.22390
   809     43.00253      0.06918    209.18010      0.25590
   848     48.22037      0.07423    210.81340      0.23294
   887     53.34505      0.07821    212.73050      0.25585
   925     58.10195      0.08669    218.27680      0.24567
   964     63.40487      0.09894    216.07320      0.27644
  1003     70.21156      0.10948    206.53610      0.26436
  1042     76.59505      0.11346    206.84850      0.23191
  1080     82.36252      0.12253    203.86400      0.24376
  1119     87.61765      0.13141    203.57290      0.23374
  1157     92.65147      0.14054    204.72220      0.23953
  1196     98.63439      0.14502    205.56250      0.23915
  1236    104.69450      0.14735    208.69400      0.22939
  1275    108.01830      0.16266    206.94670      0.26615
  1314    114.20560      0.17105    208.43350      0.27304
  1353    115.89380      0.19526    215.65640      0.29889
  1392    105.82090      0.23654    219.20860      0.30989
  1429    116.41060      0.23945    219.66050      0.28575
  1468    114.70180      0.24782    222.23430      0.29299
  1507    120.60860      0.26431    224.32280      0.27859
  1546    131.98710      0.26366    228.84360      0.31614
  1585    145.07800      0.24349    226.48560      0.33538
  1624    143.19790      0.26780    227.44860      0.35460
  1663     99.17668      0.46553    232.54400      0.36507
  1702    132.27550      0.44312    226.84010      0.32744
  1741    124.59260      0.48994    226.76150      0.34990
  1780    110.33290      0.51428    234.63120      0.38308
  1818    134.24070      0.51522    231.09000      0.36718
