   157      0.00000      0.00000    228.01040      0.35810
   197      0.00000      0.00000    219.75850      0.29453
   236      0.00000      0.00000    214.79110      0.21711
   274      0.00000      0.00000    214.40790      0.21045
   313      0.00000      0.00000    210.85920      0.19299
   351      0.00000      0.00000    209.07270      0.22323
   390      0.00000      0.00000    210.86610      0.21165
   430      0.00000      0.00000    208.38680      0.21412
   469      0.00000      0.00000    208.00010      0.21332
   508      0.00000      0.00000    212.24710      0.24329
   547      0.00000      0.00000    213.53280      0.22785
   588      0.35086      0.00074    210.12420      0.21350
   628      4.66983      0.00903    208.58250      0.22289
   667      9.48340      0.01600    208.38690      0.20931
   707     14.63702      0.02448    206.42330      0.24339
   746     19.84292      0.03121    205.21920      0.22319
   785     24.43858      0.04019    206.05370      0.23383
   825     29.37220      0.04470    207.37230      0.19982
   864     34.92574      0.05283    204.17390      0.20622
   903     41.48339      0.06240    198.77850      0.26098
   942     46.23248      0.07109    202.45080      0.24013
   981     51.16034      0.07880    206.91390      0.23119
  1020     56.63138      0.09057    204.34200      0.26254
  1059     62.53713      0.09733    201.63400      0.26298
  1097     65.20423      0.10107    207.26940      0.20159
  1136     76.03669      0.10918    187.47000      0.20836
  1175     71.22747      0.13356    217.85790      0.21900
  1214     86.07724      0.13482    183.23700      0.19055
  1252     90.91763      0.13958    185.45870      0.21346
  1291     96.11492      0.13803    190.66650      0.18637
  1330    105.19130      0.14856    179.17630      0.17787
  1369    105.53260      0.15822    203.41750      0.19320
  1408    110.26520      0.16732    210.71210      0.21926
  1447    114.19680      0.18661    216.40620      0.20799
  1486    119.35470      0.18419    222.80600      0.21915
  1525    110.78250      0.24439    225.51350      0.30091
  1564    109.57860      0.25848    232.89420      0.20685
  1603    113.50660      0.27632    231.00750      0.20510
  1642    136.40870      0.24194    215.28660      0.29942
  1681    151.88040      0.24639    202.06190      0.25145
  1720    155.46670      0.26141    201.29080      0.33501
  1759    146.33670      0.38126    197.83910      0.36048
  1799    125.90480      0.38974    242.31650      0.32779
  1838    123.09700      0.47573    223.06760      0.49703
