   163      0.00000      0.00000    201.33720      0.20782
   211      0.00000      0.00000    205.90320      0.36073
   234      0.00000      0.00000    196.05270      0.30375
   273      0.00000      0.00000    182.39920      0.21826
   312      0.00000      0.00000    185.30570      0.27169
   350      0.00000      0.00000    197.06870      0.28981
   388      0.00000      0.00000    182.68370      0.22845
   427      0.00000      0.00000    196.19600      0.27358
   466      0.00000      0.00000    206.81070      0.26320
   505      3.83993      0.00779    206.78540      0.19676
   543      8.36932      0.01483    200.34380      0.18697
   581     12.80884      0.02195    201.46580      0.20512
   618     18.38921      0.02872    199.62460      0.19995
   656     23.28709      0.03710    201.63810      0.24028
   695     27.60855      0.04250    200.47690      0.24183
   734     33.16100      0.04975    208.15530      0.22621
   772     38.09484      0.05805    207.07720      0.22193
   812     43.30589      0.07057    207.48950      0.27051
   854     49.21487      0.07603    213.28950      0.20371
   892     53.72560      0.08107    213.09170      0.25801
   931     59.52567      0.09172    216.65960      0.27647
   970     64.29671      0.10253    216.96720      0.25138
  1009     71.47699      0.10936    207.18440      0.23359
  1048     77.29282      0.11572    205.92060      0.22381
  1086     83.05415      0.12358    203.57480      0.23879
  1125     88.68094      0.13009    205.40650      0.21635
  1163     94.31237      0.13917    206.63560      0.22320
  1202     99.42732      0.14235    206.09630      0.23319
  1241    105.54900      0.14797    209.40330      0.23267
  1280    109.33980      0.15821    207.82410      0.26094
  1319    115.22190      0.16728    208.81530      0.27147
  1358    113.60740      0.20954    219.21590      0.28744
  1397    106.07070      0.23730    219.45920      0.31085
  1435    125.51830      0.22253    216.76920      0.28717
  1474    115.47490      0.25507    217.37620      0.33661
  1512    120.69270      0.27549    225.92500      0.25046
  1550    134.04040      0.25720    228.95270      0.28631
  1589    145.29540      0.24164    225.39180      0.33588
  1628    139.61450      0.29812    226.16140      0.34964
  1667    110.96230      0.45431    230.26190      0.34493
  1706    129.37360      0.46306    228.04770      0.30924
  1745    120.50050      0.49616    228.38830      0.35308
  1784    118.59540      0.51669    231.19350      0.36053
  1824    133.17400      0.52394    229.14920      0.37716
