  2525    255.54170      2.13433    285.43790      0.43810
  2564    239.91830      2.10107    293.86070      0.38130
  2600    180.89880      1.85624    299.74150      0.39913
  2639    240.74510      2.06989    293.99370      0.46062
  2677    195.29820      1.88433    298.75850      0.52234
  2717    207.74110      1.95515    291.93160      0.54042
  2756    320.04600      2.28490    291.34010      0.50560
  2795    307.09500      2.26831    302.42950      0.47906
  2834    306.97900      2.27593    298.93920      0.46339
  2873    250.04300      2.13860    300.32430      0.50473
  2911    197.45240      1.89666    294.20900      0.59955
  2950    308.04570      2.28921    253.64470      0.66610
  2989    331.22560      2.36306    219.35920      0.87191
  3028    696.22020      2.24809    103.46440      0.13467
  3067    840.10680      1.42072    100.93060      0.11689
  3106    840.50600      1.42127     98.92706      0.11938
  3144    425.99220      2.54175    115.60210      0.55835
  3182    225.47630      2.09956    244.59260      0.95193
  3221    870.41490      0.80590    102.79970      0.10390
  3264    226.16190      2.09410    286.18960      0.54817
  3303    192.27280      1.94873    313.80850      0.49266
