  2502    353.89450      2.30583    282.09410      0.36723
  2541    240.34020      2.10603    287.14230      0.43807
  2580    213.19520      1.99437    289.47780      0.45227
  2618    225.20740      2.01865    292.41400      0.44211
  2658    250.22310      2.08749    292.30540      0.49428
  2696    192.74590      1.88563    298.91380      0.50528
  2735    276.46470      2.20932    296.01410      0.49223
  2773    299.05530      2.24723    294.00600      0.51346
  2812    324.14530      2.30341    297.00260      0.48704
  2850    292.25420      2.23937    300.83390      0.47679
  2889    247.15270      2.12329    297.42550      0.55348
  2927    192.78110      1.91857    297.57090      0.61453
  2966    335.28390      2.35012    251.24700      0.62634
  3006    483.39030      2.53568    122.58030      0.48104
  3045    816.29040      1.65833    102.28300      0.12334
  3084    858.28810      1.25717     99.09725      0.11652
  3123    791.23890      1.87172     99.09406      0.11434
  3165    216.49700      2.08637    251.63030      0.86680
  3204    863.45620      0.89567     99.80166      0.09210
  3242    819.41410      1.45524     99.57629      0.09863
  3289    192.84920      1.95548    309.93830      0.49812
  3328    195.71770      1.95474    316.52660      0.46329
