   820    330.35220      2.43903    288.19600      0.75342
   862    328.52850      2.42481    285.00550      0.80174
   901    311.16920      2.36513    287.54100      0.76551
   940    307.55480      2.36338    289.51290      0.72921
   979    291.26730      2.34064    287.41760      0.66328
  1018    308.13220      2.37921    276.70720      0.66820
  1057    318.14310      2.41665    270.29900      0.56938
  1096    375.77660      2.57243    251.92340      0.53722
  1134    278.02190      2.32010    264.63840      0.66102
  1172    355.13930      2.52510    250.49840      0.53380
  1210    260.68810      2.29572    271.35810      0.66135
  1249    435.96430      2.67214    214.97130      0.40670
  1288    435.17310      2.66742    217.06230      0.45086
  1327    269.82340      2.32179    268.50490      0.49909
  1368    223.66360      2.20500    276.27510      0.46280
  1407    229.79970      2.23013    274.59900      0.45648
  1446    223.85490      2.18712    269.87270      0.50053
  1485    266.53000      2.34341    264.34680      0.51894
  1524    225.57980      2.21196    274.20820      0.45909
  1563    324.60370      2.50873    253.54820      0.49554
  1598    672.23440      2.36687    187.71530      0.37669
  1638    273.38860      2.36218    242.88890      0.64109
  1677    237.96740      2.24041    269.38760      0.47572
  1716    173.99450      1.95305    279.11890      0.57185
  1754    705.92030      2.40799    104.24260      0.17987
  1793    917.23960      0.92286    103.85340      0.12518
  1832    862.34920      1.34797    118.04660      0.12846
  1871    490.66980      2.65825    152.71540      0.47621
  1910    194.51480      2.04078    273.63280      0.52538
  1947    245.05510      2.20953    272.76400      0.44863
  1986    576.20220      2.53031    152.07220      0.68115
  2025    487.31480      2.66281    108.33490      0.36020
  2064    188.20550      2.00108    260.41930      0.70790
  2101    445.67300      2.63837    135.97210      0.36771
