   168    401.70540      2.01702    146.78540      0.32698
   172    394.70680      2.01887    149.21690      0.35508
   192    403.03530      2.00756    148.72650      0.36316
   210    397.39320      2.00041    148.94070      0.39702
   230    413.92580      1.98841    147.77980      0.34286
   250    428.00070      1.96072    148.52100      0.31489
   270    452.52280      1.93654    129.57520      0.23414
   290    463.83660      1.90290    146.19280      0.23653
   308    488.86900      1.86088    121.97160      0.18697
   328    503.93480      1.80881    122.92860      0.17082
   348    495.38390      1.82543    134.72190      0.22443
   368    467.77860      1.88073    137.76470      0.28414
   388    447.31930      1.90080    143.52010      0.32898
   408    450.76050      1.88994    124.43310      0.25799
   428    433.19850      1.90906    143.30120      0.37365
   447    391.22110      1.93435    150.43960      0.47373
   467    327.37930      1.92340    173.65380      0.56246
   487    300.01530      1.89986    176.55200      0.58596
   507    289.53430      1.87893    174.08350      0.56881
   527    267.23180      1.85882    171.84200      0.55213
   547    231.53870      1.79594    185.58390      0.57259
   567    252.76860      1.82983    176.32960      0.49573
   587    281.50620      1.85446    181.25970      0.48308
   607    278.25760      1.85135    172.87270      0.47297
   627    246.94720      1.80647    191.79840      0.56389
   648    209.53590      1.72718    205.94750      0.61561
   668    204.62950      1.71474    202.46330      0.57482
   688    184.92560      1.64930    198.04900      0.48228
   708    161.05240      1.57727    227.64110      0.51279
   726    129.59360      1.45162    242.96110      0.52659
   747    123.74470      1.39677    244.39820      0.50126
   767    152.86150      1.53977    240.01020      0.63576
   787    202.75570      1.67741    211.62990      0.76203
   807    234.76600      1.73682    192.70470      0.75992
   827    244.74210      1.74151    180.28440      0.76536
   846    239.47070      1.74164    178.66210      0.77375
   866    235.17270      1.72830    176.98750      0.77161
   886    204.61010      1.66103    191.88140      0.77105
   906    187.77390      1.62559    200.52700      0.78770
   926    171.79110      1.58150    211.20400      0.86181
   946    165.49610      1.55783    214.25410      0.85582
   966    157.77220      1.49897    219.45200      0.84514
   986    150.84710      1.48586    233.72390      0.81886
  1006    142.48580      1.45377    251.80710      0.78704
  1026    137.44130      1.44178    254.84060      0.73452
  1046    137.99360      1.44533    260.17820      0.76348
  1066    131.78730      1.42728    265.28570      0.71867
  1086    125.26720      1.38524    273.43090      0.63812
  1106    121.95610      1.37293    276.48450      0.63810
  1126    130.52310      1.39859    264.34230      0.62750
  1146    139.66050      1.42000    252.30990      0.62866
  1167    153.49400      1.47603    227.75020      0.56274
  1187    158.43610      1.47656    228.57530      0.55439
  1207    170.67980      1.52622    221.49240      0.57745
  1227    187.07840      1.56382    226.41240      0.54149
  1247    195.78630      1.58239    215.43550      0.47469
  1267    191.88360      1.57021    224.04580      0.49834
  1287    176.91960      1.54114    234.02290      0.56282
  1307    190.60100      1.56146    213.57990      0.61875
  1327    231.45520      1.61438    219.16560      0.60615
  1346    275.61420      1.61893    240.20670      0.52486
  1366    332.10760      1.55386    242.05550      0.42621
  1390    298.38390      1.58165    262.98980      0.36848
  1408    319.73230      1.56546    250.28450      0.28282
  1428    297.46150      1.57928    254.70780      0.32508
  1448    241.06450      1.57961    253.64770      0.28626
  1468    221.70060      1.56035    265.06770      0.32526
  1488    213.94590      1.54393    262.05250      0.28893
  1508    199.83840      1.51740    268.83820      0.33157
  1528    159.61460      1.43796    274.49580      0.29998
  1548    116.77480      1.28928    276.17390      0.32278
  1568    104.86340      1.24015    273.39810      0.32369
  1588    101.16500      1.20567    277.12690      0.35730
  1607    100.28350      1.21645    276.39250      0.35065
  1627     98.79635      1.19280    281.35700      0.33291
  1647     98.99343      1.18562    274.46700      0.34103
  1667    102.62710      1.20387    277.74910      0.35557
  1687    102.44080      1.20395    257.94440      0.32003
  1707     94.38961      1.14201    258.89140      0.32689
  1728     93.32748      1.17267    261.72900      0.32045
  1748     91.17731      1.15866    260.04640      0.36068
  1768     86.47971      1.11577    256.09130      0.33577
  1788     86.33881      1.10792    265.30640      0.35872
  1808     85.52039      1.09467    263.22340      0.30398
  1828     85.89188      1.10353    268.29420      0.35852
  1848     81.53944      1.07735    264.31240      0.35130
  1868     75.82984      1.03075    255.47130      0.31039
  1888     77.22274      1.04468    259.95420      0.33550
  1908     82.62505      1.05886    264.54940      0.33430
  1928     76.00766      1.02721    255.99100      0.28373
  1948     79.49354      1.04192    255.51300      0.33964
  1968     77.48039      1.03581    257.55760      0.31267
  1988     77.03555      1.03674    254.08750      0.31373
  2008     87.06030      1.06537    255.50010      0.28818
  2028    171.95950      1.31018    243.73100      0.27622
  2048    264.02290      1.35424    244.73540      0.27031
  2068    311.39940      1.29413    241.05440      0.27195
  2088    320.58730      1.26786    240.50670      0.22642
  2108    328.87930      1.20302    240.01570      0.25609
  2128    336.29200      1.18983    239.10040      0.26127
  2148    328.61360      1.20309    238.81100      0.23584
  2169    316.01010      1.24216    238.55430      0.24062
  2189    316.43900      1.20312    241.95740      0.27014
  2209    327.14820      1.19010    237.13070      0.27412
  2229    326.85850      1.18828    235.45250      0.26334
  2250    293.98250      1.24315    238.93200      0.28403
  2270    325.77460      1.20056    229.56690      0.25257
  2289    306.62300      1.20983    234.26560      0.25394
  2297    310.40060      1.19168    233.65140      0.25455
  2311    339.26860      1.13145    227.89530      0.25499
  2328    331.51660      1.12591    229.57020      0.26078
  2348    343.21840      1.08024    228.44540      0.26290
  2373    328.03040      1.10630    227.13600      0.24514
  2388    315.15090      1.14076    228.08710      0.25051
  2413    316.61090      1.11100    228.03280      0.25528
  2429    304.42890      1.10917    229.50410      0.27973
  2449    309.62390      1.11813    221.75740      0.24198
  2474    298.19700      1.10985    227.52320      0.25449
  2500    314.10440      1.06464    223.18630      0.24691
  2516    313.01200      1.04468    221.89710      0.28751
  2536    311.34790      1.05107    213.51810      0.30619
  2556    313.22650      1.02005    215.68140      0.28027
  2576    325.11730      0.96793    214.08150      0.25671
  2596    336.27870      0.90788    209.79660      0.26603
  2616    336.76380      0.88466    194.77580      0.31466
  2636    333.65070      0.88943    189.64550      0.31988
  2656    330.16490      0.89710    176.89040      0.31793
  2676    327.62100      0.91844    160.95500      0.28465
  2696    332.56130      0.88502    166.60990      0.25318
  2716    354.66010      0.78303    161.94210      0.23578
  2736    377.38210      0.62480    160.78680      0.21762
  2756    376.07460      0.58738    157.11360      0.22975
  2776    370.07460      0.58969    156.02960      0.23512
  2796    367.93020      0.56098    145.78350      0.22193
  2816    363.79690      0.58810    141.33850      0.21047
  2836    359.73480      0.58865    139.12810      0.21372
  2856    357.25270      0.59176    141.24500      0.21852
  2876    358.61130      0.57052    134.61670      0.19476
  2896    355.48960      0.53215    146.25170      0.21434
  2916    351.91420      0.53156    143.30080      0.22735
  2936    352.32630      0.54027    139.00220      0.22475
  2956    350.50620      0.49228    150.54970      0.24710
  2976    349.94380      0.47047    151.32140      0.24116
  2996    346.35960      0.45559    153.25130      0.23055
  3016    342.35350      0.47423    148.01410      0.20678
  3036    335.10320      0.50131    154.14320      0.21029
  3056    332.65480      0.52156    147.43790      0.19787
  3076    329.66660      0.49782    147.12990      0.20793
  3096    327.84700      0.48757    149.56790      0.20597
  3116    328.88250      0.44869    146.83310      0.20133
  3136    327.65080      0.45062    141.48640      0.19212
  3155    325.12880      0.42957    142.31380      0.19007
  3175    322.15790      0.44798    141.50900      0.18033
  3195    317.87970      0.45257    139.24630      0.17472
  3215    314.61220      0.43781    142.07620      0.18554
  3235    312.60360      0.39697    147.71220      0.19756
  3255    309.11360      0.38118    154.64950      0.20175
  3275    305.26380      0.39870    156.47260      0.19043
  3295    302.50320      0.37919    157.76100      0.19363
  3315    299.26790      0.37469    164.09430      0.20570
  3335    296.29600      0.37701    169.70380      0.21312
  3356    291.63260      0.39847    169.27710      0.21382
  3376    290.15730      0.38824    163.61640      0.21147
  3395    291.75630      0.37524    155.29580      0.17743
  3415    290.95100      0.35899    153.98820      0.17571
  3436    288.57140      0.37164    153.63850      0.17713
  3456    284.98180      0.35785    154.23180      0.19136
  3476    280.79480      0.36379    156.42230      0.18564
  3496    277.40790      0.34921    158.49070      0.18370
  3516    273.62910      0.34739    158.52440      0.18154
  3536    270.62530      0.34561    159.29080      0.19115
  3549    268.17920      0.36584    156.54270      0.19809
  3569    260.70230      0.38210    162.16910      0.23563
  3589    251.77320      0.42871    172.80170      0.24993
  3609    243.89370      0.43741    179.35570      0.22117
  3629    237.09140      0.46362    178.89030      0.21505
  3651    227.42630      0.51385    179.43660      0.22051
  3671    220.25750      0.53582    179.26120      0.22069
  3691    211.63600      0.56667    179.57690      0.22872
  3711    201.60210      0.59753    177.89970      0.23587
  3731    180.92130      0.65323    178.04610      0.25586
  3751    149.62620      0.68869    188.79070      0.40023
  3771    117.70840      0.69303    201.00550      0.47481
  3791    116.11970      0.68552    202.45030      0.48655
  3811    115.77680      0.67736    203.40470      0.51034
  3831    102.44980      0.66400    205.26290      0.56985
  3851     97.07520      0.65379    204.88310      0.59398
  3871     95.22657      0.64531    204.17910      0.59235
  3892     76.45522      0.61733    215.36370      0.58533
  3912     59.37961      0.58324    225.69110      0.58139
  3933     77.83198      0.59650    229.64310      0.55916
  3952     66.82637      0.58252    229.69270      0.54020
  3970     61.88343      0.56871    228.21550      0.52293
  3991     63.74631      0.56465    226.24900      0.53310
  4011     87.82637      0.58107    223.82580      0.49662
  4030      0.00000      0.00000      0.00000      0.00000
  4044    122.90570      0.56566    213.16040      0.46121
  4064    140.38260      0.53453    205.33690      0.38714
  4084    143.72070      0.51904    203.73250      0.38023
  4104    132.86690      0.51614    207.38460      0.40327
  4124     96.37267      0.53915    217.02520      0.48849
  4144     95.29878      0.52809    219.77890      0.44625
  4164    100.65780      0.51799    218.30110      0.41543
  4184    112.60800      0.49807    214.71940      0.36184
  4204    124.79470      0.47513    203.22400      0.37029
  4225    129.53630      0.45757    190.75870      0.36551
  4245    130.17150      0.45068    181.51080      0.38335
  4264    124.67110      0.45237    182.97970      0.38808
  4284    101.96760      0.47055    196.87970      0.50346
  4304     70.65929      0.46342    209.94710      0.54255
  4324     45.71565      0.43241    215.62080      0.58975
  4344     39.80132      0.41372    220.81610      0.54484
  4364     50.73320      0.42357    221.18720      0.53503
  4382     64.67324      0.42689    220.86000      0.48280
  4402     60.69609      0.41705    222.11410      0.50094
  4422     50.05127      0.40087    223.83630      0.52941
  4442     67.68736      0.40204    223.50250      0.46898
  4462     78.42416      0.39227    223.04570      0.41908
  4482     69.12917      0.38618    222.19870      0.47184
  4501     93.90793      0.35284    218.24760      0.30116
  4520     90.89001      0.35110    217.12690      0.33413
  4540     93.85323      0.32348    208.86070      0.36124
  4560     90.34846      0.31682    210.58310      0.33294
  4580     79.60562      0.33114    218.09000      0.37386
  4597     67.94180      0.33553    220.25850      0.45160
  4617     61.94684      0.32802    221.58670      0.46049
  4637     68.40005      0.31365    222.61800      0.34980
  4657     69.66214      0.30219    222.52980      0.34333
  4677     67.56432      0.29562    223.06960      0.35342
  4696     71.96625      0.28205    219.06620      0.35578
  4716     80.09927      0.26128    195.15040      0.33284
  4737     82.72559      0.25140    182.09520      0.25528
  4757     76.54131      0.25439    185.39640      0.31810
  4777     56.87325      0.26780    202.01850      0.44527
  4797     37.39788      0.25697    214.27580      0.54434
  4817     46.32423      0.24970    213.40600      0.48175
  4837     64.79736      0.21754    205.22430      0.38424
  4857     69.41400      0.18739    193.08510      0.34136
  4877     68.36909      0.17800    185.82190      0.30570
  4897     64.69706      0.17781    179.35420      0.29288
  4917     63.59917      0.16140    172.19300      0.23110
  4937     66.72319      0.13208    167.02390      0.17014
  4957     65.31171      0.11874    163.75220      0.15751
  4977     61.41762      0.12058    161.00070      0.17097
  4996     57.76054      0.12229    161.57030      0.16583
