   853    316.11250      2.41530    268.29170      0.66159
   883    328.40840      2.44180    243.15730      0.82641
   925    509.00820      2.69547    216.03670      0.55967
   964    836.31420      1.63974    214.88820      0.43961
  1018    859.62020      1.52355    211.91790      0.48369
  1065    262.28460      2.20164    255.41690      0.79261
  1106    259.15480      2.28993    260.69380      0.76533
  1144    265.92440      2.32708    259.24990      0.73676
  1183    320.85570      2.49546    263.05440      0.60260
  1222    430.09520      2.60397    258.76270      0.56405
  1261    287.44490      2.43381    252.86080      0.70386
  1300    393.46080      2.62747    225.92040      0.70578
  1339    275.18370      2.37799    252.92130      0.55236
  1378    577.80830      2.62063    226.21230      0.41073
  1417    410.52330      2.64687    230.33810      0.57360
  1458    606.21060      2.59286    166.74860      0.38775
  1482    247.58100      2.31582    243.00210      0.63423
  1521    380.34180      2.63900    190.53000      0.63264
  1560    409.65690      2.67170    178.86860      0.49624
  1599    738.93700      2.06125    168.54410      0.37881
  1650    334.46760      2.54164    219.45220      0.73992
  1678    444.49830      2.68314    205.08720      0.61630
  1717    721.28250      2.24574    181.66610      0.28760
  1756    723.95730      2.19899    177.31860      0.29128
  1795    864.10720      1.33829    137.74270      0.21836
  1834    761.71250      2.13835    144.58130      0.22494
  1874    454.21530      2.68791    142.38260      0.59064
  1913    688.73860      2.51198    114.11310      0.15263
  1953    490.99890      2.70230    150.20290      0.45346
  1993    436.43060      2.66577    193.89270      0.66748
  2021    583.40500      2.64117    178.01040      0.59087
  2060    758.56490      2.07694    194.20270      0.44638
  2101    819.96340      1.54580    163.84290      0.41756
  2145    767.31020      2.04944    215.30400      0.24803
  2182    466.91320      2.67745    216.70650      0.36511
  2221    378.35470      2.56814    218.49580      0.50900
  2261    482.06360      2.67938    203.81860      0.33637
  2300    373.37880      2.54586    212.59730      0.49063
  2338    407.58620      2.55650    236.55400      0.52397
  2377    376.48280      2.42342    253.81870      0.32133
  2416    575.41200      2.45081    259.00950      0.31991
  2455    402.73290      2.54841    263.98900      0.37732
