  2500    164.00940      1.67370    279.66960      0.46610
  2542    177.30060      1.78423    262.70090      0.57808
  2579    259.69100      2.01003    256.83700      0.66234
  2618    302.67810      2.07665    272.02100      0.49316
  2657    225.10310      1.89423    274.56880      0.55584
  2695    235.48190      1.94078    271.83490      0.60790
  2734    205.67030      1.89708    275.70860      0.66586
  2772    212.16880      1.89208    270.01820      0.68529
  2811    396.35220      2.27421    219.72290      0.51392
  2850    309.71130      2.21701    209.19100      0.79502
  2889    591.43930      2.06160    180.52590      0.23296
  2928    425.35870      2.33078    194.89630      0.47665
  2967    412.33830      2.32870    211.54780      0.50395
  3006    503.32260      2.33203    209.10880      0.26140
  3044    191.84260      1.78504    285.48550      0.69685
  3082    190.18130      1.78564    290.20360      0.66741
