  2516    301.58970      2.23447    283.60490      0.41686
  2548    227.34980      2.05396    289.56700      0.40635
  2587    191.90730      1.88926    291.43340      0.46774
  2625    246.82270      2.08936    297.31050      0.41122
  2664    242.61130      2.07861    294.09660      0.48881
  2703    194.56530      1.90357    298.63350      0.52794
  2742    288.66250      2.21315    291.66210      0.52136
  2780    311.86890      2.29305    297.27720      0.47663
  2817    331.54090      2.32532    300.11090      0.44860
  2856    282.68460      2.23045    300.01750      0.48702
  2895    245.65500      2.11842    296.56920      0.55002
  2932    186.64900      1.86236    297.42540      0.59543
  2971    376.86190      2.43320    243.22940      0.58623
  3009    495.88510      2.54194    115.40580      0.44942
  3047    814.31560      1.65993    102.36440      0.11859
  3086    858.22260      1.22211     99.44520      0.11482
  3124    781.89270      1.91248     99.04584      0.11714
  3162    215.46370      2.07776    248.05880      0.93942
  3201    861.66820      0.95234    100.99810      0.09064
  3241    835.13540      1.35360     99.68073      0.09329
  3290    188.98030      1.91204    313.41600      0.49402
  3329    190.79000      1.92405    316.23910      0.45875
