   158    160.96780      1.47973    222.00100      0.61784
   172    167.37850      1.51089    224.14140      0.59489
   192    162.13830      1.49255    225.31480      0.58610
   212    115.74700      1.37055    221.76670      0.61247
   232    125.46640      1.41255    215.23590      0.60403
   252    161.92990      1.51189    205.79620      0.56957
   272    207.30390      1.59668    204.93390      0.52882
   292    264.97400      1.65682    206.75290      0.49164
   312    304.83820      1.66264    210.95570      0.46346
   333    329.38280      1.65775    211.71370      0.45369
   353    355.23280      1.64405    210.42560      0.46784
   373    382.26740      1.62922    209.50020      0.47354
   393    410.63700      1.58956    205.84050      0.48091
   413    407.99750      1.60429    204.08780      0.50793
   433    402.63200      1.61481    203.46230      0.51075
   453    401.35590      1.64614    201.42800      0.52139
   473    401.35950      1.65359    200.23250      0.52381
   493    393.21090      1.67389    196.75030      0.52835
   513    380.25990      1.70439    192.06680      0.52796
   533    362.94850      1.72624    193.84540      0.54902
   553    332.00920      1.74855    200.24280      0.54796
   573    262.88040      1.73627    209.87400      0.56640
   593    192.07800      1.64556    218.54210      0.61704
   613    116.54180      1.45089    225.17080      0.66561
   632    106.28600      1.41980    231.29060      0.65002
   652    101.40240      1.41850    238.58460      0.63050
   672    102.55820      1.42340    240.53240      0.61251
   691    101.24080      1.39580    237.05080      0.61774
   711    115.19230      1.45199    231.50300      0.61519
   731    123.30880      1.49305    224.38080      0.61256
   751    118.35020      1.48307    224.74080      0.62228
   771    102.17340      1.41199    227.86240      0.64741
   791     94.88612      1.40562    232.20470      0.66463
   811     92.98512      1.39718    235.68670      0.67276
   831     89.65696      1.37239    238.13010      0.64554
   851    106.87270      1.44740    236.48780      0.60187
   871    113.40620      1.46906    236.92760      0.57528
   891    129.28150      1.52152    236.62080      0.54120
   911    117.41290      1.50083    235.49020      0.57959
   930    109.80010      1.47971    233.11570      0.61527
   949    109.10710      1.50850    227.69810      0.63483
   970    112.34310      1.53140    226.08950      0.64553
   990    102.35160      1.44808    227.27870      0.63736
  1008     95.40251      1.42508    229.70100      0.66844
  1028     91.20072      1.43593    235.53450      0.63684
  1048     89.73730      1.42210    241.28090      0.60129
  1068     81.89191      1.37373    241.38470      0.60503
  1088     88.86334      1.44060    241.46400      0.58939
  1109     86.85226      1.43729    240.02220      0.59584
  1129     86.98106      1.41902    241.74860      0.56793
  1150     86.56465      1.45251    242.62800      0.59428
  1170     83.64957      1.40971    245.83330      0.58734
  1190    103.37270      1.48737    246.75310      0.57537
  1210    129.10360      1.58682    248.70850      0.49943
  1230    103.09170      1.51398    246.84130      0.55549
  1249    145.26460      1.65226    249.59400      0.50383
  1268    144.07430      1.65157    249.45600      0.52211
  1288     88.56503      1.43761    248.06120      0.57189
  1308     85.76423      1.43437    245.16610      0.61985
  1328     84.69798      1.44624    246.07720      0.57493
  1348     86.74957      1.45075    245.62780      0.60644
  1368     83.83698      1.42720    245.95020      0.60556
  1387     85.98823      1.46399    247.56390      0.58154
  1407     89.69399      1.47916    246.18150      0.62037
  1427     87.72321      1.47578    245.46390      0.64105
  1447     90.37753      1.49369    246.63820      0.62392
  1466     86.76392      1.46740    245.30360      0.64932
  1486     86.78973      1.46534    246.90730      0.60933
  1505     88.66798      1.49875    246.35500      0.62481
  1525     92.11221      1.50668    246.75290      0.63031
  1545     87.75173      1.48912    247.32800      0.64921
  1565     86.50173      1.46465    248.49760      0.64490
  1585     86.90833      1.49023    251.07140      0.62180
  1605     88.49599      1.48989    250.53410      0.65507
  1625     91.85764      1.48826    250.63850      0.67363
  1645     92.58146      1.51554    251.95470      0.67200
  1665     88.38478      1.51513    253.42830      0.67427
  1685     90.15714      1.51656    254.95380      0.65045
  1705     89.26409      1.50409    253.41080      0.69219
  1725     99.09026      1.55205    262.40650      0.57011
  1745    151.72930      1.61610    268.17790      0.41113
  1765    183.44180      1.66845    268.58390      0.35972
  1785    180.90330      1.65132    268.42880      0.37314
  1804    188.92020      1.70154    269.83670      0.32911
  1824    184.58000      1.64511    269.85130      0.35672
  1844    176.83900      1.60399    267.46890      0.33741
  1864    172.08530      1.65783    268.29780      0.36741
  1884    161.09160      1.67613    269.76430      0.33287
  1904    171.69000      1.66837    266.07490      0.33821
  1924    182.90840      1.69873    264.31340      0.40088
  1944    179.00930      1.66888    267.84410      0.38541
  1964    131.65550      1.63807    262.28110      0.55132
  1984     88.39397      1.50394    256.03100      0.66333
  2004     92.27560      1.54972    254.71660      0.68209
  2024     91.14883      1.52561    254.55560      0.65257
  2044     88.19983      1.54308    255.05090      0.64367
  2064     87.94241      1.52051    256.52770      0.64231
  2083     92.92199      1.56422    256.17160      0.65646
  2103    130.07290      1.66986    258.00950      0.59612
  2123    161.91590      1.71870    255.32800      0.53395
  2143    219.28070      1.82265    248.77420      0.51334
  2163    243.12740      1.91883    245.64600      0.53909
  2183    340.45730      2.12946    232.86930      0.47884
  2203    421.71920      2.19032    224.30580      0.40351
  2223    467.66460      2.19166    219.49080      0.32246
  2243    480.77460      2.19155    219.63020      0.34367
  2263    478.38750      2.19577    221.14180      0.34208
  2283    415.26590      2.21830    227.51090      0.37277
  2303    402.50330      2.19042    227.78520      0.41602
  2323    374.86220      2.20539    230.49570      0.47638
  2343    348.86600      2.19121    232.31110      0.49774
  2363    347.85940      2.19559    234.02960      0.47938
  2383    338.53790      2.17849    237.07910      0.47877
  2403    292.52870      2.11832    241.08410      0.50457
  2423    202.56000      1.95185    240.07620      0.63680
  2443    161.77370      1.90823    220.60750      0.74279
  2463    179.35110      1.95532    204.68870      0.73958
  2483    311.07540      2.22309    188.23760      0.62303
  2503    475.26340      2.26671    165.41420      0.34044
  2523    557.08370      2.15542    158.66530      0.19246
  2543    569.02610      2.13348    157.86260      0.19058
  2563    592.51640      2.05856    162.60130      0.20407
  2583    601.64950      2.00985    174.59470      0.24664
  2603    583.13560      2.08668    194.04680      0.27716
  2620    531.08550      2.22739    210.28070      0.24258
  2640    467.03030      2.29284    220.99450      0.26552
  2661    471.13650      2.29108    224.26230      0.26545
  2679    547.69670      2.19309    225.47250      0.25437
  2699    495.61760      2.25935    232.50950      0.30679
  2719    373.39920      2.29755    239.26290      0.35500
  2739    320.26210      2.26083    240.57610      0.34436
  2759    414.54280      2.30945    233.31290      0.34631
  2780    502.55130      2.30223    207.32830      0.41587
  2799    563.63100      2.21237    192.75280      0.35019
  2819    560.08620      2.24112    189.65160      0.36037
  2839    562.51140      2.23187    190.52880      0.33684
  2859    568.25950      2.24338    173.67760      0.28633
  2879    585.87930      2.21234    168.24770      0.25428
  2898    593.24300      2.21102    157.50880      0.22179
  2918    504.31330      2.34343    186.28260      0.40759
  2938    527.27760      2.28947    211.08490      0.38564
  2960    530.99270      2.29554    227.33330      0.30660
  2980    425.85160      2.36471    236.12640      0.32945
  2999    299.21910      2.21728    249.31230      0.36800
  3019    304.57210      2.23419    240.34000      0.33034
  3038    360.19130      2.32696    245.00240      0.33697
  3058    283.81610      2.20058    254.29380      0.34537
  3078    291.97310      2.20879    255.89980      0.35728
  3097    402.17650      2.37001    249.13270      0.33087
  3116    482.40450      2.36383    244.72600      0.30261
  3136    360.05730      2.32301    256.58870      0.37278
  3163    312.02160      2.27070    256.71140      0.37713
  3178    314.03340      2.26236    253.47790      0.37301
  3198    372.50530      2.37131    245.36970      0.34298
  3218    398.09450      2.38841    244.09190      0.35573
  3238    389.29360      2.38892    243.07970      0.33324
  3258    370.08790      2.35054    243.69610      0.38003
  3274    349.17150      2.33949    240.73790      0.42798
  3295    354.26880      2.35472    232.53960      0.50686
  3315    307.96730      2.28610    224.85210      0.55237
  3334    286.82600      2.26552    217.75420      0.62226
  3354    269.60890      2.22735    230.67770      0.66844
  3374    250.32580      2.14973    251.43590      0.61766
  3394    260.62580      2.15232    254.90810      0.57805
  3414    271.60760      2.18729    246.47340      0.59467
  3434    278.97720      2.23073    246.36180      0.60921
  3454    262.68780      2.20459    254.04660      0.57013
  3473    285.87750      2.25754    261.78010      0.44736
  3493    290.34450      2.24897    268.20130      0.42532
  3513    197.16130      2.01445    273.11230      0.44647
  3533    107.28790      1.68947    274.14020      0.56889
  3553     98.22746      1.73409    273.19920      0.66034
  3573     98.00050      1.70829    271.92900      0.64288
  3593    104.71280      1.79267    274.37230      0.64459
  3613    105.12370      1.77463    274.66060      0.61065
  3633    135.51050      1.85093    273.83120      0.53256
  3653    257.37120      2.22258    268.45550      0.34320
  3673    291.65080      2.29384    263.93380      0.32553
  3693    237.50770      2.15829    263.18240      0.31395
  3707    214.62500      2.05024    283.94030      0.41325
  3727    209.03460      2.02140    283.26430      0.41285
  3747    219.05440      2.06317    284.74610      0.43601
  3767    231.67560      2.08207    279.39890      0.58235
  3786    265.19200      2.22018    259.44670      0.68409
  3807    290.57140      2.29762    238.08350      0.72697
  3826    297.20210      2.34552    222.85710      0.72329
  3846    313.25890      2.37429    206.97510      0.70343
  3865    325.24580      2.39230    207.85800      0.72984
  3885    328.16100      2.40287    196.89160      0.69296
  3905    312.41960      2.36593    206.30920      0.76027
  3925    310.80590      2.38425    198.62320      0.72066
  3945    317.42030      2.40665    180.71160      0.65907
  3963    318.38800      2.40475    176.14940      0.59912
  3983    345.77130      2.45247    170.63800      0.53597
  4004    385.44380      2.51810    165.59470      0.48512
  4024    392.27780      2.50808    176.92260      0.50187
  4044    395.98210      2.53079    169.39880      0.52130
  4064    452.72830      2.56527    165.04910      0.48618
  4084    492.08660      2.56208    165.60450      0.42517
  4104    493.87870      2.56006    167.78030      0.40092
  4124    429.22430      2.56338    165.17050      0.38550
  4144    412.08140      2.55437    181.39910      0.44187
  4164    408.82320      2.54956    185.89750      0.43588
  4184    359.71560      2.50730    194.85900      0.59068
  4204    336.67680      2.47604    192.83260      0.66808
  4224    331.72190      2.45274    193.71230      0.73638
  4244    375.04280      2.52114    191.27600      0.67108
  4266    361.71880      2.50081    196.31330      0.72160
  4286    363.00430      2.49128    192.62860      0.70674
  4304    383.09470      2.53216    183.27870      0.68046
  4326    433.67640      2.57619    168.91550      0.52588
  4346    478.75020      2.59635    159.54710      0.48641
  4365    541.95610      2.58361    151.49340      0.35999
  4385    635.38520      2.44928    141.54270      0.25812
  4404    680.54810      2.32841    138.89900      0.20252
  4424    686.01340      2.35193    137.96650      0.18345
  4444    707.87400      2.26079    142.40450      0.19637
  4464    745.56880      2.11701    146.82680      0.19768
  4484    775.07720      1.98644    151.27830      0.19758
  4503    790.91080      1.94760    156.79100      0.19545
  4523    789.35270      1.93702    155.91330      0.18602
  4543    717.41050      2.26153    156.99670      0.23333
  4563    679.76730      2.36071    152.20990      0.22728
  4582    680.09080      2.33539    147.23750      0.21505
  4602    732.98460      2.16777    146.36360      0.16696
  4622    729.68920      2.18135    147.50450      0.17143
  4642    765.76730      2.02947    155.78220      0.19524
  4662    821.33540      1.74194    163.65710      0.18874
  4682    851.12120      1.49743    164.26420      0.18858
  4702    841.89400      1.45986    167.51770      0.19110
  4722    836.78590      1.58365    174.58990      0.20083
  4742    795.44900      1.92655    190.62640      0.28022
  4762    725.46140      2.19545    211.08400      0.29656
  4782    649.76890      2.39099    226.01420      0.43651
  4802    499.28040      2.58902    245.84240      0.59370
  4822    443.57300      2.56998    251.06520      0.66541
  4842    430.79530      2.59021    247.72910      0.67623
  4862    427.80490      2.59377    251.07890      0.70602
  4879    367.48720      2.46373    273.51280      0.75749
  4897    326.05160      2.37839    289.29430      0.72445
  4917    316.44520      2.41732    292.57980      0.66891
  4937    272.69800      2.32833    296.08280      0.66150
  4957    251.78770      2.24535    303.67760      0.68746
  4976    261.71490      2.23985    305.58570      0.69872
