   174      0.00000      0.00000    234.72540      0.34973
   225      0.00000      0.00000    213.33270      0.21992
   262      0.00000      0.00000    213.97600      0.21289
   307      0.00000      0.00000    213.63870      0.20618
   348      0.00000      0.00000    208.98190      0.21180
   385      0.00000      0.00000    209.68790      0.23265
   425      0.00000      0.00000    208.86510      0.20890
   463      0.00000      0.00000    207.36710      0.22022
   502      0.00000      0.00000    209.50650      0.23640
   541      0.00000      0.00000    215.43120      0.23150
   580      0.00000      0.00000    210.75140      0.21894
   619      3.63070      0.00745    208.85870      0.20206
   658      8.40827      0.01510    208.38130      0.22332
   695     13.27477      0.02123    205.98610      0.23659
   735     18.51826      0.02843    204.29030      0.24859
   774     23.30536      0.03596    205.58030      0.23447
   813     27.63133      0.04363    207.07510      0.21360
   852     32.99993      0.05139    203.15580      0.21802
   890     39.45963      0.05838    198.95590      0.25449
   929     44.59558      0.06753    201.47610      0.24308
   966     49.25033      0.07391    201.55010      0.24685
  1006     54.35406      0.08369    206.76450      0.22596
  1044     58.88622      0.09309    206.94970      0.22588
  1084     64.34000      0.09887    206.30680      0.21050
  1123     72.51142      0.10674    191.43590      0.20600
  1162     73.97900      0.12774    211.35390      0.24259
  1201     85.49932      0.12970    185.41330      0.18306
  1240     88.20370      0.13833    190.08510      0.19296
  1279     94.94912      0.13799    189.39760      0.19837
  1318    102.52580      0.14576    183.85110      0.16691
  1357    107.51620      0.16598    197.24300      0.19192
  1396    110.04280      0.16838    207.32970      0.20089
  1434    115.31670      0.17591    213.40980      0.20181
  1473    117.15380      0.18384    220.56090      0.22336
  1513    115.69080      0.23344    221.44430      0.28386
  1551    109.09600      0.25182    229.78320      0.19410
  1590    115.79840      0.26214    231.35040      0.21265
  1629    122.54560      0.27306    229.49970      0.30838
  1668    141.64700      0.25092    221.48540      0.27511
  1707    149.95750      0.25175    212.06950      0.29139
  1746    163.19400      0.28033    181.70960      0.25173
  1784    129.26360      0.37138    237.76050      0.31638
  1823    125.17060      0.45478    229.27300      0.45647
