  2511    161.03680      1.70692    275.57090      0.51034
  2568    272.85910      2.07808    227.95220      0.77410
  2609    389.02310      2.11325    269.19940      0.48772
  2646    255.35610      2.00332    272.31840      0.54920
  2686    238.68670      1.97831    269.63080      0.62500
  2724    210.72980      1.88277    277.38370      0.66120
  2762    204.15260      1.88117    276.35650      0.68545
  2801    283.47810      2.09494    244.11360      0.71008
  2839    409.01460      2.30473    209.71160      0.61716
  2881    539.66470      2.20607    176.59970      0.28569
  2917    469.87300      2.29562    208.19420      0.39603
  2949    366.49400      2.30709    203.68130      0.59178
  2988    478.91610      2.32565    212.82410      0.35195
  3027    279.06010      2.13178    256.82890      0.76914
  3066    185.96530      1.76851    291.74580      0.64130
  3103    192.89310      1.78637    294.05130      0.62566
