   839    301.49210      2.35713    265.60890      0.67917
   896    335.81730      2.48431    248.99810      0.76143
   933    599.07940      2.65207    212.80190      0.46977
   971    747.97470      2.19004    224.45510      0.37044
  1016    849.94890      1.58011    212.62160      0.46171
  1058    285.62580      2.35604    253.26670      0.73828
  1098    248.96980      2.23159    261.05650      0.76792
  1141    259.64520      2.30061    258.49300      0.75572
  1181    314.30760      2.45847    264.47870      0.58992
  1220    427.14360      2.63452    259.95400      0.55749
  1258    294.71000      2.43725    251.69550      0.69950
  1299    388.47850      2.61942    224.20880      0.72527
  1337    256.30290      2.28640    252.35660      0.59625
  1376    556.14280      2.63569    229.98250      0.43443
  1415    441.86920      2.67105    229.10570      0.56979
  1454    670.21280      2.45367    158.45210      0.28850
  1487    286.61060      2.42786    228.86580      0.67828
  1527    419.66240      2.66661    181.17290      0.59326
  1566    324.22570      2.51703    205.96080      0.66240
  1606    643.74030      2.42304    184.53790      0.49196
  1640    596.99270      2.53258    197.46590      0.58975
  1700    664.59010      2.45211    192.57950      0.30040
  1742    668.87570      2.41109    184.14850      0.29368
  1775    776.16410      1.90727    176.62390      0.25962
  1815    854.55430      1.41057    137.28200      0.19831
  1854    641.92770      2.55549    167.57040      0.22536
  1893    498.84150      2.71910    119.26460      0.37472
  1932    683.28020      2.50723    116.19500      0.16233
  1971    710.12320      2.47285    124.40720      0.17327
  2010    648.04910      2.54457    198.59410      0.55752
  2048    731.41790      2.16663    189.74680      0.45632
  2087    811.25080      1.66038    170.10460      0.40104
  2126    672.16050      2.41485    216.62600      0.30736
  2165    498.00820      2.68682    214.21480      0.29889
  2204    407.35420      2.61220    215.60650      0.42535
  2243    409.87740      2.62309    215.67380      0.46296
  2282    363.62360      2.54724    222.88670      0.55272
  2323    456.69080      2.65011    217.91980      0.49284
  2363    386.62170      2.58280    241.82800      0.51511
  2402    416.05950      2.49599    259.87150      0.38681
  2441    498.84990      2.52585    257.38680      0.35282
