   230    279.70940      1.04950      0.00000      0.00000
   400    282.58380      1.15218      0.00000      0.00000
   600    371.60950      1.05311      0.00000      0.00000
   810    336.21920      1.28011      0.00000      0.00000
   990    319.54480      1.41286      0.00000      0.00000
  1190    298.58640      1.54663      0.00000      0.00000
  1390    432.34920      1.39891      0.00000      0.00000
  1590    446.50430      1.42812      0.00000      0.00000
  1790    458.23220      1.55847      0.00000      0.00000
  1990    528.41910      1.42725      0.00000      0.00000
