   165      0.00000      0.00000    201.29030      0.21894
   198      0.00000      0.00000    214.98530      0.30686
   244      0.00000      0.00000    188.93580      0.26983
   274      0.00000      0.00000    181.91720      0.22918
   313      0.00000      0.00000    184.43660      0.25961
   352      0.00000      0.00000    197.21300      0.29449
   385      0.00000      0.00000    182.50100      0.24440
   424      0.00000      0.00000    193.23560      0.26693
   463      0.00000      0.00000    206.03420      0.25709
   502      3.69294      0.00751    207.71120      0.19528
   541      8.10331      0.01467    200.40280      0.17755
   580     12.69355      0.02131    202.35030      0.20091
   620     18.67690      0.02892    199.78190      0.20586
   657     23.36170      0.03740    201.49750      0.24496
   696     27.72962      0.04388    202.81910      0.23373
   735     33.43452      0.04884    208.24640      0.21643
   774     38.26744      0.05986    206.94920      0.22495
   811     43.25833      0.06773    207.77720      0.28406
   850     48.49531      0.07621    211.98000      0.22442
   888     53.36523      0.08027    212.88960      0.26103
   927     58.42347      0.09345    218.33250      0.25693
   965     63.89262      0.09690    216.24270      0.26065
  1004     70.35010      0.11015    206.61990      0.24708
  1043     76.58059      0.11566    206.55180      0.22804
  1083     82.51985      0.12142    203.95930      0.23073
  1122     87.99120      0.13716    204.44950      0.22160
  1161     93.99643      0.14049    206.14100      0.23917
  1200     99.40847      0.14165    206.46280      0.23005
  1239    105.26580      0.14560    208.62360      0.23578
  1278    108.84940      0.15321    207.08690      0.26297
  1317    114.69920      0.17247    208.30060      0.26993
  1356    114.18890      0.20304    216.87300      0.29862
  1394    105.93120      0.23277    219.29280      0.31566
  1433    120.45560      0.22129    217.99020      0.27835
  1472    115.25780      0.25881    219.83800      0.30854
  1510    120.15270      0.27172    225.20000      0.25613
  1549    132.89090      0.25652    219.17380      0.39511
  1588    145.06160      0.25284    224.76030      0.34551
  1627    141.70480      0.28211    226.61370      0.34888
  1666    108.29920      0.46009    231.83250      0.34138
  1705    130.57120      0.45046    227.86200      0.32444
  1744    120.85410      0.49482    227.59780      0.35164
  1783    116.30390      0.51764    231.78160      0.35746
  1822    127.46430      0.52448    234.64940      0.39166
