   151      0.00000      0.00000    221.89300      0.33155
   190      0.00000      0.00000    222.71270      0.31408
   229      0.00000      0.00000    212.89300      0.23362
   267      0.00000      0.00000    214.91120      0.19461
   304      0.00000      0.00000    213.96690      0.19527
   344      0.00000      0.00000    210.38260      0.19122
   384      0.00000      0.00000    209.60660      0.23390
   423      0.00000      0.00000    209.64740      0.20547
   462      0.00000      0.00000    207.57960      0.21941
   501      0.00000      0.00000    209.04120      0.24593
   540      0.00000      0.00000    215.37620      0.22534
   579      0.00000      0.00000    211.43350      0.20835
   618      3.51912      0.00734    208.96910      0.19791
   655      8.01817      0.01421    209.23720      0.20470
   698     13.71603      0.02290    206.50910      0.22853
   737     18.63122      0.02948    204.60430      0.23401
   775     23.43368      0.03727    205.79600      0.23102
   814     27.88535      0.04239    207.03750      0.20743
   853     33.16823      0.05002    203.39300      0.20869
   891     39.60159      0.06185    198.61860      0.24885
   931     44.80106      0.07119    201.47270      0.23871
   970     49.66954      0.07661    202.21650      0.24441
  1007     54.33711      0.08340    206.82830      0.23191
  1046     59.48003      0.09387    206.01310      0.22609
  1085     64.32773      0.10191    205.96660      0.22054
  1124     72.81677      0.11020    191.41560      0.20323
  1163     73.40730      0.13156    212.01270      0.24479
  1202     85.80812      0.12436    185.73940      0.18814
  1241     88.21407      0.13425    190.03530      0.19412
  1280     95.05624      0.14025    189.09110      0.19181
  1319    102.93370      0.14211    183.70850      0.15380
  1358    107.83950      0.15450    197.55540      0.18391
  1397    109.79270      0.16896    207.73480      0.20441
  1435    114.88790      0.17242    213.42820      0.20969
  1474    117.21280      0.18122    220.70990      0.22373
  1512    117.31360      0.21828    221.93570      0.27553
  1553    109.04740      0.24877    230.23440      0.19633
  1591    114.89650      0.26413    231.43450      0.21239
  1630    124.05570      0.26711    227.43150      0.32669
  1669    142.29320      0.24646    219.82850      0.28532
  1708    150.42860      0.25531    212.71370      0.30190
  1747    162.97530      0.27879    181.82620      0.25284
  1786    129.52790      0.37692    238.66660      0.34611
  1825    124.38850      0.45506    230.39000      0.44342
