  2509    161.05430      1.70601    276.66940      0.49619
  2556    211.18280      1.90150    241.31170      0.73612
  2595    401.80250      2.13663    269.03570      0.51245
  2633    264.97190      2.02042    268.92900      0.58601
  2676    196.13510      1.80713    271.02940      0.62115
  2714    211.30690      1.88714    276.53390      0.63213
  2753    214.64590      1.90412    274.43250      0.69944
  2792    237.38960      1.97266    257.14200      0.74087
  2831    459.15630      2.28411    208.83460      0.37238
  2870    533.08380      2.22944    173.98890      0.30351
  2907    704.62660      1.53282    189.82140      0.23570
  2965    412.77990      2.32708    213.57000      0.51954
  3004    492.75940      2.33792    209.79500      0.29151
  3045    194.43750      1.80903    286.18810      0.69534
  3085    187.88350      1.78340    296.46940      0.63909
