   832    310.21520      2.38246    288.94980      0.80620
   872    335.87100      2.45977    284.57440      0.77457
   911    313.77110      2.37724    282.86650      0.75114
   950    305.69570      2.38155    290.35400      0.69189
   989    285.36440      2.33682    285.92900      0.63590
  1028    309.50940      2.40320    273.86780      0.60478
  1067    354.57260      2.52578    256.00140      0.55812
  1106    377.66980      2.58739    248.55380      0.51323
  1145    310.12350      2.43196    259.47560      0.68313
  1184    332.68750      2.50834    252.98140      0.54357
  1223    304.65580      2.43565    243.53730      0.70962
  1262    467.77950      2.69333    209.64700      0.43035
  1301    375.39420      2.59308    222.97120      0.50249
  1340    257.22370      2.30437    267.39220      0.52091
  1377    210.86020      2.15366    272.38530      0.48375
  1416    207.02380      2.09677    275.13940      0.46414
  1454    203.02470      2.13886    281.00210      0.45802
  1493    359.35700      2.55900    244.10020      0.48801
  1532    205.38730      2.10646    270.32880      0.54764
  1571    234.69990      2.22628    274.62660      0.45270
  1609    314.08240      2.49006    224.79690      0.72598
  1648    297.97800      2.42574    249.22930      0.53578
  1687    197.13800      2.08778    271.41420      0.59079
  1725    269.04970      2.32872    195.32110      1.00345
  1765    889.37520      1.35088    101.44990      0.12347
  1814    861.92830      1.57485    107.02600      0.12369
  1847    764.31040      2.14253    121.51780      0.13835
  1883    313.70090      2.46672    180.72130      0.80041
  1924    239.28270      2.20358    273.85860      0.43846
  1965    193.78390      2.02996    271.76520      0.46725
  2004    459.47720      2.65062    114.64130      0.49926
  2042    315.08170      2.44584    159.59920      0.86714
  2081    229.12100      2.18253    226.19990      0.90218
  2119    246.36560      2.26851    195.26340      0.91901
