   181      0.00000      0.00000    229.22170      0.34792
   227      0.00000      0.00000    213.74990      0.22949
   264      0.00000      0.00000    214.34690      0.21188
   297      0.00000      0.00000    212.55680      0.18972
   336      0.00000      0.00000    210.38940      0.19113
   375      0.00000      0.00000    209.54420      0.24750
   414      0.00000      0.00000    209.56270      0.22482
   453      0.00000      0.00000    207.62130      0.22888
   491      0.00000      0.00000    206.93850      0.23746
   529      0.00000      0.00000    216.20960      0.23530
   568      0.00000      0.00000    211.03630      0.22775
   607      2.38888      0.00521    208.77290      0.19627
   643      6.43535      0.01183    209.25750      0.20417
   681     11.22724      0.01939    208.49640      0.20110
   720     16.82602      0.02672    202.27510      0.25887
   759     21.37153      0.03458    205.02620      0.22044
   798     25.93059      0.04149    206.82950      0.20769
   836     31.04428      0.04825    203.57600      0.22207
   873     36.50558      0.05396    202.41640      0.21743
   912     42.93335      0.06499    200.18350      0.25330
   951     47.07800      0.07404    203.12100      0.24693
   990     52.75690      0.07679    206.51630      0.24803
  1029     57.28767      0.09322    206.44920      0.22943
  1068     63.64513      0.09555    202.74270      0.24848
  1107     66.60343      0.10741    206.10900      0.20753
  1145     76.40971      0.11680    189.58030      0.19985
  1185     77.73471      0.13376    206.23940      0.26265
  1223     88.07883      0.13464    182.19280      0.20543
  1262     92.37503      0.13976    189.48350      0.20703
  1301     97.67828      0.14377    188.59910      0.17795
  1340    104.91920      0.14838    184.21860      0.17328
  1379    105.87030      0.16427    206.11520      0.19211
  1418    113.02010      0.16796    211.20660      0.18855
  1456    115.78100      0.17755    218.43470      0.19675
  1495    120.23240      0.18713    222.61890      0.23736
  1534    111.28310      0.25271    223.03430      0.29449
  1573    111.25330      0.26354    230.19730      0.20411
  1611    114.16530      0.26863    234.44510      0.20867
  1650    133.64050      0.24296    217.49550      0.29385
  1689    156.67160      0.23549    197.94590      0.26435
  1728    161.44820      0.25269    184.38300      0.26668
  1766    140.86460      0.37175    218.59660      0.42269
  1805    131.60350      0.43730    231.16320      0.41140
