   169      0.00000      0.00000    237.11260      0.33265
   222      0.00000      0.00000    213.37590      0.24075
   265      0.00000      0.00000    214.38660      0.21068
   311      0.00000      0.00000    212.46450      0.18927
   357      0.00000      0.00000    209.74980      0.22575
   397      0.00000      0.00000    209.88560      0.21873
   437      0.00000      0.00000    207.90860      0.22274
   477      0.00000      0.00000    208.50750      0.21601
   518      0.00000      0.00000    214.44370      0.23480
   560      0.00000      0.00000    212.75260      0.22158
   601      1.71411      0.00380    209.01050      0.20977
   642      6.44615      0.01188    208.93790      0.22062
   688     12.16548      0.02035    207.75950      0.22273
   729     17.92369      0.02853    202.73650      0.25687
   772     23.01666      0.03709    206.01480      0.22250
   812     27.54467      0.04213    207.10650      0.20198
   851     32.88987      0.04947    203.35830      0.21330
   892     39.78057      0.06106    198.59040      0.24595
   932     45.00377      0.06908    201.70200      0.23627
   974     50.18248      0.07873    203.70960      0.24706
  1014     56.12241      0.08372    204.29510      0.25056
  1054     61.75758      0.09977    202.15110      0.25429
  1095     65.09306      0.10204    207.79180      0.18802
  1134     75.44913      0.10840    187.52810      0.20015
  1174     70.59499      0.13502    218.92210      0.21189
  1213     85.97612      0.13257    183.98750      0.19704
  1253     91.36342      0.13971    185.31170      0.21351
  1292     94.40514      0.14670    191.20380      0.18602
  1331    105.38350      0.14821    179.57660      0.17182
  1370    105.63800      0.16134    203.91490      0.18763
  1410    110.35560      0.17768    211.18200      0.19584
  1449    112.85190      0.16968    216.42370      0.20224
  1489    119.31980      0.19269    222.36440      0.23975
  1529    111.96050      0.24661    222.34730      0.30641
  1568    110.87490      0.25003    234.15680      0.20343
  1607    113.87490      0.26979    235.15300      0.19967
  1646    133.80140      0.24127    214.57630      0.28519
  1688    156.24910      0.23510    197.54120      0.26175
  1727    159.96250      0.26948    185.67290      0.28295
  1768    140.06040      0.36225    225.69000      0.41042
  1807    134.43830      0.42036    228.05760      0.42991
