   170      0.00000      0.00000    203.31930      0.22168
   201      0.00000      0.00000    220.65210      0.30207
   240      0.00000      0.00000    191.80430      0.27585
   283      0.00000      0.00000    182.86500      0.21856
   322      0.00000      0.00000    182.80200      0.19298
   361      0.00000      0.00000    201.68630      0.27651
   400      0.00000      0.00000    184.31540      0.19127
   436      0.00000      0.00000    203.03980      0.26131
   473      0.57041      0.00124    208.79620      0.22792
   509      4.31427      0.00820    204.94280      0.20441
   549      8.96697      0.01610    201.62020      0.19632
   588     14.01776      0.02228    198.06880      0.18655
   627     19.50993      0.03017    200.76480      0.20669
   667     24.27570      0.03815    203.55830      0.23972
   708     29.67968      0.04329    205.04140      0.23805
   746     35.05884      0.05105    208.10610      0.21808
   785     39.68885      0.06151    205.17850      0.25532
   824     44.49574      0.07024    208.30480      0.25434
   863     50.07143      0.07552    211.52100      0.24256
   902     54.95111      0.08763    212.85800      0.27918
   941     60.51622      0.09302    206.77860      0.34975
   980     65.80129      0.10575    217.13880      0.24802
  1019     72.31998      0.10832    205.84330      0.23506
  1058     79.10506      0.11493    206.08790      0.22758
  1096     84.52483      0.12491    202.84590      0.23652
  1135     89.57075      0.14125    205.83570      0.21191
  1174     95.73884      0.13670    206.70700      0.21469
  1213    101.41620      0.14510    206.41880      0.22634
  1251    106.22660      0.15716    208.61090      0.24246
  1288    110.41180      0.16287    207.44260      0.27436
  1327    115.70420      0.17615    207.12780      0.29645
  1366    109.48580      0.20854    222.05690      0.29816
  1404    107.08100      0.23173    219.64690      0.30245
  1444    119.05640      0.22057    217.23810      0.29860
  1483    117.10680      0.26474    222.97210      0.28290
  1523    121.31920      0.27719    226.26640      0.25622
  1560    139.30160      0.24204    228.51630      0.30630
  1599    147.53550      0.24097    225.82020      0.34948
  1637    125.95180      0.36339    228.41800      0.36795
  1674    119.22060      0.43693    230.57990      0.34737
  1713    129.03070      0.45835    228.19060      0.33848
  1752    110.11530      0.50996    230.16000      0.38173
  1791    123.11890      0.51575    231.63860      0.34334
  1830    140.05610      0.50971    230.13640      0.37019
