  2525    154.39980      1.71348    273.68440      0.52782
  2567    270.39590      2.07141    225.70220      0.78603
  2612    372.04050      2.10487    269.79380      0.48817
  2648    247.42860      1.98541    274.02270      0.55275
  2687    238.14280      1.95496    271.23310      0.60225
  2726    211.52530      1.89522    276.44690      0.65383
  2766    193.18980      1.81920    278.53830      0.66112
  2805    343.62380      2.20334    232.51190      0.63085
  2844    326.54460      2.22840    214.99520      0.77528
  2883    555.60910      2.17293    177.46920      0.26763
  2922    437.97630      2.31716    206.93770      0.42816
  2944    390.72180      2.32500    191.20390      0.52289
  2986    484.66780      2.31357    211.65120      0.34106
  3024    351.48150      2.28352    236.66170      0.69265
  3063    184.47420      1.75740    295.40840      0.59788
  3101    191.87990      1.78917    291.64590      0.66055
