   164    165.38890      1.49056    221.97990      0.61924
   188    163.91720      1.48986    224.82740      0.60755
   204    138.51480      1.45104    223.87030      0.59219
   225    115.78780      1.38724    218.49940      0.60462
   245    151.18160      1.50675    208.12500      0.59076
   266    188.98880      1.56919    205.56520      0.53170
   286    248.71110      1.64908    205.49450      0.49237
   306    292.89140      1.66533    210.61620      0.45661
   327    329.26350      1.65971    211.66240      0.45445
   347    341.47550      1.65949    211.36420      0.45803
   367    372.58450      1.63637    210.27930      0.46461
   387    406.24080      1.58249    207.91060      0.47438
   407    413.78510      1.57713    205.39850      0.47832
   427    401.64990      1.61796    202.90460      0.50876
   447    399.58010      1.64758    202.45420      0.51849
   467    403.51830      1.64577    200.71310      0.52245
   487    398.24850      1.65918    196.78250      0.52718
   507    383.31160      1.70155    193.46140      0.52783
   527    367.08100      1.72242    192.89450      0.53611
   547    339.87660      1.74484    199.21680      0.55184
   567    288.30730      1.75014    206.94900      0.56179
   587    201.62450      1.65384    215.16900      0.60540
   607    144.80830      1.55175    223.74800      0.65052
   627    106.28830      1.41978    230.99510      0.65250
   647    108.68650      1.44531    235.76140      0.64531
   667     97.53850      1.39012    240.23290      0.64104
   687    104.08930      1.42280    238.84170      0.61547
   707    113.41320      1.45652    232.60350      0.62401
   727    121.54450      1.48539    226.31870      0.61058
   747    123.57900      1.51898    224.59820      0.61530
   765    111.44130      1.46196    225.86740      0.64474
   784     95.57339      1.41026    231.03500      0.65877
   804     93.63937      1.40780    235.39490      0.65369
   824     91.91834      1.39299    236.89620      0.65352
   844    103.76540      1.44143    236.63540      0.62254
   865    108.92480      1.45108    236.98930      0.59259
   885    137.38260      1.56536    234.93500      0.56561
   905    129.86840      1.53304    236.78720      0.57149
   926    112.69670      1.51040    232.61340      0.60222
   946    107.79490      1.49969    230.88670      0.62845
   965    110.84260      1.49755    225.66240      0.65192
   985    104.71710      1.46793    226.84100      0.64989
  1006     98.92298      1.45527    229.32500      0.66191
  1026     90.26894      1.42908    235.34310      0.63696
  1046     81.78734      1.35061    241.25690      0.59762
  1066     82.92714      1.40728    240.96830      0.61491
  1087     84.56029      1.41908    240.47960      0.59116
  1107     83.39575      1.38602    239.95260      0.59003
  1127     83.53246      1.38816    241.29400      0.58203
  1147     85.93150      1.42290    243.44160      0.59341
  1165     83.41466      1.43813    244.49400      0.55845
  1185     89.37577      1.41106    245.66110      0.56141
  1205    134.19520      1.63174    250.20470      0.47747
  1226    108.22780      1.52277    246.62260      0.56699
  1246    141.49670      1.63822    250.12950      0.49444
  1266    151.89480      1.68599    249.65650      0.49892
  1286     91.75892      1.46601    246.20810      0.57871
  1306     84.47278      1.42156    245.75120      0.60597
  1327     83.31802      1.43747    244.49330      0.63058
  1347     84.60063      1.41633    245.60530      0.60753
  1367     80.95010      1.42076    246.64850      0.61030
  1388     83.54906      1.43807    245.82090      0.62060
  1408     87.26069      1.44973    245.06210      0.64671
  1428     84.09710      1.44004    245.88690      0.61545
  1448     86.53506      1.44938    246.31460      0.62613
  1469     86.47765      1.46669    245.90110      0.62587
  1489     91.12926      1.49631    246.97260      0.60663
  1509     86.21405      1.45219    245.70430      0.62882
  1529     88.66959      1.47895    247.39100      0.60618
  1549     87.01462      1.47360    247.18500      0.66599
  1569     86.52664      1.47271    247.86560      0.65030
  1591     88.59700      1.49542    248.77520      0.67279
  1611     86.23750      1.47071    248.58470      0.66729
  1632     88.79624      1.48134    250.45790      0.64558
  1652     85.82651      1.45618    252.73600      0.65463
  1672     91.05745      1.47770    254.76370      0.64997
  1693     86.52066      1.49110    254.16770      0.67451
  1713     93.67719      1.54091    257.38700      0.63983
  1733    121.95290      1.59404    265.01540      0.48422
  1753    173.21660      1.64286    268.52860      0.36167
  1773    179.99600      1.66299    268.53340      0.36135
  1793    179.87280      1.64979    269.41370      0.36355
  1813    181.69290      1.64086    269.29260      0.34535
  1833    179.71600      1.59276    267.46500      0.34858
  1853    176.35650      1.61140    268.90800      0.35437
  1873    159.84730      1.62539    269.02510      0.37548
  1893    170.31740      1.71088    267.46790      0.37624
  1913    176.56670      1.66807    266.87700      0.37208
  1933    181.02240      1.66166    266.94670      0.36586
  1953    156.66450      1.62092    265.28810      0.41161
  1973    106.36430      1.59266    260.07190      0.59026
  1993     89.43838      1.51693    254.10630      0.70596
  2013     93.24509      1.56644    253.69340      0.70169
  2033     93.02631      1.56584    255.58280      0.64279
  2053     88.07755      1.50630    254.65310      0.67249
  2073     96.17097      1.56210    255.27900      0.65496
  2093    101.72890      1.58722    258.32950      0.60318
  2113    142.19580      1.67583    256.54590      0.57403
  2133    187.67170      1.75973    254.49170      0.51436
  2153    231.71950      1.87836    250.77160      0.52839
  2173    298.44170      2.06499    240.49640      0.51987
  2193    369.94810      2.16593    229.44190      0.45746
  2213    451.06110      2.19521    220.19870      0.37048
  2233    484.49700      2.18847    218.07250      0.31280
  2253    486.22200      2.19232    218.82060      0.32626
  2275    434.28450      2.21852    225.60530      0.36330
  2295    425.15970      2.22107    225.72470      0.37431
  2315    376.66280      2.21156    230.58250      0.46062
  2335    369.16960      2.20588    230.30620      0.49896
  2354    338.82820      2.17970    235.18240      0.50223
  2374    351.24270      2.18769    234.17340      0.46576
  2395    313.01530      2.14167    239.93360      0.46748
  2415    239.14110      2.02828    242.93700      0.54924
  2435    178.74170      1.92064    226.75530      0.72617
  2455    151.87780      1.83709    211.78500      0.76467
  2475    251.22710      2.13691    193.50270      0.66966
  2496    417.13890      2.29112    171.69170      0.45293
  2515    538.51900      2.18869    160.24360      0.21732
  2536    555.18480      2.17341    157.32150      0.18963
  2556    590.13550      2.07242    160.84260      0.19399
  2576    604.14070      2.01566    167.67160      0.21345
  2596    592.66200      2.05928    186.38170      0.27887
  2615    548.89750      2.20053    208.10700      0.24953
  2635    474.83380      2.28833    218.36160      0.26511
  2655    461.94110      2.29136    223.51230      0.28362
  2675    534.29250      2.22249    224.07100      0.26013
  2695    523.82770      2.22824    231.45760      0.27800
  2715    383.23490      2.29668    239.17850      0.33111
  2735    330.71380      2.27255    241.00020      0.35207
  2755    384.22180      2.30794    235.86850      0.36408
  2775    478.98940      2.30611    214.72710      0.41687
  2795    564.95200      2.19615    191.76840      0.35710
  2815    560.25090      2.24014    184.70330      0.35452
  2835    567.20820      2.22146    189.59760      0.33317
  2855    558.93320      2.24727    179.59850      0.30729
  2875    584.17910      2.19706    171.37290      0.27155
  2895    598.09770      2.20700    156.59440      0.20533
  2915    512.10170      2.33276    184.05590      0.39248
  2935    514.68910      2.31955    207.29090      0.41558
  2956    553.54290      2.25244    225.73240      0.29739
  2976    458.22430      2.36202    232.23120      0.34011
  2995    318.54910      2.25183    247.78000      0.35544
  3016    285.30160      2.19358    241.30470      0.32544
  3036    363.34840      2.34227    244.19640      0.33182
  3056    280.35390      2.20648    253.65260      0.36409
  3076    296.59930      2.23409    256.06340      0.35386
  3096    395.48560      2.37072    247.53850      0.33748
  3117    473.78460      2.37477    244.20290      0.31427
  3137    354.80580      2.33095    257.26110      0.35821
  3162    319.14870      2.28872    258.46260      0.36883
  3181    319.59470      2.29408    253.45480      0.38045
  3204    385.66610      2.37925    241.15910      0.34250
  3224    398.09570      2.39990    242.44820      0.34636
  3245    398.73930      2.40065    242.68370      0.36134
  3265    369.18980      2.34432    245.53470      0.38718
  3281    342.94600      2.32167    243.06670      0.43446
  3301    354.88100      2.35580    232.39330      0.54225
  3321    311.76350      2.30693    225.72720      0.59886
  3341    265.67620      2.19159    224.12610      0.64190
  3361    258.94640      2.19510    237.41380      0.67807
  3381    246.12300      2.11909    254.17360      0.58716
  3401    264.89400      2.18923    249.33030      0.60385
  3421    282.05090      2.25109    243.89230      0.63229
  3441    268.80590      2.20082    248.69520      0.59823
  3461    266.48960      2.21642    256.97260      0.53639
  3481    277.78450      2.22006    265.64370      0.42747
  3502    265.09310      2.23151    270.53700      0.43648
  3522    158.58860      1.89723    273.32290      0.47225
  3542     95.02078      1.69033    271.64040      0.67478
  3563    100.08930      1.75723    273.27310      0.64142
  3584     99.79075      1.70266    275.12040      0.60055
  3604    104.52580      1.75979    273.85910      0.62465
  3624    111.57740      1.78102    273.84280      0.58804
  3644    198.26710      2.04429    275.83760      0.43525
  3664    295.68660      2.30116    260.94330      0.32095
  3684    248.85540      2.17764    273.83260      0.40569
  3705    215.64430      2.04907    281.97260      0.39635
  3725    214.47220      2.00912    281.77260      0.42082
  3745    215.30030      2.06001    286.34160      0.43633
  3765    237.72920      2.14089    278.54800      0.58262
  3785    263.67140      2.20830    260.77850      0.66538
  3805    285.81130      2.30559    239.33820      0.73632
  3825    292.52440      2.29699    223.97380      0.71764
  3845    310.92900      2.35527    206.19250      0.70063
  3866    322.67860      2.36074    206.10440      0.72230
  3887    324.21370      2.37641    201.35260      0.72236
  3907    319.09630      2.38868    203.61570      0.75595
  3927    311.19680      2.36761    197.10760      0.71401
  3947    313.02040      2.37540    178.41420      0.65136
  3967    323.85040      2.42077    178.13860      0.58868
  3988    350.76010      2.45603    173.09180      0.52100
  4008    388.80440      2.52332    170.71600      0.48720
  4028    395.29590      2.52843    174.11300      0.50788
  4048    399.05230      2.53639    169.49210      0.52369
  4068    458.91320      2.56458    167.99640      0.47861
  4088    495.92030      2.56410    166.18240      0.39581
  4108    479.51910      2.56497    167.51980      0.39872
  4129    426.20340      2.55860    165.55550      0.38343
  4149    410.14010      2.55249    182.59170      0.45316
  4169    397.76700      2.54127    191.74020      0.47950
  4189    348.53200      2.49052    195.49100      0.62815
  4209    328.48890      2.45757    195.27410      0.69038
  4229    348.72300      2.48037    188.94010      0.71671
  4249    372.62730      2.50420    189.86000      0.65839
  4269    372.46550      2.52647    193.76570      0.69804
  4289    359.99930      2.51034    190.90410      0.71034
  4309    391.58710      2.53967    177.50000      0.63932
  4329    431.92030      2.57266    168.33090      0.52092
  4349    491.41410      2.59841    156.71490      0.43070
  4369    564.68740      2.56416    149.90240      0.37322
  4389    650.28340      2.43658    141.69830      0.24162
  4410    688.64940      2.33285    138.35150      0.20076
  4430    695.67380      2.32549    138.06560      0.18790
  4450    722.29620      2.20105    144.30320      0.20188
  4470    760.18980      2.03283    148.60270      0.19556
  4490    787.00130      1.91134    152.56930      0.20324
  4510    793.57990      1.88240    154.01160      0.19316
  4530    767.37700      2.07258    158.72420      0.21830
  4550    690.43550      2.34092    157.09860      0.23262
  4571    672.31450      2.37463    149.77360      0.22943
  4590    703.41470      2.26751    145.77500      0.18224
  4611    742.03660      2.10434    147.04890      0.17196
  4630    730.75400      2.16730    149.78890      0.17637
  4650    788.19850      1.97200    158.15030      0.19509
  4670    843.14060      1.59440    168.09490      0.19327
  4690    848.33400      1.45772    165.54700      0.19239
  4710    850.27400      1.41159    170.69770      0.18376
  4730    814.11740      1.77859    181.12680      0.23749
  4751    789.75050      1.90603    199.22980      0.28630
  4771    684.46310      2.32334    218.77550      0.37899
  4791    584.67220      2.50422    233.16730      0.48027
  4810    460.07750      2.52617    253.56360      0.64835
  4830    441.23510      2.57770    249.65160      0.68160
  4850    421.99510      2.57959    249.74670      0.69987
  4870    403.19340      2.56051    260.45030      0.74186
  4891    333.52320      2.40015    289.33930      0.70441
  4911    318.22660      2.37468    290.67940      0.71695
  4931    290.52950      2.36022    295.23060      0.64729
  4951    246.61430      2.22168    301.93540      0.64609
  4971    258.14140      2.23818    305.91890      0.69906
  4991    269.97150      2.24685    304.96870      0.72351
