  2515    309.42010      2.26008    283.43820      0.40576
  2557    238.17280      2.10384    293.54110      0.37466
  2594    197.71270      1.95016    292.67030      0.45697
  2633    251.08780      2.11086    290.20140      0.45364
  2672    217.59010      2.00709    296.94930      0.49601
  2711    197.75480      1.90825    297.44910      0.50658
  2750    294.98980      2.22445    292.89720      0.51057
  2789    318.03690      2.29163    301.57100      0.45483
  2828    310.92970      2.30110    300.00470      0.48701
  2867    259.84590      2.15053    301.32190      0.48656
  2906    208.84040      1.97724    293.85470      0.61905
  2945    304.78340      2.28598    256.14810      0.68874
  2984    389.98960      2.46735    222.79920      0.67631
  3023    622.46150      2.43089    104.94210      0.16566
  3062    819.35520      1.64268    101.98780      0.11088
  3101    841.46340      1.40075     99.42488      0.11651
  3140    510.87460      2.56387    106.39720      0.37052
  3180    204.24330      2.01746    272.18900      0.72471
  3219    868.89690      0.80435    102.65510      0.10447
  3257    271.61630      2.23944    268.93060      0.72401
  3293    191.19140      1.93092    313.28880      0.49069
