   826    303.61260      2.37086    262.46710      0.78377
   859    303.57450      2.37223    272.86880      0.66249
   897    333.88670      2.46756    244.80390      0.78483
   936    603.47670      2.64881    215.25170      0.44061
   976    662.73050      2.50440    225.52550      0.35997
  1007    712.91550      2.31527    218.64750      0.44624
  1046    279.96340      2.29472    252.54930      0.73094
  1085    257.11640      2.22425    258.35220      0.77371
  1124    251.89760      2.23509    258.42030      0.77862
  1162    325.75180      2.47193    262.68410      0.63629
  1201    353.47210      2.54509    264.25450      0.52889
  1240    356.74930      2.56162    249.73250      0.68563
  1278    325.37510      2.49672    249.04200      0.70927
  1317    305.60160      2.46956    228.39460      0.75229
  1356    392.51000      2.62697    244.01550      0.46879
  1395    327.90790      2.51030    240.84250      0.53028
  1435    660.14780      2.43668    157.15820      0.39300
  1474    269.23060      2.37545    237.26350      0.65894
  1513    381.54210      2.58173    214.00680      0.67968
  1547    594.91590      2.66266    153.47770      0.29484
  1586    600.43630      2.52676    194.55170      0.47497
  1625    511.74870      2.64530    193.02190      0.64921
  1664    374.04630      2.54093    219.80640      0.67817
  1699    669.26090      2.46690    191.75080      0.28614
  1734    817.67500      1.66090    182.27590      0.24224
  1787    801.73080      1.84224    152.18140      0.27392
  1826    853.51450      1.42240    142.81710      0.20467
  1867    455.75290      2.67024    173.88730      0.61533
  1908    667.16330      2.56609    114.70110      0.21139
  1947    551.72820      2.69155    139.45120      0.39560
  1986    660.40400      2.42110    175.76280      0.52368
  2031    468.98480      2.62514    207.11200      0.62152
  2072    741.05940      2.13736    193.77530      0.44748
  2111    817.02930      1.54345    193.44690      0.36314
  2150    682.71620      2.44320    213.39950      0.24011
  2189    438.66770      2.65720    218.12930      0.39259
  2228    343.21870      2.48036    228.10050      0.52334
  2267    451.61770      2.67036    208.81810      0.42975
  2305    400.14350      2.61069    211.32040      0.50620
  2343    421.01790      2.59324    232.78550      0.56846
  2382    400.26150      2.47828    256.75950      0.32806
  2422    555.90830      2.45818    257.32600      0.32349
