   160      0.00000      0.00000    230.83020      0.36205
   219      0.00000      0.00000    212.78680      0.24964
   251      0.00000      0.00000    214.04500      0.21659
   290      0.00000      0.00000    211.84790      0.19887
   329      0.00000      0.00000    210.59860      0.20984
   368      0.00000      0.00000    209.90450      0.24807
   405      0.00000      0.00000    209.26220      0.22574
   441      0.00000      0.00000    207.98440      0.22292
   480      0.00000      0.00000    207.99060      0.20921
   519      0.00000      0.00000    214.54770      0.24790
   557      0.00000      0.00000    212.80580      0.21988
   597      1.38062      0.00313    209.30810      0.22053
   633      5.30035      0.01015    208.76420      0.21576
   672     10.08872      0.01735    208.59120      0.20215
   710     15.11771      0.02487    205.61530      0.23261
   749     20.19196      0.03144    204.67500      0.23382
   788     24.94784      0.03779    205.82310      0.22900
   827     29.59748      0.04566    206.62540      0.20745
   867     35.28082      0.05438    203.87780      0.20983
   906     42.01444      0.06165    199.82910      0.24970
   944     46.31010      0.07232    202.72740      0.23964
   983     51.39729      0.07733    206.60730      0.23262
  1023     57.16179      0.08780    205.50560      0.23901
  1062     62.84073      0.10140    201.42100      0.26890
  1101     65.47094      0.10431    207.81240      0.19887
  1138     76.21336      0.11047    187.82410      0.20358
  1176     72.21976      0.13704    217.42010      0.22819
  1215     86.62339      0.13480    181.87270      0.19594
  1254     91.75867      0.13513    185.59590      0.20997
  1293     94.71285      0.14090    191.64780      0.18447
  1332    105.41710      0.14911    180.23420      0.16275
  1371    105.58710      0.15973    203.89390      0.20283
  1409    110.25420      0.17251    211.39560      0.20035
  1448    113.69370      0.17382    216.86570      0.20929
  1487    119.32490      0.18076    222.49400      0.22576
  1526    111.31810      0.24493    224.65300      0.31880
  1563    109.84070      0.25471    233.05850      0.18617
  1602    113.55420      0.27493    231.00350      0.20663
  1641    136.04630      0.24871    215.61810      0.31407
  1680    151.29860      0.24444    203.59060      0.25404
  1719    154.79240      0.26127    203.42340      0.33187
  1758    149.02430      0.36670    194.83220      0.34545
  1797    125.05880      0.38545    239.22620      0.31318
  1835    121.83430      0.46991    225.76770      0.46892
