   150    383.58940      2.02578    150.28320      0.37146
   176    397.30670      2.01492    152.43390      0.37389
   195    403.11060      2.00669    152.72690      0.38694
   215    398.12440      2.00226    149.28070      0.39688
   235    419.00870      1.98101    147.96990      0.32580
   256    434.25690      1.95756    148.57700      0.31640
   276    456.83470      1.93459    129.25490      0.23112
   296    474.81480      1.87681    143.45920      0.21754
   316    492.01260      1.83854    136.04080      0.22022
   339    505.25120      1.80518    127.91610      0.19990
   359    480.48570      1.85874    130.68160      0.24367
   379    461.03870      1.88090    139.74080      0.30460
   399    443.46930      1.90463    138.54780      0.31934
   419    434.58820      1.90967    139.06270      0.35199
   439    413.44790      1.93121    137.09060      0.38547
   459    353.65400      1.93299    162.20450      0.53021
   479    301.39690      1.90064    178.13720      0.59055
   499    296.77550      1.89394    152.61780      0.47627
   519    277.00330      1.86707    171.09300      0.55151
   539    248.22810      1.81821    184.64790      0.59297
   559    247.97460      1.81690    189.48610      0.55996
   579    268.35590      1.84857    186.28980      0.51101
   598    288.62870      1.86117    162.36070      0.42560
   618    257.86960      1.81424    180.95090      0.51837
   638    223.74730      1.75174    202.29800      0.60148
   658    206.08500      1.72015    203.63000      0.59595
   678    196.71470      1.68614    198.71230      0.54989
   701    165.67560      1.57773    209.90960      0.48148
   721    131.10700      1.45955    238.96720      0.50017
   741    119.63200      1.38632    248.58930      0.49550
   757    146.06760      1.51172    228.37900      0.52842
   778    183.71290      1.63197    229.44610      0.72871
   798    221.50110      1.70362    204.72810      0.79468
   818    235.87470      1.73586    189.47630      0.80164
   837    250.56020      1.75422    175.50860      0.75975
   858    231.45320      1.72111    182.92750      0.83349
   878    222.43640      1.70420    191.97910      0.79951
   898    192.83780      1.64781    198.53190      0.78305
   918    182.44200      1.61114    206.49130      0.81853
   938    168.29040      1.55045    212.52140      0.86301
   958    163.46530      1.54300    217.47770      0.84692
   978    157.50470      1.50660    226.57070      0.79720
   998    146.41280      1.48551    243.33520      0.77605
  1017    140.03900      1.45423    254.73700      0.74374
  1037    139.43820      1.44976    256.64830      0.75301
  1057    134.56540      1.42354    262.90730      0.71821
  1077    133.10570      1.41483    267.19060      0.65936
  1098    120.05070      1.36134    272.75060      0.58889
  1118    124.35770      1.38196    268.89490      0.61769
  1136    134.78380      1.42444    259.14070      0.62096
  1156    148.23270      1.46284    248.06870      0.62639
  1176    156.97520      1.49515    231.54960      0.57516
  1196    163.67360      1.49822    223.71980      0.57024
  1216    173.46720      1.52293    222.33910      0.54884
  1236    190.40690      1.57716    215.42700      0.50817
  1255    201.46940      1.59202    223.69310      0.48095
  1275    185.15300      1.54987    214.48930      0.49056
  1295    180.09790      1.53524    225.70520      0.58533
  1315    191.81230      1.55604    224.72960      0.63434
  1334    257.63360      1.62751    218.32780      0.59351
  1354    310.39730      1.59317    228.99570      0.46568
  1374    314.11310      1.57526    257.99310      0.37932
  1388    287.78560      1.59133    268.68330      0.35875
  1404    315.04460      1.56241    255.44800      0.30288
  1424    309.59090      1.56367    252.29420      0.33512
  1444    250.49270      1.58375    255.20270      0.28643
  1464    221.24650      1.55405    263.39360      0.33089
  1484    225.02250      1.55236    265.22730      0.30013
  1504    206.22510      1.52637    269.06160      0.31569
  1524    169.05860      1.45377    272.81300      0.28805
  1545    122.17860      1.30890    274.67250      0.31602
  1565    105.11650      1.25562    275.86180      0.33831
  1584    104.27740      1.23430    271.95160      0.30377
  1604     98.56623      1.19797    277.67290      0.32090
  1624     96.43311      1.17271    279.65170      0.39444
  1645     99.16804      1.19140    275.73790      0.35781
  1665     99.77532      1.18784    274.64170      0.34505
  1685    100.76550      1.18937    259.59280      0.35820
  1705     97.17422      1.17222    260.06730      0.33081
  1725     93.68391      1.16080    256.97110      0.32430
  1745     90.22798      1.15522    264.47260      0.36534
  1765     86.29572      1.10571    255.93230      0.30312
  1785     86.77276      1.08234    262.75370      0.35950
  1805     96.50263      1.14822    259.90390      0.32533
  1825     87.75212      1.11689    270.18440      0.38241
  1845     80.76195      1.06739    264.11750      0.32818
  1866     78.23239      1.06613    264.73670      0.34616
  1886     76.76431      1.03827    258.16010      0.32980
  1905     76.36185      1.05300    263.69950      0.34200
  1926     76.51311      1.01881    259.69290      0.32559
  1946     79.47575      1.05079    257.59860      0.30507
  1966     75.86578      1.03429    256.24190      0.31212
  1986     78.56552      1.04638    254.58330      0.32246
  2007     81.23251      1.05903    254.45640      0.32797
  2026    148.14060      1.25831    247.14100      0.29941
  2047    264.75860      1.35468    244.44830      0.26712
  2067    309.21910      1.30677    241.08600      0.24903
  2087    322.77120      1.26233    239.29350      0.25099
  2107    302.59690      1.27139    242.97530      0.26435
  2127    337.90880      1.19496    237.82100      0.25349
  2147    330.15910      1.21870    237.48890      0.25435
  2167    319.50950      1.23211    237.77450      0.24974
  2187    325.23770      1.18289    239.53570      0.27154
  2212    335.91150      1.18029    232.32200      0.24994
  2234    332.48550      1.18599    230.75250      0.26341
  2254    321.52400      1.20234    233.89090      0.25767
  2282    324.36980      1.18902    232.39830      0.25276
  2318    345.12850      1.12232    224.91980      0.24901
  2338    326.34630      1.12519    232.82130      0.25805
  2358    341.65770      1.08596    226.98340      0.23780
  2369    332.48070      1.10949    227.48130      0.26240
  2392    305.34570      1.14220    232.20940      0.26754
  2406    307.45160      1.12333    232.02630      0.26216
  2426    306.10080      1.12390    230.72390      0.25622
  2446    301.08310      1.11831    228.27350      0.25368
  2465    290.31470      1.13494    228.63040      0.24758
  2485    294.12600      1.11340    227.50600      0.27164
  2495    299.64620      1.08922    227.03820      0.26417
  2510    309.24180      1.05522    224.30370      0.28919
  2530    304.17110      1.05552    219.88960      0.29893
  2550    309.75060      1.04097    215.68980      0.29560
  2570    323.99600      0.99465    208.92000      0.26292
  2588    332.25320      0.94008    212.97450      0.24988
  2608    344.44830      0.88911    193.88760      0.28805
  2628    333.27130      0.88806    194.02920      0.32675
  2653    332.90230      0.90210    176.26460      0.32832
  2671    328.75410      0.91589    162.38030      0.29680
  2692    329.35120      0.91012    168.03220      0.25985
  2712    352.18930      0.80071    152.95360      0.22969
  2732    377.98360      0.63113    151.52100      0.20346
  2752    376.70050      0.59342    158.13140      0.22001
  2772    369.79240      0.60710    157.12480      0.23735
  2792    362.99390      0.60271    158.18710      0.23941
  2812    362.01430      0.60947    149.06940      0.22118
  2832    360.07010      0.59702    140.39230      0.21572
  2853    355.91620      0.61624    144.24350      0.22430
  2873    358.90790      0.55096    136.59240      0.19260
  2892    358.28990      0.51326    140.92820      0.20161
  2912    352.72450      0.52451    146.07600      0.22270
  2932    350.70260      0.53640    146.15840      0.23180
  2952    349.75740      0.51330    150.57910      0.24861
  2972    349.13110      0.49595    152.27730      0.23328
  2992    349.96130      0.46284    142.88640      0.20983
  3012    341.87440      0.47631    155.26840      0.21061
  3032    335.24340      0.48230    159.07230      0.21200
  3052    332.97890      0.49218    151.83790      0.21187
  3072    329.22420      0.49015    152.76880      0.21404
  3092    329.11600      0.47453    148.36890      0.20669
  3112    328.21460      0.46669    148.55850      0.20383
  3132    327.60560      0.44571    143.99410      0.19798
  3151    325.57110      0.44148    142.24440      0.18889
  3171    323.68990      0.39688    140.76600      0.18678
  3191    319.44480      0.42867    138.70860      0.17772
  3212    315.87930      0.42394    139.76430      0.19010
  3232    311.94910      0.41991    147.19560      0.19671
  3252    308.81590      0.38377    155.35700      0.20793
  3272    305.54070      0.39168    157.59030      0.18537
  3291    303.30980      0.38510    157.32340      0.19108
  3311    299.03370      0.39766    161.75020      0.20067
  3331    297.25910      0.37825    167.26910      0.20312
  3351    294.12140      0.36601    168.72960      0.20630
  3371    290.74810      0.39366    165.29440      0.21950
  3391    290.90430      0.39390    157.44580      0.18489
  3411    290.42170      0.37593    155.39470      0.17172
  3431    288.82350      0.35549    155.09100      0.18008
  3452    286.29460      0.33398    155.60190      0.17907
  3469    281.83050      0.37439    156.55800      0.18451
  3489    278.27300      0.35030    157.19490      0.18092
  3509    274.16960      0.37016    158.27340      0.18827
  3530    271.34980      0.35167    159.16170      0.19727
  3553    267.42210      0.35830    156.80470      0.20777
  3573    258.21820      0.39928    165.77420      0.24208
  3594    250.61250      0.40934    176.88010      0.23029
  3613    243.49420      0.43435    179.80040      0.22109
  3634    234.90790      0.47054    179.67450      0.21539
  3653    227.54220      0.51573    177.75050      0.21684
  3674    219.28980      0.55210    178.55860      0.22230
  3694    211.12910      0.56740    178.88460      0.22403
  3714    199.13240      0.60874    176.57020      0.22937
  3734    177.51290      0.65056    179.34370      0.28523
  3754    143.27440      0.69082    193.72020      0.42008
  3774    115.81950      0.69213    202.14200      0.48310
  3794    118.45290      0.68367    202.04340      0.49245
  3814    113.97050      0.67460    203.34080      0.51342
  3834     99.91959      0.66132    205.90520      0.55112
  3854     96.17651      0.65009    204.44280      0.58705
  3874     94.16646      0.64270    204.32670      0.59399
  3894     73.86150      0.61457    216.45520      0.58654
  3914     58.67802      0.58014    227.12190      0.57499
  3934     65.65507      0.58551    229.41450      0.55959
  3954     66.02628      0.58029    230.12840      0.53376
  3973     57.70004      0.55975    226.81770      0.55883
  3994     73.75710      0.56888    226.15700      0.52085
  4014     86.22647      0.57874    223.31580      0.50968
  4034    109.73140      0.57695    218.21870      0.47579
  4054    135.74590      0.54967    208.51830      0.41957
  4075    136.78570      0.53400    206.44940      0.39185
  4095    143.06680      0.50317    204.14300      0.37243
  4115    112.81010      0.53539    213.20000      0.43254
  4135     95.66396      0.53385    219.17380      0.42047
  4155     95.89629      0.52412    219.63440      0.40920
  4175    105.07200      0.51022    216.87380      0.39884
  4195    121.17600      0.48498    208.43950      0.33973
  4215    127.88590      0.45994    198.07220      0.35229
  4235    130.54880      0.45312    185.78930      0.37395
  4255    128.08600      0.44691    181.15180      0.39312
  4275    114.21120      0.46359    190.30950      0.44776
  4295     84.77712      0.47277    204.00820      0.52181
  4315     51.83771      0.44365    214.21940      0.57136
  4337     41.81593      0.42122    219.41500      0.56467
  4357     48.88868      0.41975    221.56830      0.55649
  4375     60.10621      0.42684    220.65980      0.49422
  4396     62.64603      0.42081    221.28690      0.48632
  4415     54.24587      0.40820    223.79990      0.51908
  4435     57.94077      0.40309    224.42620      0.52286
  4455     78.37888      0.39496    222.30160      0.41362
  4475     66.83546      0.39056    224.55790      0.45856
  4495     84.55521      0.37428    220.10370      0.33895
  4516     92.80486      0.34936    216.18790      0.31430
  4536     93.69553      0.33203    209.70640      0.34850
  4556     93.65685      0.31299    208.43570      0.34671
  4576     80.90032      0.33215    218.05030      0.35676
  4596     68.46093      0.33655    219.96740      0.43977
  4616     62.18521      0.32917    220.55780      0.48400
  4636     68.26012      0.31345    222.78080      0.38550
  4656     69.54589      0.30332    222.34760      0.35395
  4676     67.33967      0.29679    222.81490      0.35759
  4697     71.68434      0.28468    218.84880      0.34031
  4718     82.44492      0.25679    192.64240      0.30883
  4738     82.94019      0.24606    182.29500      0.25787
  4758     76.14135      0.25669    186.49050      0.31966
  4778     56.05564      0.26735    202.02360      0.44270
  4798     37.62681      0.25633    215.00500      0.51565
  4818     47.05873      0.25017    213.42450      0.47502
  4838     65.48848      0.21484    204.34510      0.37886
  4858     69.49728      0.18713    192.96970      0.34113
  4878     68.29026      0.17368    185.40520      0.30762
  4899     64.69630      0.17389    178.90770      0.27947
  4918     63.67604      0.16373    172.23860      0.23175
  4938     66.54587      0.13377    167.06450      0.16355
  4958     64.96919      0.12020    163.54670      0.17207
  4979     60.96481      0.12280    161.22940      0.15086
  4999     57.28317      0.12118    161.19290      0.17285
