   831    298.56740      2.34284    269.11660      0.69168
   889    321.71840      2.42884    236.35430      0.85026
   928    552.13680      2.68863    212.25890      0.49426
   969    791.21230      1.94452    223.04190      0.35767
  1024    777.86010      2.14960    214.16490      0.49111
  1067    264.23760      2.24697    255.26240      0.81526
  1104    250.06940      2.21052    259.06590      0.76990
  1145    270.59360      2.33074    258.86670      0.72785
  1186    331.83010      2.48193    261.77570      0.59036
  1226    420.97570      2.63420    258.37390      0.56611
  1265    268.28220      2.32504    256.23470      0.69083
  1307    423.28800      2.64753    222.72580      0.66026
  1347    338.66370      2.55378    247.05300      0.45272
  1388    457.14330      2.68215    226.72590      0.48821
  1424    351.52470      2.56599    225.65050      0.62721
  1463    520.48160      2.67887    186.31620      0.55820
  1496    352.55280      2.59383    201.07370      0.73739
  1536    537.83930      2.69807    160.98600      0.41727
  1575    376.00930      2.56110    214.92870      0.64213
  1614    617.62130      2.49135    192.00230      0.57363
  1656    296.84230      2.42258    225.98030      0.76133
  1693    685.16700      2.50810    185.08160      0.29671
  1736    779.90480      1.91126    183.50240      0.24686
  1783    768.71880      1.99168    168.34150      0.28603
  1822    846.58360      1.42379    142.79580      0.20532
  1861    516.50510      2.68718    172.45600      0.46696
  1900    536.29500      2.70953    122.92900      0.39711
  1940    594.34440      2.67250    124.40210      0.27038
  1975    696.78780      2.44798    130.73870      0.27886
  2014    668.09250      2.46062    177.86130      0.58439
  2053    800.16110      1.77928    191.01210      0.45099
  2097    815.38490      1.57654    160.92430      0.40201
  2136    761.16510      2.00238    217.65450      0.24429
  2175    481.00990      2.68136    215.61810      0.34927
  2214    410.16100      2.61763    214.61970      0.44423
  2253    501.21140      2.67242    202.58830      0.27910
  2292    363.41630      2.54110    216.53820      0.52802
  2331    417.53460      2.57908    227.16730      0.48944
  2370    384.36980      2.43566    247.41280      0.38195
  2409    532.56510      2.39682    259.21740      0.34699
  2448    450.03870      2.56109    263.36410      0.36392
