   161      0.00000      0.00000    200.94090      0.20721
   226      0.00000      0.00000    191.88520      0.30537
   233      0.00000      0.00000    196.31540      0.30604
   272      0.00000      0.00000    181.26140      0.22988
   311      0.00000      0.00000    185.38390      0.27608
   349      0.00000      0.00000    196.34280      0.30356
   391      0.00000      0.00000    182.32870      0.22305
   428      0.00000      0.00000    197.36520      0.27702
   467      0.00000      0.00000    206.94940      0.25792
   506      3.97426      0.00806    207.47750      0.18388
   545      8.59592      0.01532    200.53160      0.20673
   585     13.54286      0.02182    199.73670      0.18401
   624     19.13003      0.03007    201.05230      0.20308
   662     23.98134      0.03749    202.44590      0.23857
   701     28.75830      0.04487    203.71300      0.25098
   739     33.96233      0.05105    207.40360      0.22900
   777     38.85413      0.05877    206.89430      0.22150
   816     43.79028      0.06857    207.08920      0.27053
   855     49.30733      0.07727    212.15710      0.21991
   893     53.81348      0.08093    212.05480      0.27233
   932     59.57970      0.09789    216.92860      0.27238
   971     64.43209      0.10342    216.68400      0.25711
  1011     71.58282      0.11043    208.15230      0.24274
  1050     77.82994      0.11351    206.11970      0.22422
  1089     83.47182      0.12529    203.60730      0.23346
  1128     88.87299      0.13689    205.20540      0.22554
  1167     94.13658      0.14272    203.44450      0.25821
  1204     99.69883      0.14513    206.39840      0.22018
  1243    105.62310      0.15499    208.59290      0.23626
  1283    109.84240      0.15324    207.85520      0.25822
  1321    115.51270      0.16545    208.59590      0.27511
  1360    112.89930      0.20581    219.31030      0.29269
  1399    106.63830      0.23300    220.28940      0.30808
  1438    125.13270      0.21770    215.75730      0.29115
  1477    116.75990      0.25353    217.97710      0.31488
  1515    120.45530      0.26941    225.77420      0.25602
  1554    130.91290      0.23532    226.22410      0.39768
  1593    147.16420      0.24099    224.59890      0.35404
  1632    138.61710      0.31274    227.38420      0.35036
  1671    116.35280      0.44500    230.85910      0.35809
  1709    130.46000      0.45864    227.97450      0.30369
  1748    116.71470      0.50419    229.55440      0.36019
  1787    120.78720      0.51053    232.56390      0.38851
  1826    136.07580      0.52197    226.43170      0.35648
