  2526    256.10840      2.12083    284.48700      0.43043
  2565    246.09700      2.12860    293.57930      0.39425
  2606    172.71260      1.80421    301.17820      0.38137
  2645    251.03010      2.09130    285.75630      0.52359
  2684    186.71350      1.82217    299.91990      0.49107
  2723    217.96210      2.01723    305.20010      0.43455
  2762    326.23490      2.29336    300.67630      0.44909
  2801    296.28260      2.22723    299.78750      0.46954
  2840    310.01830      2.29528    298.41090      0.49720
  2878    240.82590      2.08799    300.11820      0.51519
  2917    201.00120      1.94652    291.69690      0.68247
  2956    287.33510      2.24085    261.95480      0.66530
  2995    336.18960      2.37345    189.94510      0.90705
  3034    751.26250      2.01310    102.92480      0.12371
  3073    852.95550      1.32222    100.14020      0.11801
  3112    839.26790      1.45742     98.81783      0.11479
  3152    286.11400      2.28042    178.70590      1.07585
  3191    600.04480      2.44690    124.91940      0.60264
  3230    867.54630      0.87058    101.45060      0.09597
  3272    192.97170      1.97723    297.66580      0.53137
  3311    194.12500      1.97668    307.77070      0.54272
