   184      0.00000      0.00000    216.68990      0.27741
   218      0.00000      0.00000    196.30160      0.31887
   259      0.00000      0.00000    186.92560      0.28816
   297      0.00000      0.00000    180.04480      0.26459
   330      0.00000      0.00000    183.13260      0.19825
   369      0.00000      0.00000    195.58100      0.27790
   407      0.00000      0.00000    184.18630      0.20102
   445      0.00000      0.00000    201.33110      0.24893
   483      1.66946      0.00351    209.36000      0.20885
   517      5.39303      0.01002    205.23550      0.20264
   553      9.97690      0.01730    197.90460      0.23327
   591     14.47894      0.02411    198.01280      0.19421
   631     20.00497      0.03136    200.80480      0.21268
   670     24.51782      0.03866    203.58530      0.24585
   709     29.79221      0.04541    206.96570      0.23323
   747     35.16523      0.05259    207.67160      0.22534
   786     40.01595      0.06044    206.47750      0.24153
   826     44.78352      0.07072    208.09560      0.25821
   865     50.32898      0.07476    211.56120      0.24885
   904     55.46406      0.08785    215.38320      0.28229
   943     60.98412      0.09442    217.61910      0.25972
   982     66.24571      0.10415    217.39990      0.24267
  1021     72.26756      0.11565    205.39680      0.23924
  1060     79.49114      0.11881    205.88100      0.22991
  1099     84.87691      0.12602    203.13680      0.23518
  1138     90.42776      0.12943    204.83220      0.23665
  1177     96.19064      0.14475    206.88730      0.21430
  1217    100.94540      0.15160    205.72720      0.23027
  1256    106.49750      0.15357    210.11050      0.23339
  1295    111.21440      0.16868    207.41020      0.26279
  1334    118.09420      0.16849    210.60700      0.28367
  1373    105.18560      0.22553    222.59150      0.29462
  1414    109.67050      0.23000    219.59430      0.29448
  1452    113.45810      0.25324    221.52750      0.29722
  1492    118.10250      0.27027    222.61300      0.29701
  1533    125.44150      0.28206    226.56660      0.30145
  1573    143.10600      0.23208    226.80520      0.32787
  1612    145.98610      0.24517    229.29070      0.28846
  1651     97.15023      0.43917    234.02370      0.36440
  1689    129.71100      0.41516    227.50140      0.34197
  1728    130.63910      0.47043    226.75220      0.34083
  1767    107.84600      0.50527    230.19900      0.42693
  1806    142.43230      0.47878    228.38710      0.35107
