  2499    167.39930      1.70609    281.59020      0.44799
  2540    171.23120      1.75160    264.07340      0.56424
  2580    257.33710      2.02395    257.97280      0.66986
  2620    270.37780      2.01035    269.77060      0.51446
  2659    233.15240      1.94084    272.96520      0.57429
  2698    235.17620      1.96828    270.26820      0.63634
  2737    211.51030      1.89659    277.34000      0.66344
  2775    230.85460      1.95014    264.94310      0.66599
  2814    394.53120      2.28134    217.03380      0.52248
  2854    341.29060      2.27171    198.09930      0.72018
  2894    625.06300      1.93897    176.71700      0.21380
  2933    443.22750      2.33651    179.91300      0.43172
  2972    408.98380      2.32666    209.80360      0.49995
  3011    537.83340      2.29269    206.31650      0.24347
  3050    193.15630      1.82178    285.38640      0.71512
  3089    188.34510      1.76395    299.26120      0.61285
