   160      0.00000      0.00000    200.53540      0.20433
   213      0.00000      0.00000    202.28960      0.35798
   235      0.00000      0.00000    195.61610      0.29628
   277      0.00000      0.00000    182.24570      0.22590
   316      0.00000      0.00000    182.12540      0.22133
   355      0.00000      0.00000    198.87530      0.30731
   392      0.00000      0.00000    182.15190      0.23151
   429      0.00000      0.00000    198.36500      0.27835
   468      0.00000      0.00000    207.40940      0.25174
   507      4.10379      0.00800    204.87760      0.20692
   544      8.48072      0.01475    200.43890      0.18532
   584     13.38970      0.02111    199.84630      0.19187
   622     19.01516      0.02933    200.86290      0.20641
   660     23.63856      0.03732    202.11680      0.24817
   699     28.44874      0.04421    204.49900      0.23777
   740     34.08023      0.05054    207.61280      0.22226
   779     39.04335      0.06059    205.75780      0.24784
   818     43.99469      0.06980    206.55510      0.28082
   857     49.37619      0.07813    211.35410      0.23651
   896     54.17815      0.08330    212.83070      0.25979
   935     59.94462      0.09315    216.54930      0.27916
   974     64.88616      0.10137    216.50580      0.26116
  1014     71.87202      0.11339    207.71680      0.23937
  1053     78.05049      0.11985    206.40380      0.22479
  1092     83.81159      0.12434    203.45480      0.23517
  1131     89.52153      0.13058    205.49600      0.22778
  1169     94.86409      0.13303    203.36630      0.24804
  1208    100.33240      0.14738    205.99740      0.22757
  1247    105.77950      0.15459    208.17070      0.24199
  1286    110.03300      0.16579    207.92680      0.26798
  1325    115.55940      0.17749    207.95490      0.29349
  1364    110.82620      0.20335    222.45160      0.27351
  1403    107.10610      0.23098    220.92730      0.30712
  1442    121.86940      0.23046    216.81180      0.30037
  1481    116.75990      0.26294    221.39720      0.29524
  1521    121.06320      0.27282    225.57440      0.25962
  1561    139.17840      0.24749    228.35670      0.30871
  1600    147.41970      0.23949    225.75420      0.35022
  1638    123.70450      0.35969    217.01960      0.39014
  1677    120.39230      0.43282    230.00640      0.37898
  1716    130.89760      0.45091    227.05850      0.33139
  1755    105.28470      0.51495    229.96280      0.41615
  1793    122.62980      0.52105    232.22550      0.34641
  1831    141.41000      0.50662    232.19800      0.36431
