   152      0.00000      0.00000    200.60550      0.20202
   195      0.00000      0.00000    213.43340      0.38541
   246      0.00000      0.00000    188.65920      0.26972
   286      0.00000      0.00000    183.55670      0.22955
   328      0.00000      0.00000    183.47800      0.19326
   368      0.00000      0.00000    197.13720      0.29360
   408      0.00000      0.00000    184.66900      0.21074
   447      0.00000      0.00000    205.23310      0.25246
   486      2.03340      0.00418    209.11430      0.21246
   527      6.58605      0.01193    201.58600      0.18646
   566     11.61588      0.02027    198.62240      0.23640
   607     16.41204      0.02619    196.51190      0.21317
   647     22.31147      0.03628    201.23230      0.24582
   687     26.30823      0.04172    203.81500      0.23030
   730     32.53510      0.04868    205.85790      0.23361
   769     37.77783      0.05718    206.99990      0.22491
   808     42.97627      0.06615    208.92890      0.24715
   847     48.07965      0.07308    210.07940      0.23430
   886     53.08752      0.07911    212.78530      0.25629
   926     58.27668      0.09122    217.91590      0.25539
   966     63.78698      0.10138    215.85200      0.26968
  1005     70.50756      0.11265    206.08040      0.26453
  1044     76.87953      0.11220    206.76250      0.22500
  1082     82.40586      0.11945    204.06020      0.23016
  1120     87.85984      0.12981    203.60150      0.24267
  1159     93.98164      0.13376    206.04880      0.22006
  1198     98.99390      0.14762    206.17290      0.22958
  1237    104.73830      0.15242    208.27930      0.23095
  1276    108.24710      0.15732    206.26750      0.27321
  1315    114.67580      0.16382    208.26180      0.28237
  1355    114.59570      0.20317    217.06660      0.28513
  1395    106.22480      0.23018    219.44960      0.31605
  1434    124.14800      0.21827    217.58130      0.28953
  1473    116.15400      0.25396    218.57110      0.30972
  1513    120.90080      0.26670    225.33850      0.27095
  1551    132.40570      0.24959    227.04310      0.37396
  1591    146.93870      0.23891    224.76180      0.34059
  1630    139.76020      0.29576    228.01130      0.33335
  1670    115.74100      0.44534    231.07270      0.33551
  1710    130.75490      0.45249    226.95430      0.33487
  1749    116.34420      0.49895    227.50860      0.35396
  1788    121.37930      0.50987    233.64970      0.37769
  1827    137.54790      0.52386    225.17980      0.37165
