  2515    153.75180      1.68600    276.11060      0.51721
  2560    224.34830      1.97342    238.71660      0.81166
  2599    405.15230      2.13108    269.68900      0.50934
  2638    274.97860      2.02459    267.30020      0.59063
  2677    201.31360      1.84349    270.47320      0.62771
  2719    213.85930      1.89286    275.08460      0.63679
  2758    217.00060      1.93389    272.73870      0.71913
  2797    245.63440      2.00824    255.34470      0.74628
  2837    430.56620      2.30030    210.83610      0.56070
  2876    540.46260      2.23478    171.77280      0.26802
  2914    528.52910      2.23056    204.84630      0.37708
  2958    393.07440      2.32233    212.87950      0.53888
  2996    468.19210      2.33391    213.77590      0.35285
  3039    193.24930      1.81821    287.19440      0.69580
  3078    190.78260      1.80219    289.93550      0.67348
  3113    189.74910      1.79213    288.51500      0.68273
