  2510    324.96890      2.27782    283.54350      0.38903
  2573    245.23300      2.09838    293.42260      0.37377
  2612    194.84140      1.90357    300.10440      0.40671
  2652    256.45720      2.09771    293.10670      0.46288
  2691    192.05590      1.89614    299.64860      0.50565
  2734    272.28540      2.20094    296.99040      0.47544
  2775    298.06590      2.25687    297.20810      0.49171
  2815    333.59840      2.30371    299.92790      0.45517
  2855    282.82050      2.22240    300.18420      0.48960
  2894    250.23750      2.12633    296.31050      0.53735
  2934    196.24860      1.89195    292.36960      0.65599
  2975    421.62300      2.48577    233.54300      0.48860
  3015    527.71410      2.52977    108.98410      0.33311
  3055    797.99290      1.76079    101.91250      0.12345
  3097    838.30600      1.39397     99.76325      0.11479
  3139    534.31480      2.54926    105.40910      0.35901
  3178    199.98600      2.01059    276.19360      0.72110
  3217    869.14430      0.81372    102.28640      0.10027
  3256    297.77570      2.34017    250.91120      0.83508
  3287    191.38960      1.92444    309.46250      0.49830
  3327    199.00030      2.00371    316.38730      0.47819
