   849    320.72330      2.41363    265.93580      0.70824
   877    333.28330      2.45534    240.14640      0.77365
   915    332.15160      2.45562    245.62900      0.80146
   954    726.10330      2.31336    203.48510      0.53443
   993    498.07780      2.69908    229.62800      0.42311
  1032    500.64730      2.68708    226.58010      0.61785
  1057    282.05180      2.31901    255.03630      0.76568
  1096    247.66830      2.21659    261.33330      0.76841
  1135    270.25840      2.32613    258.46230      0.73137
  1173    318.58910      2.46362    263.48600      0.62476
  1213    404.00840      2.60284    262.75700      0.52070
  1252    280.43570      2.37863    248.35670      0.74616
  1291    403.50810      2.62453    241.67980      0.70098
  1329    236.83550      2.22571    250.00310      0.69393
  1369    524.64100      2.67395    235.32690      0.43023
  1408    469.99830      2.67607    228.38420      0.53347
  1447    799.51210      1.84797    135.84830      0.24124
  1502    429.51670      2.66074    207.63590      0.71875
  1541    587.32490      2.66959    154.52480      0.33681
  1581    464.70520      2.67093    207.73450      0.56954
  1620    574.36750      2.59583    192.31920      0.62801
  1659    322.45880      2.46130    227.56630      0.72745
  1697    671.53630      2.50175    189.32800      0.29964
  1737    758.38020      2.03683    183.87130      0.25372
  1784    776.87420      1.93280    164.53850      0.29860
  1823    848.93520      1.42444    142.19580      0.20307
  1862    501.00440      2.68951    173.47970      0.47025
  1901    551.30780      2.70439    121.81980      0.38627
  1941    594.20370      2.67418    125.49790      0.25404
  1976    691.91300      2.44691    133.90490      0.30341
  2015    657.92860      2.50417    176.17050      0.58809
  2054    808.14350      1.74624    191.42820      0.44231
  2100    823.29270      1.51798    161.46890      0.40845
  2137    766.67540      1.97721    217.86290      0.25923
  2176    472.72110      2.67401    217.28990      0.34570
  2216    406.12410      2.61398    213.59830      0.44708
  2254    508.05050      2.68625    202.09070      0.27634
  2294    365.00520      2.52948    216.31150      0.52185
  2333    403.50900      2.58053    231.95630      0.51304
  2373    376.67860      2.43099    251.01370      0.35321
  2413    558.17410      2.47123    259.50900      0.33881
  2454    401.96940      2.54667    263.18150      0.39260
