   161    398.04140      2.02018    146.18350      0.35480
   189    403.16470      2.00796    152.74490      0.36254
   198    397.82930      2.00860    153.00090      0.36273
   218    401.53930      1.99687    151.89270      0.39749
   238    420.75100      1.98120    149.52490      0.35970
   259    440.98500      1.95723    146.86000      0.28731
   279    457.34700      1.92868    130.83710      0.23202
   299    479.68160      1.86738    140.09460      0.23153
   319    494.60710      1.83203    135.25290      0.21149
   336    504.62300      1.80636    123.52190      0.17629
   356    486.25630      1.83703    135.24180      0.24195
   376    463.10520      1.87644    139.26180      0.29065
   395    444.59980      1.90243    137.86860      0.31482
   415    441.38150      1.89900    136.46740      0.35776
   435    420.23980      1.91944    150.52740      0.40144
   455    364.98410      1.93610    160.55550      0.53349
   475    303.17400      1.89682    175.38280      0.58144
   494    295.83680      1.89850    166.48110      0.56154
   514    280.96490      1.87723    174.81280      0.56433
   534    256.65550      1.84255    181.01670      0.58875
   553    236.00360      1.79969    191.79280      0.57295
   573    267.45520      1.84660    194.24070      0.52536
   593    290.92960      1.87048    175.98700      0.45438
   613    270.44200      1.84261    177.85620      0.49335
   633    230.01970      1.76565    199.36780      0.59594
   653    215.64110      1.72392    198.24680      0.58981
   673    204.45920      1.71015    193.66610      0.52631
   694    177.04360      1.62972    208.21270      0.50872
   714    144.57090      1.52634    236.76840      0.51002
   733    127.11820      1.44519    249.57140      0.50382
   748    128.21250      1.42746    241.70380      0.50773
   768    155.37570      1.53674    239.54150      0.64228
   788    205.34800      1.66768    210.13040      0.76695
   808    233.97190      1.73107    194.85240      0.77897
   829    247.36820      1.75149    181.18050      0.76972
   849    234.90810      1.72025    176.70190      0.76527
   869    232.18000      1.73044    179.73960      0.76234
   889    202.80100      1.66137    192.79570      0.77698
   908    185.49490      1.61367    200.76660      0.79351
   928    169.08720      1.57971    213.33180      0.85367
   948    189.12520      1.60469    215.24640      0.85289
   968    159.49270      1.51963    221.73760      0.83649
   988    151.77800      1.49633    233.23240      0.80598
  1009    141.06230      1.45397    250.90510      0.76538
  1029    139.03050      1.45316    255.41430      0.74652
  1055    131.03270      1.38762    262.30270      0.73320
  1075    130.30080      1.43306    267.56030      0.63996
  1095    122.26910      1.36458    271.38540      0.60796
  1115    125.89510      1.38422    271.52840      0.65238
  1132    132.53080      1.41145    263.66190      0.64619
  1152    144.12310      1.44703    248.27210      0.62487
  1171    153.23230      1.44883    216.37140      0.53106
  1191    161.17600      1.50241    216.50560      0.54873
  1211    170.61820      1.51548    218.66480      0.56495
  1231    186.81420      1.56347    220.01970      0.53423
  1251    196.56010      1.58402    209.95250      0.45114
  1271    189.58340      1.57360    222.14210      0.51966
  1291    178.82200      1.53117    227.19110      0.57827
  1311    192.97620      1.55286    224.96900      0.63456
  1331    233.95110      1.61487    231.52020      0.58070
  1351    295.72020      1.61000    242.03060      0.52235
  1371    335.58520      1.54907    255.17390      0.38125
  1384    303.85900      1.58690    253.85930      0.33078
  1421    315.69490      1.56392    247.96710      0.28926
  1440    259.67000      1.59105    251.97570      0.30521
  1460    231.43840      1.56964    264.03690      0.31952
  1480    228.07270      1.55429    263.44920      0.30026
  1500    209.51070      1.53723    268.21700      0.29881
  1520    176.65890      1.47230    271.35950      0.30096
  1540    127.38490      1.33068    276.06660      0.33151
  1560    102.30110      1.22261    279.71550      0.33510
  1580    104.39020      1.23024    275.66610      0.34881
  1600    101.25190      1.20088    275.58120      0.36156
  1620     97.87936      1.18649    277.03310      0.32225
  1640     98.15295      1.19348    277.97180      0.33360
  1660     95.32797      1.13710    278.22550      0.35977
  1680    101.13650      1.18093    269.43090      0.34461
  1700     94.71004      1.16173    266.41410      0.33292
  1720     93.10186      1.16065    262.42000      0.31673
  1739     88.87087      1.11320    263.34320      0.34938
  1759     86.30621      1.12511    258.27660      0.34009
  1779     89.44374      1.12531    260.52190      0.31356
  1799     86.23417      1.10637    259.10100      0.34180
  1819     85.26332      1.09407    265.37100      0.35052
  1839     82.52860      1.07985    259.43790      0.31474
  1859     85.55254      1.10552    264.70210      0.34973
  1879     78.04212      1.05671    261.14290      0.35790
  1899     76.77030      1.04793    261.17250      0.33808
  1919     76.82075      1.04641    258.06190      0.31002
  1939     79.70718      1.04540    259.63750      0.32840
  1959     78.32333      1.04015    252.26390      0.30490
  1979     76.87290      1.04460    257.03390      0.31668
  1999     79.66681      1.05289    254.65170      0.33113
  2019    122.39430      1.20213    244.26540      0.27883
  2039    216.58820      1.35416    247.01710      0.29599
  2059    306.45500      1.31478    241.10680      0.26954
  2080    317.37990      1.27368    240.05690      0.26662
  2100    325.17290      1.21796    241.69400      0.24587
  2120    310.25220      1.24919    243.41170      0.24538
  2139    328.62760      1.20057    240.39960      0.26828
  2159    300.78060      1.24913    244.71270      0.26510
  2179    311.65490      1.22082    242.61140      0.26350
  2207    314.19490      1.20048    241.88440      0.26720
  2227    328.22030      1.17449    236.02550      0.26799
  2247    306.36610      1.22242    237.59070      0.26314
  2269    322.80020      1.20513    229.53270      0.25226
  2285    330.81680      1.17805    229.61820      0.25094
  2331    331.63130      1.12277    229.86780      0.25868
  2351    343.10260      1.09377    227.51910      0.25979
  2378    315.53340      1.12030    230.21750      0.27448
  2408    312.66180      1.10849    230.37920      0.26215
  2431    297.58620      1.12177    232.22760      0.26282
  2451    312.10310      1.11185    219.94800      0.23467
  2476    290.49650      1.11618    230.93110      0.26069
  2505    315.70250      1.06219    221.61570      0.25953
  2523    307.94300      1.06720    220.67390      0.28801
  2543    306.29910      1.04956    216.95420      0.29872
  2563    320.48690      1.00066    211.27880      0.27560
  2583    329.74350      0.93197    213.79150      0.24541
  2603    340.48980      0.90222    202.00830      0.28278
  2624    335.87890      0.88017    195.19380      0.32224
  2642    334.55490      0.89201    181.69080      0.34204
  2660    326.95140      0.90127    178.45660      0.31294
  2680    325.77950      0.90434    165.24730      0.27928
  2701    337.87080      0.86342    165.88030      0.25497
  2720    358.09500      0.76586    159.06840      0.23056
  2740    379.26980      0.60585    160.03580      0.21781
  2760    375.35560      0.58843    157.17190      0.22216
  2781    365.71080      0.60627    161.85680      0.24252
  2801    365.97490      0.55455    149.12940      0.22211
  2821    360.49520      0.60819    147.49220      0.22543
  2841    354.83570      0.61385    148.10640      0.23320
  2861    355.55580      0.59492    146.31530      0.22082
  2881    356.95910      0.53040    144.23740      0.20786
  2899    354.76850      0.54162    145.75660      0.21467
  2920    352.78010      0.54838    137.37880      0.22054
  2939    351.49520      0.53019    142.94580      0.23267
  2960    350.67150      0.48180    150.92070      0.24563
  2979    349.71720      0.45010    152.56290      0.23892
  2999    348.61690      0.45608    146.02150      0.21607
  3019    338.88850      0.49759    157.70100      0.21449
  3039    332.04070      0.49855    162.04530      0.21639
  3059    332.39340      0.50528    147.65700      0.20172
  3079    329.26260      0.51342    148.43780      0.20566
  3100    328.01120      0.48651    149.73100      0.21588
  3118    328.04540      0.46262    146.13440      0.20424
  3138    326.51420      0.45571    143.67420      0.20091
  3158    325.06840      0.41588    142.39290      0.19058
  3178    321.52850      0.43917    139.59270      0.17499
  3199    318.50850      0.42611    137.99400      0.17046
  3219    314.84960      0.40639    142.15330      0.19328
  3239    311.87430      0.38645    149.36880      0.20050
  3259    309.11950      0.36985    156.46600      0.19617
  3280    303.64680      0.40774    157.86740      0.19292
  3301    299.79290      0.41161    160.79150      0.19434
  3321    298.18630      0.38576    165.55470      0.20128
  3341    293.72240      0.39813    170.91290      0.21101
  3360    291.77290      0.39783    166.76430      0.21779
  3379    291.04780      0.40163    161.40920      0.20373
  3401    290.87340      0.38365    154.67280      0.17932
  3423    290.69980      0.34644    153.90980      0.17514
  3443    287.28100      0.36051    153.36660      0.17962
  3463    283.72110      0.35534    155.65250      0.17232
  3483    278.95410      0.37331    156.49090      0.18223
  3502    276.14400      0.34118    158.24210      0.17935
  3522    271.91480      0.35025    159.24180      0.20216
  3543    269.58960      0.35781    158.35760      0.20063
  3560    264.86810      0.36556    159.31310      0.21532
  3581    254.06840      0.42198    169.89880      0.24610
  3600    248.03540      0.41857    179.18640      0.21859
  3620    240.23950      0.45657    179.34760      0.22167
  3640    233.39980      0.47933    180.40830      0.20789
  3660    224.53500      0.52536    176.59670      0.22078
  3681    214.96970      0.56595    177.52730      0.22781
  3702    206.85920      0.58113    179.08130      0.22645
  3723    191.14720      0.63191    174.70820      0.23358
  3743    163.57720      0.67273    184.01980      0.36150
  3763    126.95860      0.69680    198.76260      0.45157
  3783    117.10230      0.68388    201.47120      0.49019
  3803    119.62710      0.67869    200.97760      0.48577
  3823    110.43820      0.67008    205.48820      0.54127
  3843     97.16384      0.65501    206.24020      0.57447
  3862     96.63830      0.64811    202.48170      0.57607
  3882     86.77560      0.63418    209.12050      0.58771
  3902     67.06149      0.60187    219.60740      0.59939
  3923     60.75230      0.57975    227.42790      0.57890
  3943     71.30561      0.58757    230.29830      0.53351
  3959     66.55986      0.57721    229.02420      0.53071
  3979     58.07015      0.55978    227.72860      0.53765
  3999     74.85881      0.57579    226.14440      0.51572
  4019     86.87737      0.57817    222.56210      0.51638
  4039    112.29200      0.57599    215.66820      0.47908
  4059    138.34190      0.54116    207.58250      0.41191
  4079    139.15320      0.53111    205.49100      0.38149
  4099    137.92370      0.51698    206.17180      0.39472
  4119    103.34940      0.53935    216.05330      0.44891
  4139     95.58259      0.53136    220.03600      0.43102
  4159     98.20641      0.52071    219.78900      0.41611
  4179    106.13680      0.51065    216.45130      0.38779
  4199    123.04110      0.48016    206.33910      0.34424
  4219    128.20600      0.46264    194.58980      0.35901
  4239    130.55510      0.45072    182.89150      0.37669
  4258    126.98620      0.44802    181.73200      0.39163
  4278    110.90880      0.46813    192.38180      0.45735
  4298     80.13392      0.47015    205.82900      0.54031
  4319     48.15434      0.43706    214.77510      0.58746
  4339     41.41351      0.41878    218.64900      0.59015
  4358     43.16583      0.41492    221.16280      0.55758
  4378     61.90721      0.42544    221.42320      0.49685
  4398     62.03750      0.41854    222.60040      0.46371
  4418     51.00585      0.40526    224.16550      0.52944
  4437     60.08373      0.40354    224.35080      0.49361
  4458     78.32194      0.39644    223.63630      0.38717
  4478     67.48704      0.38886    224.63400      0.45419
  4499     90.90327      0.36039    218.32010      0.32328
  4519     90.26540      0.35427    217.05570      0.32339
  4539     93.16328      0.32900    209.69940      0.35554
  4559     90.73276      0.31993    209.29220      0.33807
  4578     80.53738      0.32990    217.76550      0.36925
  4600     65.45410      0.33644    220.87540      0.45955
  4618     61.62897      0.32895    222.11980      0.44043
  4640     68.32750      0.31273    222.45610      0.38977
  4660     68.86066      0.30258    222.64530      0.35083
  4680     67.32861      0.29354    223.01850      0.35474
  4701     73.23368      0.27943    212.84440      0.36155
  4721     84.17659      0.25225    188.57860      0.29069
  4742     81.62229      0.25004    182.56130      0.26697
  4762     73.91747      0.25727    188.63900      0.34656
  4782     51.98893      0.26693    205.53320      0.48657
  4802     35.06799      0.25356    215.16710      0.53398
  4822     52.55127      0.24398    211.29790      0.46336
  4842     67.65130      0.20533    202.09880      0.36318
  4861     69.36629      0.18500    191.70010      0.34360
  4883     66.39993      0.17942    183.68240      0.30756
  4902     64.04707      0.17591    176.91140      0.26421
  4922     64.23786      0.15930    170.77080      0.22236
  4942     66.96431      0.12700    165.93610      0.16641
  4962     64.23460      0.11855    163.84920      0.16696
  4982     60.26461      0.12055    160.98420      0.16039
  5002     56.91826      0.11928    161.81710      0.17853
