   164      0.00000      0.00000    234.20080      0.36593
   221      0.00000      0.00000    213.96220      0.23973
   255      0.00000      0.00000    213.30780      0.21786
   294      0.00000      0.00000    211.86940      0.19833
   333      0.00000      0.00000    210.56110      0.21472
   372      0.00000      0.00000    209.79380      0.24202
   411      0.00000      0.00000    208.71260      0.23531
   449      0.00000      0.00000    207.80170      0.22503
   486      0.00000      0.00000    206.94100      0.23533
   525      0.00000      0.00000    215.66820      0.22824
   564      0.00000      0.00000    211.91710      0.22665
   602      1.83242      0.00410    209.04410      0.20358
   639      6.04382      0.01141    208.91680      0.20756
   677     10.65764      0.01856    208.14710      0.22124
   716     16.27148      0.02569    203.39110      0.25376
   753     20.61609      0.03343    205.39350      0.22046
   793     25.33077      0.04059    206.36940      0.22949
   832     30.42610      0.04628    205.22330      0.21383
   871     36.09805      0.05523    202.55340      0.22904
   910     42.63602      0.06417    200.04630      0.25687
   949     46.90684      0.07139    203.64480      0.22146
   989     52.53828      0.07844    206.41930      0.23640
  1028     57.12406      0.08856    206.03840      0.24251
  1067     63.24014      0.10258    201.90710      0.26455
  1106     66.67551      0.10588    206.52440      0.20004
  1146     76.30441      0.12252    190.37230      0.19985
  1184     76.86521      0.13263    208.13310      0.25966
  1222     88.19765      0.13259    181.34140      0.20298
  1261     92.10911      0.14257    188.86110      0.21760
  1300     96.35592      0.14471    189.01760      0.17576
  1339    104.86140      0.15252    183.86040      0.16884
  1378    105.72290      0.16305    205.83010      0.17970
  1417    113.01120      0.16925    210.92950      0.20577
  1455    116.31240      0.17685    218.53230      0.20760
  1494    119.70080      0.19566    222.81400      0.23483
  1533    112.03650      0.24794    222.43650      0.29941
  1572    110.74460      0.26266    230.58230      0.19255
  1612    114.32040      0.26717    234.54270      0.20314
  1651    133.82040      0.24115    218.76270      0.30070
  1690    155.61970      0.25076    199.49110      0.26962
  1729    161.22070      0.26542    183.97210      0.26041
  1767    139.82620      0.36947    221.93800      0.40938
  1806    134.34530      0.42226    229.40290      0.41234
