   168      0.00000      0.00000    203.15400      0.22054
   205      0.00000      0.00000    216.87570      0.32374
   252      0.00000      0.00000    188.41300      0.28080
   288      0.00000      0.00000    183.46680      0.24622
   324      0.00000      0.00000    181.52700      0.19998
   363      0.00000      0.00000    199.68790      0.28806
   403      0.00000      0.00000    183.29630      0.18656
   443      0.00000      0.00000    201.42430      0.25052
   485      1.90911      0.00394    209.31830      0.19864
   524      6.20063      0.01145    202.19190      0.19462
   564     10.83045      0.01885    202.37720      0.19640
   603     16.00294      0.02579    199.49840      0.18316
   642     21.60122      0.03430    202.23440      0.23083
   681     25.75255      0.04010    205.52510      0.23150
   722     31.30615      0.04734    208.03560      0.21919
   760     36.70425      0.05367    206.84030      0.22234
   799     42.08510      0.06484    206.93160      0.26036
   838     46.54939      0.07426    206.47850      0.25192
   877     51.69210      0.07893    211.80920      0.25892
   916     56.56619      0.08964    215.39810      0.27859
   954     61.59621      0.09915    209.46850      0.32495
   993     68.20107      0.10656    213.88370      0.25299
  1032     75.00571      0.10866    207.19740      0.22869
  1071     81.11301      0.12209    205.86920      0.21985
  1112     87.11573      0.12955    204.24140      0.23563
  1151     91.69067      0.14261    204.56380      0.24214
  1190     97.61459      0.14657    206.17130      0.21792
  1229    103.17090      0.14883    206.27400      0.23941
  1268    107.06540      0.16072    207.84040      0.25659
  1307    113.10340      0.16378    209.59850      0.24635
  1346    117.61830      0.19337    213.01690      0.27115
  1385    105.23030      0.22960    219.40890      0.31599
  1424    111.27570      0.23577    219.05010      0.28675
  1463    113.76350      0.25951    221.40480      0.31235
  1502    119.22880      0.26992    223.36590      0.27162
  1541    128.89500      0.27955    225.62410      0.33977
  1580    144.47770      0.24588    225.86610      0.34053
  1621    144.50930      0.26444    227.72560      0.32654
  1661     97.65511      0.46026    233.18320      0.37209
  1700    133.65460      0.43547    226.10200      0.31815
  1739    126.21500      0.48919    227.80330      0.33929
  1778    103.15430      0.52269    233.41040      0.41983
  1820    133.59310      0.51916    230.12530      0.37426
