  2524    154.57420      1.70738    272.21700      0.54278
  2566    271.17120      2.07463    222.79770      0.79028
  2604    375.34070      2.10982    268.83440      0.52151
  2643    256.68120      2.00071    272.24740      0.53868
  2682    212.32310      1.89394    271.55300      0.61915
  2721    211.24350      1.89081    277.03900      0.64922
  2760    200.96540      1.83751    273.69990      0.69851
  2799    258.03310      2.01032    248.75200      0.71975
  2838    424.61520      2.30850    210.04500      0.59682
  2877    544.68150      2.20902    173.34220      0.26343
  2916    481.08810      2.29527    206.86920      0.41141
  2941    432.53220      2.34265    181.61330      0.42534
  2979    447.40200      2.33134    210.59970      0.41201
  3018    497.09840      2.33057    210.17370      0.37169
  3058    187.01210      1.77658    292.45220      0.62695
  3098    193.67820      1.78379    295.33950      0.63306
