  2507    158.44610      1.68667    278.69870      0.47435
  2574    277.69430      2.07745    237.63100      0.75782
  2611    380.18550      2.10811    269.48460      0.50333
  2651    228.25340      1.91945    274.18630      0.55184
  2690    239.51560      1.96752    271.88820      0.60666
  2728    210.85290      1.89652    275.27250      0.66693
  2770    202.48630      1.85249    260.39630      0.78378
  2808    372.73330      2.25223    225.33020      0.58941
  2848    303.14880      2.19455    214.05660      0.82013
  2887    585.12080      2.07407    183.50750      0.24457
  2926    441.25770      2.32030    198.85610      0.45361
  2957    391.90940      2.32739    212.90180      0.56103
  2999    468.33300      2.33694    214.07170      0.38402
  3038    202.43930      1.86647    277.42540      0.69717
  3076    192.35970      1.80955    290.24430      0.66656
  3120    190.04230      1.82328    286.72490      0.72243
