   460      0.00000      0.00000    229.14260      0.28064
   620      5.52023      0.02324    231.37370      0.53459
   960    213.71710      1.32205    224.69500      0.42734
  1360    337.23120      0.86580    218.84260      0.29987
  1780    155.33620      0.30759    218.82480      0.28448
  2240    227.88400      0.35029    193.62720      0.17435
  2580    264.68920      0.47976    188.37650      0.25898
  2960    172.90960      0.34277    194.65530      0.19834
  3360    114.00140      0.23916    197.00330      0.28664
  3760     66.77602      0.10133    206.31600      0.19889
  4160     13.16239      0.02891    213.83720      0.18649
  4580    464.04630      1.12064    206.18780      0.22203
