   171      0.00000      0.00000    237.79460      0.34077
   218      0.00000      0.00000    213.04150      0.23297
   253      0.00000      0.00000    213.27800      0.22524
   293      0.00000      0.00000    211.58420      0.19900
   332      0.00000      0.00000    209.71690      0.20386
   371      0.00000      0.00000    209.71090      0.23555
   410      0.00000      0.00000    209.19810      0.22374
   447      0.00000      0.00000    207.49680      0.23018
   485      0.00000      0.00000    207.88910      0.20423
   524      0.00000      0.00000    215.33060      0.23511
   563      0.00000      0.00000    212.49750      0.20890
   603      1.94482      0.00429    208.84540      0.20931
   640      6.18520      0.01159    208.83370      0.22339
   679     10.92939      0.01920    208.20680      0.21886
   718     16.43973      0.02604    203.45210      0.25500
   755     20.83674      0.03300    205.49980      0.21421
   794     25.45680      0.03882    206.96500      0.20168
   833     30.65711      0.04628    204.82420      0.21192
   872     36.34899      0.05478    202.55260      0.22856
   911     42.73901      0.06269    200.66910      0.24864
   950     46.89026      0.07586    203.40740      0.23346
   988     52.28970      0.08267    206.72250      0.23475
  1027     57.25636      0.09092    206.22880      0.23172
  1066     63.29683      0.10035    202.34910      0.25181
  1104     66.10976      0.10247    207.81640      0.19368
  1143     76.57930      0.11550    188.63840      0.20478
  1182     76.09907      0.13488    211.40150      0.25353
  1220     88.00035      0.13201    180.10400      0.20510
  1259     92.12812      0.13983    187.01340      0.20937
  1297     94.37182      0.14032    189.78600      0.18290
  1336    105.54730      0.14919    181.72160      0.17311
  1374    105.78090      0.16185    205.17200      0.18049
  1413    111.05260      0.17395    211.18080      0.20736
  1453    115.97990      0.16762    218.42830      0.19930
  1491    119.73840      0.18563    222.74860      0.22164
  1532    111.84850      0.24523    222.30580      0.29269
  1571    110.29550      0.26661    230.27220      0.20329
  1610    114.68180      0.26107    234.95640      0.21059
  1647    131.83660      0.23497    215.04580      0.27741
  1686    154.74100      0.24232    197.68540      0.27359
  1726    159.48340      0.26700    187.70250      0.29338
  1764    139.54390      0.39976    212.53840      0.39887
  1804    131.12850      0.42466    232.66570      0.38074
