   167    404.24770      2.01692    145.95380      0.33708
   174    395.34610      2.01687    150.84760      0.35879
   194    402.70070      2.00757    152.13050      0.38241
   214    395.62700      2.00345    149.79610      0.39589
   234    418.62410      1.98168    148.93420      0.33492
   254    432.17060      1.96612    149.27210      0.31288
   274    455.18570      1.93972    127.78190      0.21453
   294    470.07530      1.89409    145.54290      0.22735
   315    492.11610      1.83657    137.56480      0.22154
   338    505.70390      1.79983    128.43860      0.19516
   358    483.47560      1.84960    133.14130      0.23313
   378    459.28500      1.88034    139.10960      0.28289
   398    442.93070      1.90101    138.69980      0.32879
   418    438.08490      1.90625    138.01100      0.35519
   438    414.63270      1.92467    142.97500      0.39934
   458    356.12880      1.93629    163.45920      0.54880
   478    300.64320      1.89914    176.63470      0.59546
   498    297.36060      1.89374    153.45870      0.47007
   518    278.07640      1.86362    171.75050      0.55364
   538    247.43120      1.82504    182.72790      0.58757
   558    249.70000      1.81476    188.29930      0.55460
   577    264.45960      1.84372    191.75990      0.51635
   597    288.79360      1.86632    166.66410      0.44137
   617    261.33660      1.83352    183.14050      0.52852
   637    223.04360      1.74946    201.61800      0.60471
   657    205.66190      1.71186    205.19380      0.59459
   677    198.84180      1.69092    194.74670      0.52391
   698    173.22400      1.63182    199.62400      0.44572
   718    139.51170      1.49988    235.69820      0.48017
   737    120.07110      1.39020    250.56070      0.50275
   754    138.30320      1.46330    235.82500      0.53576
   774    187.07500      1.61444    232.66530      0.72704
   794    213.58820      1.68952    209.01790      0.78858
   815    231.07360      1.72538    188.51610      0.78566
   835    259.22780      1.77034    175.03260      0.75009
   855    227.86800      1.71547    185.33970      0.80406
   875    225.13530      1.69798    184.70680      0.78284
   895    193.72170      1.64264    192.78250      0.77185
   915    182.62560      1.60980    202.31970      0.79668
   936    168.01180      1.56156    213.03720      0.86121
   955    162.21780      1.54105    216.63680      0.84181
   976    156.43920      1.51951    223.95700      0.81311
   996    147.31920      1.49067    241.03600      0.79697
  1016    138.73900      1.45292    254.15390      0.75461
  1036    139.34700      1.45878    255.96330      0.76453
  1056    133.63040      1.41736    262.64370      0.72595
  1076    125.71170      1.39155    267.05280      0.64984
  1096    123.05940      1.37109    272.42690      0.60627
  1116    127.13520      1.39250    270.75600      0.65410
  1135    133.63800      1.40260    259.66540      0.61938
  1154    142.05250      1.41970    249.67030      0.61422
  1174    157.95020      1.48372    227.14110      0.56430
  1195    162.92720      1.49680    221.50570      0.55871
  1215    174.71630      1.52361    220.72680      0.55529
  1234    191.67610      1.57564    226.22820      0.54399
  1254    197.06340      1.58639    215.09130      0.47508
  1274    187.87190      1.56401    218.29410      0.50283
  1293    177.76540      1.53088    229.26180      0.57655
  1313    185.35820      1.54247    224.68300      0.63041
  1333    251.61070      1.62545    220.57620      0.59984
  1353    305.59110      1.60322    237.49670      0.50254
  1373    326.90070      1.56938    255.16080      0.37804
  1386    291.16430      1.59470    264.96370      0.38929
  1403    312.79240      1.57053    257.99620      0.31216
  1423    308.46790      1.57392    250.23650      0.29446
  1443    252.47960      1.58838    252.62830      0.32344
  1463    224.20460      1.56287    261.13920      0.32952
  1483    224.47450      1.55336    264.89760      0.32373
  1503    204.43580      1.52157    269.55690      0.30997
  1523    171.60010      1.46586    272.39430      0.30998
  1543    121.43120      1.31144    270.22520      0.32248
  1561    100.77870      1.19260    274.10760      0.33543
  1582    106.14440      1.24205    278.16470      0.31420
  1602    102.07230      1.22891    276.31670      0.36205
  1622     99.69438      1.20797    279.12060      0.35325
  1642     97.74548      1.18631    275.60740      0.33146
  1662    100.94070      1.19961    277.46020      0.39603
  1682    102.62390      1.19592    265.06620      0.33057
  1702     96.99885      1.17330    259.09120      0.34198
  1723     94.94699      1.16741    261.05220      0.30785
  1743     92.35284      1.16287    262.73310      0.35774
  1764     88.40175      1.12612    259.97680      0.29461
  1784     88.94634      1.13300    261.86490      0.34931
  1804     85.00978      1.08908    261.66880      0.29223
  1824     84.88222      1.08706    269.60080      0.36094
  1844     79.28517      1.05956    262.21980      0.31403
  1864     77.98532      1.06184    264.96610      0.34339
  1884     79.10374      1.06209    259.11370      0.28911
  1904     84.83688      1.09946    263.53730      0.34964
  1924     78.39768      1.05825    258.52980      0.29761
  1944     79.68034      1.05323    260.41860      0.33269
  1964     77.70353      1.04707    249.87100      0.31188
  1984     76.28297      1.03418    249.13510      0.30205
  2004     79.70802      1.05082    254.18960      0.32541
  2024    143.54940      1.25253    246.64940      0.28807
  2044    240.88820      1.35958    246.10760      0.30079
  2065    309.04710      1.30583    241.45530      0.27254
  2085    318.42580      1.25390    240.64410      0.25619
  2105    315.13350      1.25204    241.22570      0.26768
  2125    323.63930      1.22360    240.93240      0.27125
  2145    336.16550      1.19276    235.64950      0.22736
  2165    323.41360      1.22326    235.55530      0.25702
  2184    306.61970      1.23653    243.60980      0.26765
  2214    330.11720      1.17889    235.68970      0.26149
  2238    329.03530      1.18585    233.31980      0.26102
  2258    323.11890      1.22251    231.61540      0.25682
  2287    318.65370      1.19991    231.82910      0.24675
  2294    314.67500      1.18128    233.08470      0.24235
  2304    334.06590      1.14641    229.68950      0.25290
  2322    335.16100      1.13092    228.37730      0.25474
  2342    336.57940      1.08902    231.20410      0.26719
  2362    337.36870      1.07697    228.27710      0.24807
  2380    322.84090      1.12182    227.04140      0.25096
  2405    305.55400      1.12083    233.06490      0.24673
  2425    302.42580      1.11257    232.39150      0.27320
  2445    301.98800      1.12538    227.79500      0.25958
  2469    296.29470      1.11608    227.90990      0.25036
  2489    299.88260      1.11088    224.18200      0.24735
  2503    311.57130      1.06225    224.53530      0.24408
  2521    315.29390      1.04772    218.22330      0.28674
  2541    305.41740      1.04605    216.27400      0.31818
  2561    318.50380      1.02631    211.11160      0.27195
  2580    328.40820      0.94331    214.16490      0.24564
  2601    340.23510      0.89991    203.90790      0.27220
  2621    339.58520      0.88349    192.21470      0.31774
  2641    333.84050      0.89119    183.66100      0.33049
  2659    329.42490      0.90338    174.22010      0.31996
  2679    325.45000      0.91668    166.88370      0.28484
  2699    336.69230      0.87979    166.23310      0.25404
  2719    359.07220      0.74625    158.72100      0.23365
  2739    378.66850      0.60729    159.93180      0.21480
  2759    375.97190      0.58049    157.91090      0.23120
  2779    368.95680      0.59468    157.76520      0.23298
  2799    364.27300      0.56782    153.71830      0.23708
  2819    360.31090      0.57805    152.62280      0.23518
  2838    354.73750      0.62727    147.57640      0.22888
  2859    358.73590      0.57678    137.17470      0.20451
  2878    356.94030      0.54244    144.81440      0.21274
  2900    354.44640      0.54063    145.59680      0.21332
  2921    352.91860      0.53217    141.79700      0.22277
  2941    348.91790      0.52608    149.20160      0.24700
  2959    351.04800      0.47678    150.65520      0.25122
  2981    352.01550      0.45426    144.98700      0.23280
  3001    347.08980      0.46673    146.98100      0.20977
  3021    341.20200      0.45852    151.44630      0.20342
  3041    335.29660      0.49500    151.42140      0.20575
  3061    329.20570      0.49909    157.85910      0.21094
  3083    328.06440      0.49986    152.87670      0.22126
  3103    328.36430      0.46941    148.40950      0.21204
  3123    329.93840      0.45441    141.65830      0.19707
  3143    325.51830      0.45936    143.18670      0.19822
  3163    324.55060      0.43335    141.89990      0.18939
  3183    321.11920      0.42652    139.19000      0.18386
  3203    317.11690      0.43852    138.90670      0.18414
  3223    313.92600      0.40583    144.97110      0.19700
  3243    312.04780      0.38616    150.51180      0.19554
  3263    303.19720      0.40107    155.61420      0.19780
  3283    303.60350      0.40471    156.60310      0.18507
  3308    299.71890      0.39907    162.58720      0.19433
  3329    297.17620      0.38177    167.67730      0.20447
  3349    293.29640      0.38858    170.37850      0.22091
  3369    291.14760      0.38252    165.57620      0.21951
  3389    291.48210      0.38395    158.13170      0.18667
  3409    290.13780      0.39354    154.12050      0.17536
  3429    289.94820      0.36238    153.46920      0.17686
  3449    286.53920      0.36018    153.55330      0.18336
  3470    282.55980      0.35225    155.56690      0.17974
  3490    278.35870      0.36183    157.24930      0.18477
  3512    274.83800      0.35161    157.04380      0.18455
  3532    270.78260      0.35355    158.89350      0.19234
  3555    267.03820      0.37230    156.22290      0.20752
  3575    257.01510      0.40875    165.45830      0.24788
  3595    250.01910      0.41004    177.16930      0.23663
  3615    242.15710      0.45349    179.40380      0.21576
  3633    235.73210      0.46059    179.66500      0.22410
  3654    225.73910      0.53564    178.92580      0.22068
  3675    219.52620      0.54210    178.04880      0.21439
  3695    210.15480      0.57738    178.91480      0.22529
  3716    198.61540      0.61563    175.07580      0.23312
  3737    171.79800      0.66905    180.64770      0.29899
  3756    137.87540      0.69618    194.63130      0.44836
  3776    114.24260      0.68974    203.13440      0.48552
  3798    119.66040      0.67978    200.71760      0.49596
  3816    113.01760      0.67423    203.88780      0.51972
  3836     98.57393      0.65681    206.54620      0.57369
  3856     96.12883      0.65174    204.78140      0.58533
  3876     92.77534      0.64070    205.01880      0.58162
  3896     72.66676      0.61560    216.90870      0.59724
  3916     58.60891      0.58334    228.43310      0.53381
  3936     65.93258      0.58678    230.80980      0.53077
  3955     65.73638      0.57861    230.97830      0.51353
  3975     58.05827      0.56116    227.29210      0.54965
  3995     68.13599      0.56971    226.83700      0.49922
  4015     86.41071      0.57876    223.90010      0.46400
  4035    109.89170      0.57653    217.70390      0.47998
  4055    136.91280      0.54732    208.28640      0.40064
  4076    136.58320      0.53680    205.10260      0.39457
  4096    142.07450      0.50865    204.51600      0.38686
  4116    110.05120      0.53801    213.92480      0.42691
  4136     95.68747      0.53411    218.55800      0.46270
  4156     95.52761      0.52426    219.88750      0.41692
  4176    104.15530      0.51121    216.37390      0.40804
  4196    122.02730      0.48059    207.57410      0.34069
  4216    128.40130      0.46224    196.74730      0.34055
  4236    130.29660      0.45413    185.16670      0.37722
  4256    127.62880      0.45037    181.23860      0.37986
  4276    112.89400      0.46563    190.64530      0.46677
  4296     83.01691      0.47157    203.89030      0.54658
  4317     49.43744      0.43941    214.90200      0.57540
  4335     42.38134      0.42220    218.96190      0.57053
  4354     42.63151      0.41578    222.12740      0.54684
  4377     63.09742      0.42786    222.28900      0.47451
  4395     65.53714      0.42068    221.58770      0.49723
  4414     55.07831      0.40979    222.70580      0.53002
  4434     55.91256      0.40259    224.21870      0.53749
  4454     77.94411      0.39727    223.54060      0.40069
  4474     67.07267      0.39049    224.18630      0.45002
  4494     82.68581      0.37494    219.85320      0.37315
  4514     93.37794      0.35144    217.06910      0.29355
  4534     94.71226      0.32938    209.87610      0.36424
  4554     93.79246      0.31353    208.01900      0.34101
  4574     82.43187      0.33024    216.83690      0.35616
  4595     71.06693      0.33512    219.79000      0.43837
  4615     61.68050      0.32975    221.26820      0.44638
  4635     66.93095      0.31818    223.31230      0.36607
  4655     69.77747      0.30247    223.17860      0.33034
  4675     67.02948      0.29818    223.02290      0.36162
  4695     70.83195      0.28394    220.31530      0.36250
  4715     79.29623      0.26650    196.01100      0.33802
  4735     83.76862      0.24753    181.39060      0.24151
  4755     77.31966      0.25437    184.78030      0.30372
  4775     59.14084      0.26713    199.93460      0.43692
  4795     40.32697      0.25963    213.94410      0.54074
  4815     44.45493      0.25060    214.63050      0.49112
  4835     63.73712      0.22080    205.92060      0.39418
  4855     69.03186      0.19158    193.00650      0.35094
  4875     69.18000      0.17277    187.13280      0.30304
  4895     64.90263      0.17601    180.42190      0.28797
  4915     62.91510      0.16303    172.46390      0.23503
  4934     66.77836      0.13523    167.53730      0.18160
  4954     65.84154      0.11906    163.91190      0.16219
  4974     62.24199      0.11587    161.66870      0.15915
  4995     57.95404      0.12222    161.32450      0.16109
