   177      0.00000      0.00000    212.27560      0.27108
   208      0.00000      0.00000    206.99710      0.34269
   229      0.00000      0.00000    196.05870      0.30377
   268      0.00000      0.00000    181.30650      0.23666
   307      0.00000      0.00000    184.59180      0.28199
   341      0.00000      0.00000    191.01950      0.27424
   376      0.00000      0.00000    191.56260      0.27615
   415      0.00000      0.00000    188.68200      0.23608
   454      0.00000      0.00000    206.34350      0.25680
   492      2.62416      0.00538    209.47220      0.22355
   526      6.44843      0.01182    201.70010      0.19360
   565     11.54479      0.01944    198.18560      0.23028
   602     15.78506      0.02637    196.06410      0.20119
   640     21.25234      0.03383    200.99830      0.23546
   678     25.31627      0.04000    205.44180      0.23147
   717     30.84781      0.04645    207.49470      0.23941
   755     36.36205      0.05496    207.15960      0.22401
   794     41.21248      0.06344    206.80940      0.24320
   833     45.67159      0.07282    206.66770      0.26375
   872     51.26132      0.07557    210.85960      0.25518
   910     55.88603      0.08890    215.99040      0.25470
   949     61.27813      0.09696    216.54860      0.27539
   988     67.15309      0.10821    216.52450      0.23860
  1027     73.35724      0.11226    205.65100      0.23957
  1066     80.31957      0.12141    206.12530      0.21257
  1105     86.15140      0.13392    205.44440      0.21238
  1145     90.13235      0.13373    196.42990      0.29020
  1184     97.69803      0.14224    205.99890      0.22888
  1223    102.49280      0.13706    206.69480      0.22446
  1262    107.22870      0.16046    210.85260      0.21907
  1301    112.10870      0.16117    205.87150      0.28531
  1340    117.99090      0.17967    211.51810      0.27470
  1379    104.41900      0.22742    220.58810      0.31099
  1418    110.11070      0.24832    221.36310      0.29978
  1457    113.27270      0.25612    223.00540      0.29244
  1496    118.93940      0.26104    221.16890      0.29208
  1534    126.22020      0.27673    225.87820      0.30623
  1572    142.14780      0.24123    227.20680      0.31711
  1611    146.47570      0.23689    229.02460      0.31146
  1648    102.70370      0.42942    232.00590      0.39160
  1686    127.15100      0.41638    228.08910      0.34104
  1725    129.29940      0.47125    228.39690      0.31215
  1763    109.26560      0.49950    222.50510      0.44586
  1802    135.21360      0.48944    231.45560      0.36644
