  2520    156.66630      1.72292    274.61990      0.52873
  2544    185.65540      1.82789    261.78140      0.58746
  2584    269.54220      2.04763    262.96710      0.62271
  2622    250.32490      1.96698    272.57700      0.51779
  2661    236.61140      1.95454    272.47830      0.55810
  2702    221.11490      1.92747    272.75860      0.62798
  2747    213.79130      1.91550    278.67350      0.68446
  2784    259.06200      2.03294    252.06820      0.70299
  2824    417.39410      2.29547    213.34580      0.47337
  2862    431.22960      2.32011    183.46130      0.51777
  2901    708.77740      1.50850    178.75690      0.19349
  2940    442.75110      2.34141    179.05190      0.38959
  2978    436.07800      2.33575    210.33310      0.43416
  3017    509.82730      2.32097    208.53330      0.35172
  3056    191.27520      1.82803    289.99070      0.64038
  3095    187.41410      1.75619    297.44020      0.65833
