   220    332.28230      1.56475    191.53450      0.29944
   780     81.17915      1.12912    230.32490      0.57542
  1260     62.48624      0.25131    225.21610      0.52900
  1660    126.47980      0.38060    196.96900      0.35659
  2080    209.49050      0.29972    187.26010      0.19084
  2500    237.70120      0.38337    184.31230      0.21124
  2980    321.64620      0.59440    190.31880      0.18504
  3420    368.38500      0.65962    205.25890      0.22619
  3840    414.26770      0.76001    200.72720      0.23599
  4240    457.13180      1.00593    196.92970      0.17234
