  2511    328.98710      2.26824    283.30810      0.39245
  2572    252.31250      2.14471    293.37070      0.39531
  2604    175.80270      1.82083    300.61380      0.40070
  2643    246.93990      2.10262    290.49730      0.48606
  2682    189.86190      1.86854    299.55220      0.50736
  2721    210.15350      1.97108    295.35970      0.54546
  2757    320.77960      2.29887    292.57350      0.49270
  2796    306.78310      2.27278    303.22020      0.45666
  2835    304.94260      2.26392    299.40530      0.47768
  2874    242.93600      2.06679    299.41270      0.51013
  2913    197.06070      1.92716    304.65560      0.53512
  2952    305.45710      2.29627    256.24970      0.67834
  2991    323.49050      2.34444    211.07390      0.91607
  3030    717.57370      2.13477    103.45070      0.12581
  3070    846.66430      1.38715    100.49790      0.11539
  3109    837.41050      1.47103     99.00978      0.11660
  3148    349.60980      2.44704    140.42160      0.86166
  3187    374.04920      2.49390    178.32330      1.02973
  3226    868.08330      0.86597    102.59430      0.09951
  3265    221.63920      2.10696    288.17960      0.53229
  3304    194.77930      1.96205    301.40580      0.63590
