   178      0.00000      0.00000    213.19650      0.28391
   227      0.00000      0.00000    195.08960      0.30038
   265      0.00000      0.00000    182.64100      0.25436
   296      0.00000      0.00000    180.65970      0.25999
   340      0.00000      0.00000    190.73200      0.26401
   384      0.00000      0.00000    184.68330      0.25055
   425      0.00000      0.00000    194.11500      0.27098
   464      0.00000      0.00000    205.89650      0.26317
   504      3.83301      0.00786    206.54830      0.20129
   546      8.73641      0.01572    201.30340      0.18483
   583     13.06519      0.02335    201.40270      0.18340
   623     19.19089      0.02890    200.63290      0.20843
   661     23.83819      0.03746    201.67050      0.24934
   700     28.63617      0.04410    204.27250      0.24482
   738     33.94056      0.04948    208.21970      0.21961
   780     39.30372      0.06029    206.11180      0.23930
   819     44.17042      0.06801    206.04460      0.28499
   858     49.76188      0.07385    211.47410      0.24070
   897     54.33328      0.08272    212.95720      0.26170
   936     60.20330      0.09145    217.13850      0.26442
   975     64.91212      0.10466    216.23000      0.25728
  1015     71.83695      0.11051    206.10770      0.23838
  1054     78.28705      0.11736    206.49530      0.20906
  1093     83.96370      0.12385    203.38310      0.23253
  1134     89.81460      0.13133    205.15090      0.22853
  1173     95.47146      0.13961    206.51390      0.21996
  1212    101.22750      0.14719    206.54860      0.23038
  1252    106.58260      0.15308    208.65180      0.25751
  1291    110.69200      0.16107    207.45920      0.26791
  1331    117.41330      0.17159    211.80120      0.26094
  1370    106.85410      0.22860    222.55030      0.28556
  1409    108.97830      0.23526    216.41240      0.34057
  1447    114.95790      0.24777    221.04550      0.29305
  1486    117.25110      0.27379    223.58930      0.26675
  1525    122.01840      0.27272    228.12560      0.25916
  1564    139.54410      0.25434    227.39320      0.32012
  1603    147.27520      0.24159    225.51140      0.33841
  1641    116.53020      0.40216    230.89020      0.37996
  1682    124.60880      0.42431    227.90520      0.36113
  1721    130.32180      0.45905    227.52190      0.33453
  1761    106.83500      0.50475    229.92470      0.46912
  1800    127.35740      0.49524    235.66790      0.32891
