   855    302.50920      2.36358    273.90840      0.62470
   876    337.11740      2.49012    241.26010      0.81407
   914    324.93110      2.44328    248.55850      0.79903
   953    706.76840      2.39941    201.86720      0.54489
   992    507.17720      2.70089    227.74710      0.38456
  1031    536.71520      2.68000    224.82500      0.59249
  1055    286.44100      2.34577    254.13040      0.76373
  1093    248.64200      2.23088    259.37120      0.74659
  1131    263.68520      2.27670    258.89990      0.75380
  1169    338.96290      2.50233    263.89430      0.57007
  1209    385.52520      2.60189    263.51710      0.53225
  1248    291.16310      2.40706    248.95440      0.72421
  1287    399.22600      2.62114    246.80910      0.67537
  1326    225.64020      2.17855    249.54630      0.71986
  1366    521.76730      2.67244    236.82300      0.43791
  1405    423.59980      2.66183    230.34800      0.56052
  1444    849.03670      1.43480    132.01140      0.21816
  1509    411.37970      2.63591    221.81320      0.70542
  1549    585.88580      2.66501    155.46910      0.28699
  1587    629.37940      2.46677    193.68330      0.45749
  1626    511.96640      2.64290    194.05260      0.65686
  1665    387.48260      2.57322    220.69200      0.67621
  1702    660.95060      2.46000    194.75820      0.27935
  1739    715.78650      2.25089    186.45840      0.27790
  1780    756.17270      2.05694    179.51070      0.26767
  1819    845.33280      1.36945    141.76510      0.20927
  1853    653.03110      2.51710    168.05760      0.22136
  1891    506.08910      2.71855    117.25640      0.36687
  1930    697.07530      2.48837    115.80210      0.16445
  1969    700.62550      2.50474    122.93070      0.16577
  2007    608.51600      2.61117    208.51350      0.52261
  2046    682.40910      2.40176    190.95520      0.47034
  2085    822.43980      1.56427    170.37990      0.40465
  2124    693.29210      2.36073    214.48080      0.28526
  2162    521.75340      2.69029    206.85960      0.36210
  2201    414.62400      2.61625    215.85870      0.41748
  2241    384.25820      2.59855    219.26270      0.48276
  2280    375.47300      2.57190    220.97200      0.53572
  2319    457.61870      2.65689    213.57610      0.47688
  2357    409.61790      2.47796    236.85280      0.45981
  2396    301.52380      2.38561    262.63580      0.40322
  2434    510.62670      2.48775    252.51950      0.35242
