   833    319.46850      2.41476    286.71910      0.78093
   882    327.49360      2.43279    284.13600      0.80720
   921    318.55220      2.39201    284.10960      0.74749
   960    308.88410      2.34274    286.53360      0.67821
   998    290.83230      2.36412    282.49340      0.65177
  1038    300.06380      2.35396    271.45190      0.65666
  1076    367.26700      2.54124    251.24610      0.52775
  1114    385.93290      2.59055    244.65750      0.47097
  1153    333.90310      2.47370    249.92980      0.62881
  1192    309.36480      2.44893    248.91230      0.66950
  1231    354.86820      2.56259    229.73630      0.55435
  1271    441.71710      2.66945    217.87840      0.38886
  1309    283.46800      2.36709    243.62060      0.64782
  1349    245.79220      2.29711    274.74310      0.44234
  1387    228.58410      2.21440    275.88460      0.42522
  1427    218.19350      2.18043    274.92260      0.52320
  1466    228.70690      2.22244    273.79370      0.49275
  1505    296.20610      2.40494    251.98930      0.56580
  1544    316.29710      2.48502    261.52110      0.47382
  1583    283.90510      2.39311    261.00890      0.50375
  1622    197.51320      2.08074    259.64510      0.63534
  1661    248.36660      2.27045    259.24360      0.62438
  1699    174.93110      1.95896    280.76610      0.42496
  1737    478.39470      2.68658    109.38110      0.46059
  1776    906.76960      1.07455    100.92070      0.11067
  1807    913.64060      0.98708    105.18540      0.11716
  1864    520.74050      2.65149    151.10750      0.36737
  1903    210.75950      2.11981    248.61380      0.78001
  1942    228.68840      2.19818    278.08220      0.43620
  1981    393.54960      2.58717    187.10470      0.85977
  2019    493.11470      2.66460    104.42560      0.34593
  2058    192.89720      2.00186    257.32640      0.71646
  2096    437.08280      2.63234    138.67860      0.45875
  2135    233.08280      2.19624    256.59140      0.72897
