  2529    249.62940      2.10281    285.85630      0.43106
  2571    252.27960      2.13517    293.84660      0.37961
  2609    183.46140      1.85711    300.16810      0.42486
  2650    254.36830      2.10305    288.43030      0.52721
  2687    190.28320      1.87690    300.22270      0.51695
  2726    223.65270      2.00702    304.97250      0.45120
  2765    327.17250      2.31125    299.98670      0.45048
  2806    296.76610      2.25675    298.96160      0.50548
  2846    309.99660      2.28396    296.77350      0.49465
  2885    247.90240      2.13684    291.72180      0.67080
  2925    196.01610      1.92077    296.94480      0.61870
  2964    309.89260      2.29213    257.62730      0.66632
  3002    444.30720      2.51842    138.14170      0.62628
  3041    803.53860      1.70976    102.43850      0.12397
  3080    859.93700      1.24190     99.24522      0.12030
  3119    820.19730      1.64573     98.97775      0.11468
  3158    232.98570      2.13727    230.19500      1.04097
  3197    847.25840      1.15850    102.80530      0.09211
  3236    865.63890      0.95144    100.27160      0.09944
  3297    192.55460      1.97363    314.33780      0.47281
