   157      0.00000      0.00000    200.43350      0.19342
   203      0.00000      0.00000    218.36780      0.32546
   258      0.00000      0.00000    187.62930      0.27879
   295      0.00000      0.00000    183.50640      0.25172
   339      0.00000      0.00000    190.05080      0.25758
   381      0.00000      0.00000    186.90980      0.25724
   422      0.00000      0.00000    191.40580      0.26809
   461      0.00000      0.00000    206.08890      0.26361
   500      3.45286      0.00713    208.25840      0.19925
   538      7.73750      0.01353    199.88320      0.19676
   577     12.31584      0.02194    202.52420      0.20923
   614     17.67790      0.02865    200.18050      0.19131
   653     22.96454      0.03654    201.26220      0.25196
   692     27.00822      0.04429    204.75540      0.21758
   729     32.16905      0.04929    205.44600      0.24913
   767     37.49242      0.05632    206.80230      0.23255
   806     42.71016      0.06856    208.27700      0.26856
   843     47.31641      0.07333    205.83870      0.27565
   882     52.52760      0.07566    212.23410      0.24947
   921     57.27782      0.09170    217.54970      0.27207
   960     62.67323      0.09840    216.86720      0.25830
   999     69.19667      0.10762    207.36030      0.26098
  1037     75.71313      0.11468    207.10080      0.22493
  1076     81.90000      0.11875    204.42660      0.23948
  1115     87.30833      0.13058    203.08190      0.24344
  1153     91.93501      0.14258    204.77810      0.24105
  1192     97.90520      0.14556    205.71450      0.22164
  1231    103.58710      0.15382    207.17140      0.24136
  1270    107.33680      0.15810    207.22540      0.26259
  1309    113.44450      0.17265    209.41340      0.24899
  1348    117.64160      0.18336    214.18980      0.27368
  1387    105.60230      0.23426    218.86330      0.32026
  1426    113.02930      0.23197    219.51610      0.28909
  1465    114.37240      0.25636    221.91660      0.30334
  1504    119.58700      0.26515    223.94600      0.28687
  1543    131.25830      0.26401    227.60330      0.32492
  1582    144.98390      0.22896    226.53600      0.33616
  1620    145.69800      0.24396    227.44090      0.33255
  1659     94.69841      0.45954    233.28770      0.36692
  1698    134.30120      0.43235    226.99980      0.31355
  1737    128.36770      0.48153    228.00610      0.33041
  1776    103.48280      0.51901    234.80510      0.40376
  1816    137.20680      0.49910    228.50150      0.39135
