  2514    309.26980      2.25533    282.96120      0.39291
  2562    238.08040      2.09757    288.06030      0.42725
  2603    175.56910      1.84218    300.88900      0.38885
  2642    244.78440      2.09202    290.85430      0.48297
  2680    193.57480      1.88512    299.68440      0.50612
  2716    196.00180      1.87045    294.98010      0.49761
  2755    314.11610      2.27323    292.43140      0.50800
  2794    308.35770      2.26425    302.83500      0.43764
  2833    303.37820      2.26408    297.91540      0.51245
  2872    253.35480      2.14193    300.40420      0.50258
  2912    196.38470      1.93073    301.42640      0.54578
  2951    316.16320      2.31842    254.30820      0.63820
  2990    320.80800      2.33997    215.25620      0.89998
  3029    707.52410      2.19477    103.81170      0.12316
  3068    842.64610      1.43526    100.59740      0.11909
  3107    837.19150      1.49283     98.97482      0.11701
  3146    391.92710      2.51245    126.42430      0.72259
  3185    298.18320      2.34939    199.67750      1.03634
  3224    867.27150      0.84213    102.60300      0.10434
  3261    236.90170      2.15075    285.75930      0.53870
  3301    193.32660      1.95035    313.89830      0.47610
