   187      0.00000      0.00000    221.99230      0.28761
   196      0.00000      0.00000    223.76740      0.27184
   251      0.00000      0.00000    187.53190      0.26917
   294      0.00000      0.00000    183.57820      0.26328
   351      0.00000      0.00000    197.73820      0.29710
   397      0.00000      0.00000    183.43150      0.20622
   438      0.00000      0.00000    203.16400      0.26134
   477      0.93561      0.00203    209.23960      0.21259
   523      6.04015      0.01132    202.32330      0.19286
   562     10.72429      0.01817    201.63580      0.19308
   601     15.71110      0.02548    197.65800      0.19592
   641     21.40750      0.03550    201.55980      0.23306
   683     25.86042      0.04047    205.17150      0.24221
   721     31.05243      0.04732    208.49580      0.23382
   761     36.81200      0.05415    206.28840      0.23491
   800     42.30346      0.06584    207.50160      0.24655
   839     46.69115      0.07303    206.41130      0.25155
   878     51.92947      0.07708    211.96220      0.25109
   917     56.70578      0.08766    215.43290      0.25823
   957     62.16552      0.09883    213.96000      0.28715
   996     68.62398      0.10685    212.64630      0.25123
  1036     75.85617      0.11130    207.68970      0.21985
  1075     81.59954      0.12118    204.89230      0.23141
  1114     87.43690      0.12700    203.65400      0.24702
  1154     92.30990      0.13415    204.61490      0.23935
  1193     98.09867      0.14373    205.50820      0.23210
  1232    103.79490      0.14732    207.59610      0.23397
  1271    107.51750      0.15426    206.79750      0.26283
  1310    113.95610      0.16418    209.99050      0.24899
  1350    116.94320      0.18969    214.77230      0.29214
  1390    106.18170      0.22908    219.40700      0.30659
  1431    118.92610      0.22920    219.39470      0.28592
  1470    114.25650      0.26250    222.49510      0.29359
  1509    120.17500      0.26959    225.11360      0.24678
  1548    132.17990      0.26083    228.44150      0.32570
  1587    145.04350      0.24172    224.46060      0.35658
  1626    142.53220      0.27170    227.32480      0.34255
  1665    104.63590      0.46593    232.34430      0.34349
  1704    129.95230      0.45677    227.98320      0.32346
  1743    122.70420      0.48764    228.81500      0.34144
  1782    113.08160      0.51591    232.55740      0.37599
  1821    128.37270      0.52526    235.39150      0.39658
