   154    389.41230      2.02552    144.22600      0.35669
   183    397.69160      2.01214    155.84360      0.37163
   209    395.54690      2.00575    148.33700      0.36977
   229    413.03160      1.99077    147.73260      0.33441
   249    423.83190      1.97671    148.61290      0.32779
   269    452.40400      1.94009    130.68690      0.21649
   289    464.19510      1.89728    146.61560      0.24001
   310    491.85820      1.84135    128.34200      0.18181
   330    498.01050      1.83496    124.31700      0.18485
   351    491.76410      1.83379    138.09660      0.23921
   372    464.20770      1.87759    139.73280      0.29520
   392    448.78670      1.88658    138.90000      0.31153
   412    443.10120      1.90459    134.73860      0.31768
   432    428.24650      1.90502    151.10350      0.38265
   454    368.93040      1.93693    159.13630      0.52321
   473    306.27630      1.90696    178.22900      0.58831
   493    293.65210      1.88950    167.27450      0.56437
   513    282.06040      1.87470    176.96690      0.56326
   533    261.47990      1.84764    176.31900      0.57876
   554    247.26680      1.82570    191.97180      0.56565
   574    268.14470      1.84085    194.62820      0.53156
   594    288.21110      1.86740    176.36310      0.47107
   614    265.09120      1.83017    177.01820      0.49871
   634    225.82320      1.74006    199.05800      0.60939
   654    213.01190      1.72524    198.77760      0.58964
   674    204.93910      1.70675    189.88190      0.51136
   695    176.65380      1.63728    208.97470      0.51309
   715    143.93350      1.51180    238.06550      0.50863
   734    122.30880      1.40151    249.25940      0.50121
   750    130.60400      1.43640    236.69930      0.48345
   770    160.69380      1.55685    238.97460      0.65825
   790    206.98740      1.67690    210.08050      0.78267
   811    234.95920      1.73254    192.34970      0.77909
   831    251.21910      1.76255    177.60930      0.76313
   851    234.11530      1.73657    184.95860      0.80012
   871    229.24540      1.71652    175.84620      0.75040
   891    201.38940      1.66742    191.98700      0.78144
   913    183.73660      1.60993    200.65970      0.79720
   933    167.45100      1.55806    214.39810      0.86361
   952    163.97580      1.52423    217.13200      0.84615
   972    158.64490      1.53040    222.95190      0.81584
   992    143.58730      1.44344    237.58550      0.77982
  1012    140.38920      1.46697    251.57180      0.77401
  1032    138.04830      1.43185    256.60360      0.74050
  1050    134.72620      1.42202    259.74600      0.76854
  1070    130.64920      1.40325    265.68130      0.69548
  1090    124.72390      1.38849    274.83180      0.62429
  1110    124.22530      1.37203    273.03350      0.63007
  1130    130.75510      1.38269    264.96280      0.63309
  1151    140.93370      1.42748    250.17480      0.61671
  1172    157.80640      1.48755    220.59550      0.53789
  1192    161.26570      1.48404    220.99020      0.55618
  1212    174.49520      1.53516    224.22860      0.57521
  1232    186.35710      1.55982    224.74870      0.53400
  1252    195.83330      1.58518    212.21390      0.45664
  1272    187.83880      1.55819    218.52230      0.49572
  1294    179.04980      1.53927    229.60570      0.57610
  1314    190.77500      1.56179    223.62440      0.62633
  1335    262.88560      1.62741    218.14020      0.60336
  1355    308.64970      1.59627    233.63320      0.46910
  1375    314.87600      1.57418    258.37880      0.39120
  1389    289.20830      1.58769    268.31300      0.35169
  1406    315.15980      1.56690    256.84290      0.33157
  1426    301.87410      1.57895    253.16350      0.30393
  1446    244.70550      1.58174    254.14510      0.30255
  1466    223.75470      1.56182    262.85100      0.30889
  1487    215.24780      1.54375    261.03610      0.32383
  1507    203.31980      1.52388    268.43100      0.33788
  1527    159.62140      1.42308    273.07480      0.33092
  1547    117.39080      1.29587    274.60750      0.34700
  1567    106.48370      1.24785    272.19960      0.34151
  1587    103.42930      1.23150    273.99460      0.32744
  1608    104.40530      1.20807    278.61220      0.37352
  1628     98.40289      1.21312    280.55690      0.37571
  1649     97.30887      1.17591    280.24420      0.35356
  1670     98.99496      1.16294    274.18410      0.35709
  1690     99.21024      1.16637    265.66440      0.32516
  1710     93.37487      1.16074    262.90240      0.32687
  1730     94.09153      1.16353    261.33330      0.33470
  1751     88.80913      1.13703    263.89440      0.34641
  1771     89.11292      1.12821    250.61120      0.30953
  1791     85.45690      1.08366    260.14390      0.35128
  1812     83.90314      1.10439    263.63420      0.34780
  1832     83.70958      1.07780    269.22030      0.38144
  1852     79.33444      1.06837    254.52670      0.31489
  1872     77.74770      1.06705    254.56780      0.30965
  1892     76.53814      1.02840    260.72610      0.33722
  1912     77.53528      1.06033    265.58570      0.33863
  1933     80.43414      1.05573    260.81990      0.31230
  1953     79.02113      1.03293    247.71280      0.32191
  1973     76.78850      1.04458    256.95130      0.34702
  1993     79.20090      1.05341    253.34300      0.33018
  2013     91.23704      1.07483    251.45930      0.30317
  2034    208.04550      1.35304    243.32110      0.27787
  2054    296.64370      1.33418    239.83270      0.27583
  2074    298.95940      1.29888    243.72490      0.26153
  2094    321.50050      1.25700    239.34760      0.24350
  2114    319.45020      1.23865    241.91820      0.24584
  2134    336.31030      1.19930    237.68840      0.23815
  2154    318.52630      1.23050    239.38660      0.26562
  2174    303.49420      1.23740    244.79120      0.26154
  2194    331.00190      1.18208    237.42900      0.26084
  2205    332.93620      1.18496    235.04370      0.24738
  2225    331.91800      1.17372    233.98450      0.25149
  2245    322.06720      1.20187    234.24150      0.25455
  2266    324.09490      1.21229    228.97650      0.26198
  2278    321.87170      1.20167    231.49310      0.26651
  2306    335.44220      1.13793    229.71550      0.25483
  2323    342.32170      1.11710    225.92270      0.25512
  2343    341.80400      1.08885    228.45590      0.26158
  2363    331.13170      1.09455    229.75320      0.25356
  2381    316.48260      1.13249    229.34070      0.26706
  2404    306.58110      1.11471    232.77990      0.26105
  2424    303.85730      1.11672    231.99620      0.25667
  2444    299.97520      1.11171    229.52360      0.25452
  2468    290.24910      1.12852    228.88930      0.25870
  2488    299.10930      1.10453    224.48930      0.24329
  2501    314.76600      1.06895    222.49540      0.26675
  2517    314.52040      1.05286    220.28320      0.28895
  2537    310.54310      1.04419    214.89810      0.30158
  2557    316.10920      1.01063    214.30460      0.29066
  2577    327.29310      0.94537    213.69890      0.25992
  2597    337.06670      0.88447    209.57200      0.26648
  2617    340.03860      0.86937    195.94420      0.31366
  2637    333.43850      0.87973    187.72380      0.33274
  2657    332.55400      0.88835    172.34760      0.32601
  2678    326.03680      0.91192    167.90710      0.27643
  2698    337.38170      0.85877    166.35480      0.25610
  2718    357.66240      0.77358    155.68300      0.23264
  2738    378.22690      0.63268    159.84980      0.21511
  2758    376.71000      0.57088    156.24590      0.22968
  2778    368.92980      0.59330    157.92210      0.22766
  2798    361.53190      0.59565    157.60570      0.23612
  2818    361.83780      0.58769    146.99100      0.22566
  2839    353.10930      0.63536    150.65640      0.23449
  2858    354.91710      0.61837    146.06460      0.22316
  2879    355.94340      0.55246    144.17240      0.21172
  2901    354.05440      0.54297    145.85130      0.21330
  2919    353.62470      0.54173    137.32690      0.21348
  2940    350.69380      0.51697    146.01000      0.23935
  2961    350.62200      0.49024    150.65030      0.24184
  2980    349.17360      0.46442    152.31260      0.23931
  3000    348.04870      0.45901    144.95420      0.21310
  3020    341.14330      0.47328    152.61140      0.20990
  3040    335.85540      0.48280    151.86900      0.20350
  3060    330.95500      0.50633    151.82460      0.21958
  3080    328.13630      0.51715    150.40400      0.21856
  3099    328.45990      0.47269    149.84500      0.20289
  3120    329.95520      0.45201    139.39700      0.18706
  3141    326.81490      0.44419    143.95980      0.19314
  3161    323.92540      0.42613    143.50420      0.18825
  3181    320.71280      0.42924    140.79230      0.17926
  3201    317.97440      0.43714    137.91700      0.17170
  3221    314.20120      0.42911    142.83250      0.19623
  3241    312.23320      0.38901    149.96640      0.19665
  3260    308.48250      0.39056    155.75760      0.19022
  3281    304.23470      0.39948    156.66850      0.19118
  3300    300.57070      0.38604    160.24260      0.19643
  3320    298.46220      0.38448    164.88470      0.20410
  3340    295.41940      0.37125    169.62100      0.21287
  3361    292.22900      0.38475    167.09080      0.20504
  3381    290.80450      0.39763    160.49400      0.20086
  3400    291.66960      0.37087    154.92530      0.17793
  3420    289.48990      0.36874    155.27550      0.17755
  3440    287.37060      0.36027    154.77950      0.18126
  3460    283.22240      0.38946    156.24750      0.18423
  3480    280.36250      0.35081    156.72550      0.17852
  3499    277.42320      0.34312    156.92360      0.18114
  3519    272.70940      0.36346    157.68770      0.18515
  3540    270.08690      0.35826    157.28290      0.19797
  3557    265.15530      0.38228    158.32170      0.21990
  3577    256.76760      0.39086    167.39580      0.24959
  3597    248.59760      0.43699    176.94270      0.22888
  3617    241.58870      0.46064    178.19830      0.20961
  3637    233.84960      0.47639    179.45940      0.21988
  3657    225.61950      0.52286    178.39960      0.22237
  3677    218.40720      0.53486    178.61720      0.22578
  3697    208.50040      0.57708    180.67920      0.21078
  3717    195.62540      0.61928    176.27900      0.23306
  3736    173.28270      0.66788    179.26290      0.29171
  3758    135.79990      0.69501    194.69000      0.43844
  3777    113.23560      0.69057    201.85080      0.48623
  3797    118.69450      0.68209    203.22570      0.48891
  3818    112.96430      0.67276    203.73490      0.52883
  3838    100.93590      0.66076    205.15650      0.57651
  3857     96.58202      0.65067    203.21130      0.59314
  3878     90.62776      0.63771    206.94350      0.59111
  3898     68.98974      0.60571    218.00400      0.59487
  3918     59.59838      0.57945    228.32210      0.56864
  3938     65.63623      0.58694    231.15460      0.51684
  3965     64.06667      0.57634    228.84320      0.54925
  3985     59.87989      0.56296    225.04930      0.56800
  4005     85.58751      0.58163    224.23300      0.50180
  4025     98.05763      0.57993    222.12050      0.47175
  4046    124.93960      0.56671    212.65570      0.44017
  4067    139.61340      0.53605    204.90900      0.39569
  4087    145.23220      0.51002    203.51750      0.34682
  4106    131.23340      0.52334    207.52960      0.40056
  4126     93.50039      0.53890    218.47770      0.46923
  4146     95.11073      0.52801    220.11880      0.43344
  4166    103.06300      0.51712    217.71860      0.39082
  4186    110.64010      0.50346    212.50970      0.37849
  4207    124.67970      0.47635    202.10660      0.36658
  4227    129.60920      0.46069    189.87660      0.37358
  4247    130.03180      0.44637    181.36860      0.38191
  4266    122.90030      0.45638    183.08880      0.40088
  4286     97.69064      0.47350    197.92760      0.50527
  4306     65.66647      0.46165    210.36140      0.56033
  4326     46.43420      0.42994    216.15170      0.57617
  4346     39.56543      0.41456    219.04840      0.60002
  4366     53.51619      0.42572    220.81240      0.54170
  4386     69.11897      0.42586    220.30980      0.48154
  4406     57.19008      0.41398    222.67050      0.52768
  4425     50.19433      0.40142    224.94700      0.52737
  4445     71.59332      0.40195    222.83570      0.46155
  4465     74.95741      0.39349    223.30890      0.42510
  4485     71.46274      0.38486    222.08180      0.43703
  4505     97.00422      0.34955    216.81840      0.26920
  4524     92.48592      0.34609    215.24380      0.36341
  4544     94.68828      0.31999    209.33380      0.34438
  4564     87.67074      0.32416    211.91600      0.32625
  4584     79.52232      0.32792    217.66070      0.38799
  4604     63.40530      0.33517    221.51660      0.44916
  4623     63.29506      0.32477    221.49400      0.44458
  4643     69.29621      0.30931    222.80550      0.35891
  4665     68.13497      0.29939    222.64830      0.35739
  4684     67.53258      0.29162    222.38070      0.35083
  4704     72.60769      0.27897    209.43780      0.35751
  4726     86.14440      0.24578    183.09030      0.25244
  4746     80.97270      0.24931    182.96710      0.28732
  4766     70.76158      0.25968    193.69610      0.37417
  4786     49.83527      0.26562    209.07530      0.49841
  4806     35.56832      0.25199    215.46760      0.52108
  4826     56.99330      0.23629    209.17990      0.45364
  4846     69.39684      0.19693    198.95640      0.35907
  4866     69.90605      0.17645    190.00230      0.33283
  4887     65.17997      0.18453    182.59530      0.30214
  4908     63.69100      0.17600    175.34570      0.25707
  4928     66.14258      0.14150    169.06480      0.19947
  4948     67.07114      0.11943    165.12920      0.16115
  4968     63.14746      0.11865    162.59290      0.15427
  4988     58.88149      0.12106    161.56390      0.16717
  5007     55.79106      0.12141    162.46370      0.18459
