   155      0.00000      0.00000    200.42710      0.19631
   220      0.00000      0.00000    193.33480      0.31219
   241      0.00000      0.00000    191.27850      0.26764
   279      0.00000      0.00000    182.71550      0.21581
   318      0.00000      0.00000    182.33060      0.20316
   357      0.00000      0.00000    200.29240      0.30387
   396      0.00000      0.00000    183.43210      0.21017
   433      0.00000      0.00000    202.79820      0.25603
   472      0.45092      0.00095    208.75440      0.23161
   508      4.20581      0.00834    205.06090      0.20093
   547      8.87730      0.01553    201.19520      0.19312
   586     13.68589      0.02296    199.22390      0.18471
   625     19.22133      0.03046    200.77020      0.20776
   664     23.99996      0.03983    203.54620      0.23123
   703     29.09998      0.04293    203.46340      0.26230
   742     34.39803      0.05142    207.08810      0.22537
   781     39.38407      0.06060    206.54250      0.23737
   820     44.75713      0.06925    205.59150      0.28148
   859     49.50620      0.07876    211.29790      0.23690
   898     54.54239      0.08375    213.45040      0.26526
   938     60.46179      0.09221    217.04350      0.26705
   977     65.29153      0.10324    216.24130      0.26199
  1016     71.63192      0.12042    206.31320      0.24112
  1055     78.63305      0.11192    206.46170      0.21782
  1094     84.00697      0.12650    203.15630      0.22604
  1132     89.19145      0.13994    205.65300      0.21440
  1171     94.86805      0.13583    203.15370      0.25232
  1210    100.85760      0.14776    206.49890      0.22776
  1250    106.10420      0.15960    208.57080      0.23351
  1290    110.63240      0.16631    208.12070      0.26461
  1329    116.56070      0.18174    211.71330      0.25834
  1368    108.56000      0.21313    222.24450      0.30388
  1407    107.90460      0.23650    219.13750      0.31202
  1449    113.99060      0.24858    221.20650      0.31484
  1487    117.59540      0.26688    224.79940      0.26581
  1526    122.44550      0.27105    227.69070      0.26388
  1567    141.25460      0.23577    226.52100      0.33607
  1607    146.20370      0.24714    226.38420      0.33672
  1645    103.05600      0.44123    232.44980      0.38389
  1684    125.30920      0.42186    228.32630      0.35789
  1724    128.22610      0.46924    225.74320      0.36337
  1762    113.47880      0.47032    221.71350      0.41799
  1803    137.92770      0.48939    229.71970      0.34901
