  2532    158.67430      1.73886    268.37800      0.53693
  2572    270.26890      2.06708    237.25590      0.76485
  2613    364.75990      2.10662    268.71020      0.51308
  2652    233.36940      1.92079    273.93880      0.56117
  2691    249.38150      1.94839    270.87410      0.60145
  2732    212.28620      1.89038    273.91570      0.69194
  2778    241.48930      1.96894    258.95960      0.68288
  2820    400.46790      2.29069    212.32170      0.51036
  2859    403.60860      2.31613    184.26680      0.55184
  2898    672.93980      1.72398    176.77330      0.19651
  2938    447.93580      2.34176    176.08540      0.37488
  2980    452.73210      2.32954    211.61600      0.41132
  3019    483.97430      2.33744    213.19770      0.44374
  3062    191.65420      1.83038    293.00020      0.63324
  3105    190.97600      1.78109    293.15140      0.64782
