  2531    254.60880      2.13988    286.13120      0.43423
  2551    244.19640      2.09069    287.82780      0.41189
  2589    191.20990      1.91371    291.83710      0.45111
  2628    250.21490      2.11574    292.23930      0.44603
  2668    228.01530      2.04788    296.57170      0.48000
  2707    197.01030      1.90319    297.77240      0.50997
  2746    292.50340      2.22371    293.07390      0.51112
  2785    312.87850      2.28162    297.46600      0.49248
  2825    327.38670      2.28027    286.66600      0.57486
  2864    271.40320      2.20873    301.13260      0.46809
  2903    218.16320      2.00177    296.64560      0.57905
  2942    280.94130      2.23911    261.11990      0.73683
  2981    420.36690      2.49195    223.61710      0.56881
  3020    583.94340      2.49248    105.71540      0.18885
  3059    808.50430      1.68823    101.70370      0.12321
  3098    836.00210      1.42524     99.72017      0.11690
  3134    641.01500      2.39940    101.03950      0.21052
  3173    201.53950      2.00823    277.91870      0.70501
  3212    868.35660      0.90252     99.87778      0.09967
  3251    429.04450      2.54362    163.30920      0.86125
  3271    190.66440      1.95828    297.22830      0.53028
  3310    195.45520      2.00366    307.82120      0.54932
