   820    330.92230      2.47584    235.53240      0.95165
   865    298.10470      2.36683    273.07330      0.71328
   904    314.72230      2.38194    242.14390      0.80153
   943    624.54460      2.62589    211.94720      0.46979
   982    593.63320      2.65450    226.18530      0.36911
  1004    628.12200      2.56735    220.52160      0.47007
  1043    302.56870      2.39391    248.22470      0.75058
  1082    256.74840      2.23326    257.66630      0.80046
  1121    246.78700      2.26569    259.18410      0.80030
  1160    319.73800      2.46079    263.17300      0.60624
  1199    349.41400      2.54821    262.57620      0.56679
  1238    369.79240      2.57711    250.45440      0.69154
  1277    315.28600      2.47846    255.14040      0.66508
  1316    322.98390      2.50826    235.99070      0.69904
  1355    379.50030      2.60646    244.64320      0.46477
  1394    340.61590      2.54715    238.31210      0.54988
  1433    579.52360      2.62349    174.36730      0.48522
  1472    306.94400      2.49887    231.51950      0.66844
  1508    422.62240      2.65358    221.68590      0.71059
  1553    538.27510      2.69978    161.15580      0.31263
  1592    776.50590      1.86609    172.53330      0.38013
  1631    579.59270      2.55760    193.08370      0.61783
  1670    418.39100      2.58821    209.27920      0.62319
  1709    648.66750      2.47972    193.20030      0.26827
  1748    633.28920      2.49960    185.69900      0.30628
  1778    758.70390      2.01733    181.42820      0.25883
  1818    845.08860      1.48240    139.44200      0.21074
  1852    666.18720      2.50222    167.87820      0.20720
  1892    500.10110      2.71836    117.28660      0.36830
  1931    687.41580      2.49597    116.27850      0.16568
  1970    710.47460      2.44524    123.85240      0.16316
  2009    639.12490      2.55932    204.31760      0.52147
  2049    751.08750      2.08789    189.92630      0.45126
  2088    811.29430      1.69147    167.40440      0.40121
  2128    663.27950      2.44949    218.01110      0.29450
  2167    488.40580      2.68370    215.18540      0.31004
  2207    412.98420      2.62362    214.76140      0.42695
  2246    449.43690      2.66796    209.22860      0.38621
  2286    353.45610      2.52258    222.64120      0.57290
  2325    449.02750      2.65340    221.25920      0.51396
  2364    388.21800      2.56474    241.48830      0.49805
  2403    440.15260      2.49713    257.98020      0.38390
  2443    493.88730      2.53278    243.57450      0.57411
