  2523    156.62400      1.71788    272.82310      0.54512
  2547    175.38270      1.74804    261.95700      0.60891
  2586    285.62730      2.05783    265.49140      0.59021
  2626    235.20190      1.93107    274.65210      0.52039
  2665    235.16000      1.94999    269.80550      0.61965
  2703    221.79420      1.90958    272.37060      0.62013
  2743    209.06070      1.89064    280.30020      0.66695
  2785    262.20650      2.05490    247.84710      0.72375
  2823    411.87910      2.29302    213.19330      0.46462
  2863    448.82800      2.31587    181.48760      0.48124
  2902    721.72660      1.44562    179.37320      0.18568
  2945    382.63190      2.32447    194.58200      0.53638
  2983    466.17710      2.32713    211.42730      0.36084
  3022    415.43920      2.34423    223.22920      0.57646
  3060    189.62090      1.78491    293.44760      0.61044
  3099    193.18250      1.80609    298.26610      0.59462
