   835    319.38970      2.41693    291.69650      0.77649
   870    335.60530      2.45801    282.43960      0.75926
   909    310.87700      2.37859    287.70660      0.71090
   947    305.63560      2.36717    289.78940      0.69205
   986    288.03950      2.34260    286.23170      0.67676
  1024    309.57820      2.38882    273.74070      0.65142
  1063    349.14680      2.49850    260.20840      0.54896
  1102    380.71510      2.58577    249.35690      0.51451
  1141    296.73880      2.36996    261.28360      0.67531
  1180    340.49600      2.52324    254.86990      0.52573
  1219    280.85770      2.36524    253.71090      0.72171
  1258    448.61730      2.67287    208.54170      0.42612
  1295    417.49890      2.64254    218.77390      0.46858
  1334    260.81230      2.26857    270.39910      0.49651
  1374    212.40270      2.16762    277.87420      0.45118
  1412    213.77380      2.12618    273.61110      0.45758
  1455    202.74010      2.09021    279.22790      0.47690
  1494    365.79000      2.56392    241.88890      0.49023
  1533    199.56530      2.08298    277.19960      0.45096
  1572    230.96350      2.18679    273.86290      0.45084
  1610    273.67380      2.39611    232.68860      0.74741
  1640    284.99550      2.38393    243.40420      0.62206
  1679    214.63600      2.14089    276.58890      0.46509
  1717    173.77020      1.94961    276.49050      0.58706
  1757    764.91170      2.15004    103.44280      0.18142
  1796    920.57900      0.83871    104.99570      0.12168
  1835    849.59720      1.43475    120.77080      0.14093
  1874    447.74130      2.65316    152.86480      0.49027
  1913    213.05020      2.11119    270.65450      0.51749
  1952    226.71600      2.15551    275.89170      0.44627
  1991    674.00960      2.28442    144.80300      0.56830
  2030    480.92980      2.66027    108.79350      0.33788
  2069    190.26740      1.99401    256.93340      0.73545
  2109    334.96150      2.50095    161.59900      0.74913
