   154    154.62660      1.47520    224.35340      0.60418
   175    163.15690      1.48415    223.88120      0.60148
   195    157.39860      1.47415    225.31490      0.59046
   216    115.12540      1.38549    221.29840      0.61023
   236    131.75160      1.44231    212.80830      0.59217
   255    169.31990      1.53827    206.10100      0.55827
   274    213.87160      1.61579    203.81880      0.51713
   294    264.28460      1.65671    208.67760      0.47344
   314    307.27200      1.66486    210.62510      0.45743
   338    328.25110      1.66434    212.50780      0.44782
   358    358.08780      1.64794    210.45570      0.46348
   378    391.24910      1.60710    208.98500      0.46539
   398    414.77840      1.57855    205.97850      0.48443
   418    401.36770      1.62338    203.91260      0.50639
   438    401.51750      1.63129    203.49560      0.51103
   458    401.02730      1.64992    202.04470      0.52217
   478    400.04760      1.65434    201.43270      0.51360
   498    390.15950      1.66686    194.68200      0.52551
   517    377.86660      1.70764    192.52250      0.52892
   537    354.58390      1.73728    195.67100      0.54283
   557    325.75680      1.75107    203.25470      0.54986
   577    246.39500      1.71752    211.03700      0.58108
   597    179.36180      1.62134    220.58710      0.62234
   617    110.11300      1.43651    225.93210      0.66780
   637    104.83240      1.41637    234.30550      0.62571
   657     97.25765      1.36966    240.04500      0.61945
   676    104.81730      1.41855    240.55340      0.61240
   696    105.53310      1.43645    236.61340      0.60727
   716    118.96360      1.48584    228.45120      0.61149
   736    124.07370      1.50410    220.46530      0.61180
   758    118.65480      1.49891    224.53740      0.63179
   779     99.37235      1.42449    230.40700      0.64385
   798     89.65562      1.37471    233.41440      0.66848
   818     91.28152      1.36333    237.83120      0.63881
   838     96.92660      1.43203    237.89870      0.63384
   858    110.31290      1.44928    235.98690      0.61249
   877    128.12270      1.51660    235.76320      0.55127
   897    124.55070      1.52679    237.52770      0.52808
   916    114.85110      1.48519    235.89630      0.56754
   937    104.31410      1.47478    231.21300      0.62626
   957    109.94070      1.50562    227.36170      0.64930
   977    110.13550      1.48166    225.33340      0.66822
   997    101.17550      1.47427    227.66850      0.66994
  1017     91.46412      1.42615    232.73550      0.63782
  1037     85.91828      1.40250    239.61910      0.61823
  1057     83.74660      1.39497    241.60350      0.59517
  1077     83.62759      1.38732    241.08470      0.60427
  1097     84.56211      1.40111    240.09470      0.60825
  1117     83.94570      1.38998    239.78640      0.60083
  1137     82.81395      1.39287    242.56630      0.57924
  1157     84.97690      1.41485    243.94040      0.56869
  1174     84.39486      1.40617    244.42550      0.57268
  1194    111.52500      1.53484    246.51630      0.54842
  1214    130.33590      1.61086    248.93820      0.51215
  1234    106.47510      1.50278    249.07310      0.53028
  1254    152.25570      1.66882    250.97710      0.47648
  1274    126.80950      1.58447    250.42200      0.52324
  1294     84.32726      1.41663    247.71000      0.56760
  1314     84.81882      1.44347    246.46380      0.59572
  1334     88.03182      1.45700    246.28080      0.57540
  1354     85.80295      1.44433    246.49180      0.57367
  1374     80.73114      1.42127    245.45180      0.63339
  1394     88.66384      1.47719    246.58280      0.63141
  1415     87.59377      1.49274    246.41160      0.60314
  1434     84.70564      1.45434    246.24910      0.60695
  1456     88.21415      1.44886    247.56750      0.58912
  1474     85.24110      1.43978    245.95800      0.62678
  1494     86.39467      1.46871    245.31430      0.65133
  1514     85.04292      1.46253    247.28590      0.61335
  1534     85.91917      1.45403    245.77860      0.66266
  1554     88.31414      1.47530    246.89800      0.65195
  1574     85.59615      1.47657    248.34860      0.65026
  1594     88.61674      1.49306    249.53140      0.66752
  1614     86.13758      1.47008    250.80140      0.65763
  1634     89.63479      1.51291    251.44050      0.68185
  1654     91.17894      1.50647    251.92630      0.70351
  1673     88.52417      1.47462    254.00700      0.67272
  1692     89.05556      1.52405    254.25260      0.67399
  1712     90.73174      1.52846    258.66060      0.59839
  1732    116.71140      1.56318    263.94960      0.53126
  1752    169.23420      1.65088    268.84530      0.35659
  1771    178.12490      1.62990    268.87350      0.36436
  1791    178.14460      1.64600    268.92850      0.37237
  1811    188.81790      1.67839    269.12300      0.34374
  1831    182.01150      1.61094    267.52760      0.36829
  1851    176.96370      1.62768    269.66680      0.34418
  1871    165.24290      1.64538    268.94270      0.36508
  1891    165.31450      1.70251    267.63680      0.37944
  1911    174.46750      1.66457    263.34330      0.33508
  1931    183.33540      1.68823    266.87460      0.40860
  1951    164.06230      1.67848    265.31530      0.39277
  1971    112.19160      1.62648    260.17790      0.57944
  1990     91.24329      1.51813    254.91770      0.67209
  2010     91.02809      1.52875    253.16940      0.70174
  2030     91.40273      1.53588    255.04830      0.66100
  2050     91.09758      1.51802    254.73780      0.66710
  2069     91.36292      1.54570    255.61060      0.64343
  2089     98.28928      1.58286    256.35720      0.66641
  2109    131.16440      1.62634    256.90410      0.58226
  2129    175.64030      1.71640    254.54450      0.50190
  2149    225.16990      1.85496    248.74590      0.52129
  2169    279.05820      2.02360    242.91210      0.54052
  2189    361.77420      2.15510    231.59300      0.47206
  2209    448.82190      2.18951    221.16440      0.36900
  2229    479.75420      2.18663    218.13630      0.34525
  2249    480.97410      2.19128    220.26050      0.32595
  2269    451.43070      2.21223    223.59330      0.35931
  2289    422.53110      2.21743    226.44590      0.36974
  2309    381.45340      2.20065    229.83410      0.44358
  2329    373.33370      2.19796    229.81900      0.46732
  2348    324.81330      2.15757    235.16710      0.49646
  2369    341.08300      2.17313    235.04360      0.46611
  2389    337.08430      2.18220    237.17750      0.48461
  2409    257.75580      2.03189    243.24030      0.53540
  2429    193.64310      1.94669    233.41730      0.67343
  2449    147.66390      1.84786    215.37640      0.77236
  2469    215.81750      2.04523    198.67820      0.71282
  2489    363.71280      2.27089    180.25730      0.55756
  2508    509.89260      2.23394    161.95900      0.23896
  2528    554.33680      2.16210    158.11100      0.18803
  2548    576.22500      2.11406    158.84840      0.18546
  2568    604.04440      1.98999    164.30000      0.20712
  2588    596.06260      2.04378    179.07650      0.26428
  2609    563.12700      2.16678    199.58040      0.27571
  2630    493.24480      2.26928    216.16400      0.26468
  2650    456.93200      2.29545    222.20500      0.26892
  2671    518.89280      2.25308    223.84980      0.25526
  2691    537.37150      2.20489    229.67510      0.27684
  2710    421.11570      2.30219    237.59190      0.31308
  2730    338.21860      2.27415    239.91560      0.34100
  2751    360.16900      2.29432    239.26700      0.33070
  2770    462.03340      2.32003    218.94580      0.40985
  2790    543.62640      2.23790    199.04560      0.38518
  2810    562.59560      2.21358    187.48120      0.35242
  2830    567.08330      2.23075    182.10340      0.33803
  2850    545.48770      2.27063    185.03670      0.31931
  2869    580.81050      2.21891    172.67790      0.27790
  2889    607.29940      2.14827    160.76700      0.22123
  2909    549.37310      2.29192    171.52320      0.32922
  2929    502.10760      2.33600    202.95990      0.43375
  2949    546.25150      2.25756    222.52230      0.31519
  2968    511.21630      2.31751    227.91150      0.32951
  2987    351.62370      2.30262    244.45650      0.36327
  3007    261.93900      2.13386    250.52080      0.36172
  3027    334.34850      2.28590    243.56080      0.32975
  3047    316.29640      2.26293    247.56580      0.34580
  3067    264.32510      2.15517    255.48720      0.35063
  3086    349.18590      2.31742    249.72740      0.34361
  3109    472.11400      2.37233    244.04820      0.31580
  3129    380.61610      2.35854    254.31270      0.34618
  3145    317.04970      2.26156    260.13990      0.36850
  3165    310.11780      2.26029    256.73120      0.38343
  3185    335.24820      2.32151    252.24120      0.37269
  3205    379.54900      2.37725    242.90850      0.33558
  3225    399.28440      2.39555    242.12230      0.34879
  3243    396.98240      2.39037    243.38440      0.38711
  3263    369.02330      2.35893    244.63820      0.40090
  3282    337.48590      2.31191    242.78070      0.43954
  3300    346.77320      2.35273    232.90810      0.53355
  3320    314.55220      2.31613    226.33180      0.60473
  3339    276.18350      2.23004    221.33210      0.63338
  3359    259.40430      2.17787    236.34640      0.68425
  3379    246.39570      2.11440    255.00460      0.60156
  3399    266.12790      2.19915    249.91060      0.58626
  3419    282.36330      2.24778    244.84190      0.62168
  3439    276.03270      2.22693    249.60870      0.58926
  3459    266.72390      2.20512    256.50540      0.54201
  3479    281.30120      2.24804    263.45690      0.41429
  3498    284.39200      2.25019    271.21400      0.41917
  3516    187.91010      2.00048    275.87420      0.42987
  3536    104.59740      1.69473    273.88670      0.60961
  3556     91.67548      1.63793    273.51140      0.62479
  3576    101.50500      1.75776    272.58260      0.63501
  3596    102.33760      1.75016    274.83340      0.60144
  3616    105.39500      1.75691    273.45250      0.59680
  3636    156.84030      1.93940    273.66210      0.50711
  3656    267.36730      2.23678    268.09690      0.35278
  3676    273.70310      2.26292    266.26160      0.33264
  3696    232.02490      2.11097    273.96830      0.36257
  3715    218.55760      2.08776    284.20330      0.39457
  3735    211.08660      2.02954    286.90900      0.41967
  3755    229.57240      2.08883    279.59720      0.49019
  3775    251.74610      2.18361    271.43460      0.63459
  3795    280.73710      2.26898    243.32830      0.67199
  3815    296.30570      2.31998    233.06130      0.72254
  3835    300.13720      2.32910    217.78060      0.73134
  3855    311.56480      2.37574    209.96860      0.73093
  3875    321.02660      2.38996    204.29020      0.72810
  3895    319.42940      2.39480    200.13570      0.72558
  3915    315.24800      2.38497    203.96790      0.75643
  3935    307.56730      2.37078    194.54330      0.70749
  3955    312.53780      2.38403    173.98310      0.62065
  3975    330.69290      2.41174    176.50650      0.55187
  3995    366.13780      2.48410    170.19430      0.52263
  4015    391.67750      2.51938    174.73220      0.49357
  4034    396.71400      2.52550    161.76130      0.47458
  4054    421.96970      2.54335    167.06290      0.49901
  4074    476.55510      2.56599    168.38660      0.46040
  4094    499.10450      2.55931    168.73300      0.42800
  4114    455.68910      2.56796    161.72230      0.37624
  4134    417.61730      2.55717    172.69390      0.43621
  4154    406.06310      2.54181    190.07820      0.45329
  4174    383.34010      2.52780    194.28750      0.50382
  4194    345.69780      2.48344    196.40850      0.63473
  4214    323.06260      2.44851    200.03350      0.74191
  4234    365.30630      2.51332    191.61500      0.68779
  4254    373.67740      2.51682    192.79290      0.68479
  4273    364.96690      2.51472    192.82090      0.69315
  4293    360.20690      2.50148    191.60800      0.74416
  4313    401.54220      2.55238    175.58190      0.62131
  4333    442.79500      2.58308    167.31000      0.52827
  4353    500.41700      2.59766    156.49640      0.42779
  4373    586.61740      2.53531    147.15070      0.29502
  4392    658.74730      2.41709    140.40770      0.22161
  4412    689.34950      2.34134    138.16510      0.19948
  4432    694.35730      2.32710    139.97480      0.19808
  4452    725.20400      2.18378    145.31830      0.19414
  4472    764.84720      2.03146    149.05880      0.20273
  4492    791.36180      1.89242    152.88090      0.19576
  4512    791.72310      1.91803    154.28180      0.19468
  4532    753.50950      2.14790    157.57700      0.22049
  4552    683.71350      2.34949    156.02390      0.24211
  4572    670.58070      2.37904    149.60360      0.23942
  4592    705.63610      2.25883    145.93980      0.18273
  4612    737.66680      2.13586    147.36970      0.16713
  4631    729.32750      2.18426    150.75600      0.17372
  4651    790.91470      1.94055    157.97510      0.19389
  4671    844.73610      1.60298    168.40240      0.18891
  4691    849.19240      1.46200    166.04220      0.18796
  4711    850.74130      1.45153    170.32040      0.17834
  4731    807.90440      1.77596    182.46000      0.25229
  4750    788.04840      1.94272    198.64880      0.28069
  4770    688.38810      2.30732    217.79160      0.36113
  4790    596.66870      2.51054    232.70550      0.49535
  4815    455.72540      2.54121    249.70360      0.64974
  4835    430.04420      2.58971    249.10400      0.69088
  4855    423.06570      2.57662    248.72620      0.70453
  4875    388.23970      2.51697    265.17620      0.77165
  4895    333.17590      2.41842    290.15130      0.70180
  4915    314.54300      2.38575    289.69490      0.69607
  4935    279.95300      2.36223    296.25850      0.65547
  4955    248.53610      2.22211    301.93280      0.65400
  4975    264.52310      2.25611    304.82860      0.72004
