   183      0.00000      0.00000    226.56420      0.33299
   207      0.00000      0.00000    218.39540      0.27131
   246      0.00000      0.00000    213.10370      0.22040
   285      0.00000      0.00000    212.19710      0.20907
   324      0.00000      0.00000    212.10190      0.19935
   363      0.00000      0.00000    208.97270      0.23727
   402      0.00000      0.00000    209.41810      0.22424
   443      0.00000      0.00000    207.94090      0.23785
   482      0.00000      0.00000    208.07550      0.21101
   521      0.00000      0.00000    214.85410      0.24300
   558      0.00000      0.00000    212.90860      0.21792
   596      1.27240      0.00288    209.72580      0.19501
   634      5.44323      0.01017    208.47880      0.21057
   673     10.26471      0.01755    208.31080      0.21799
   713     15.68379      0.02420    204.97610      0.24638
   751     20.37753      0.03167    205.08910      0.23209
   791     25.25778      0.03979    206.62560      0.21549
   830     30.08212      0.04828    206.02180      0.21681
   869     35.82731      0.05339    203.26230      0.21003
   909     42.20872      0.06533    200.37910      0.25482
   948     46.76134      0.07207    203.02900      0.23233
   987     52.13575      0.07866    206.47100      0.22058
  1026     57.39545      0.08963    205.75430      0.23887
  1065     63.22232      0.09731    202.18440      0.25110
  1105     66.57254      0.10387    207.14210      0.20133
  1144     76.34047      0.11430    189.02380      0.20099
  1183     76.18259      0.13427    209.71260      0.26526
  1225     88.32050      0.13781    184.04850      0.20448
  1263     92.19191      0.13906    189.30960      0.20167
  1302     97.57513      0.14804    188.12760      0.16836
  1341    104.99250      0.15248    184.64800      0.17841
  1380    105.91050      0.16196    205.82240      0.19961
  1420    113.13840      0.17447    210.72120      0.20551
  1459    115.46980      0.18493    218.68480      0.20593
  1499    119.11140      0.18837    221.86800      0.26033
  1539    110.16750      0.24922    227.54710      0.28193
  1577    112.95230      0.26192    233.68770      0.20413
  1617    116.30790      0.26454    234.50710      0.22923
  1656    135.25650      0.24852    226.27400      0.28636
  1695    154.08960      0.24132    203.06780      0.27081
  1734    163.38630      0.25016    181.90540      0.24883
  1773    143.32610      0.30483    231.61560      0.37627
  1812    133.26180      0.44825    226.35490      0.45391
