   173      0.00000      0.00000    206.00300      0.24898
   214      0.00000      0.00000    201.38530      0.35203
   261      0.00000      0.00000    185.19090      0.27204
   304      0.00000      0.00000    182.22400      0.28209
   343      0.00000      0.00000    193.48150      0.28084
   378      0.00000      0.00000    190.15740      0.26119
   418      0.00000      0.00000    189.23690      0.24416
   457      0.00000      0.00000    206.76540      0.24641
   496      3.05789      0.00628    209.73970      0.19196
   536      7.53129      0.01349    200.05760      0.19260
   576     12.23393      0.02141    203.18750      0.20258
   616     17.94318      0.02855    196.13910      0.21814
   654     23.09109      0.03635    201.38220      0.24350
   693     27.28203      0.04314    203.83530      0.22439
   732     32.94099      0.04874    207.74450      0.21945
   770     37.92679      0.05704    206.69770      0.23270
   813     43.78379      0.06835    206.12070      0.28496
   851     48.72196      0.07460    212.63000      0.21754
   890     53.44665      0.08220    212.42690      0.26732
   929     59.04823      0.09423    217.55370      0.25167
   969     64.41233      0.09979    216.51600      0.26832
  1008     71.22169      0.11067    208.33220      0.24210
  1047     77.22594      0.11634    206.34580      0.22498
  1087     82.96091      0.12738    204.25750      0.22807
  1126     88.94717      0.12902    205.35900      0.22789
  1165     94.05270      0.13919    203.57900      0.25377
  1205     99.79662      0.15223    205.65540      0.23109
  1245    105.82100      0.15704    208.36480      0.23635
  1284    109.71680      0.16530    207.80340      0.27214
  1323    115.77960      0.17064    207.72310      0.29504
  1362    111.73940      0.20875    221.62660      0.28982
  1401    106.85140      0.23638    219.87490      0.31704
  1439    124.24640      0.22671    215.49150      0.31294
  1478    117.27400      0.25371    217.66190      0.32168
  1517    120.40060      0.27581    226.40030      0.26859
  1556    132.18850      0.24826    227.40950      0.34420
  1595    147.71440      0.23800    225.34360      0.35241
  1633    136.26030      0.32789    228.16800      0.34347
  1672    117.62220      0.44015    231.03380      0.34940
  1711    129.55720      0.46211    227.89280      0.33260
  1750    114.38050      0.50615    228.93350      0.37692
  1789    121.82800      0.51261    230.50770      0.37589
  1829    138.99580      0.51960    228.93890      0.34355
