  2522    265.35590      2.17781    281.96250      0.46722
  2569    249.60680      2.12484    293.52690      0.39503
  2608    175.91250      1.81097    301.80990      0.38058
  2647    245.39230      2.08337    295.65550      0.46158
  2685    189.07600      1.86759    300.09870      0.50339
  2724    224.31300      2.04113    297.97630      0.50484
  2763    323.89080      2.30097    300.13150      0.44132
  2802    292.16450      2.24385    298.57190      0.49909
  2841    306.98750      2.28544    299.22020      0.49019
  2880    243.94840      2.09882    297.79330      0.52683
  2919    197.92340      1.90633    302.25240      0.57000
  2957    293.53760      2.26158    261.83470      0.68939
  2996    345.95890      2.36991    181.88530      0.88254
  3035    759.36160      1.99902    102.87110      0.12368
  3074    855.26590      1.32956    100.01130      0.11817
  3111    838.83350      1.46294     98.92684      0.11455
  3150    317.39840      2.37350    158.01560      0.97041
  3189    479.43660      2.56090    150.84160      0.89254
  3228    869.62210      0.86618    101.99480      0.10063
  3267    205.98360      2.01064    294.02730      0.54444
  3306    193.78320      1.94721    314.80900      0.49954
