   165      0.00000      0.00000    235.25130      0.35409
   214      0.00000      0.00000    211.02140      0.24086
   258      0.00000      0.00000    213.86520      0.20873
   300      0.00000      0.00000    213.38550      0.19884
   339      0.00000      0.00000    209.69590      0.20864
   378      0.00000      0.00000    210.60620      0.23244
   418      0.00000      0.00000    209.63830      0.21595
   457      0.00000      0.00000    207.73740      0.21851
   496      0.00000      0.00000    207.23900      0.24371
   536      0.00000      0.00000    216.13930      0.22850
   574      0.00000      0.00000    211.05960      0.21449
   615      3.17511      0.00674    208.89240      0.21231
   657      8.14172      0.01496    208.46660      0.21157
   694     13.18332      0.02113    206.40260      0.24961
   733     18.14241      0.02787    204.11730      0.24347
   771     22.93170      0.03611    205.32200      0.23113
   810     27.25818      0.04288    207.04100      0.21169
   848     32.52998      0.05136    203.13560      0.22161
   888     39.06021      0.05527    199.02490      0.24612
   928     44.34633      0.06868    201.46590      0.23711
   969     49.90420      0.07331    201.96410      0.24496
  1009     55.00053      0.08175    206.17760      0.22462
  1048     59.94531      0.09834    205.55820      0.24122
  1086     64.24060      0.10406    206.40910      0.20608
  1125     72.37856      0.11205    190.17740      0.20831
  1164     72.97666      0.12924    212.93310      0.23573
  1203     85.95627      0.12332    186.13590      0.18837
  1242     87.88120      0.14456    190.41050      0.19108
  1281     95.35557      0.14029    189.12070      0.18622
  1320    102.99170      0.14457    183.18060      0.14979
  1360    106.40720      0.15486    198.11180      0.19315
  1398    109.69150      0.17396    207.81940      0.20398
  1437    114.96180      0.17378    214.04880      0.20506
  1475    116.62110      0.19046    221.32060      0.22423
  1514    116.15950      0.22396    222.72900      0.29150
  1552    109.02980      0.24710    229.99860      0.18547
  1592    114.76620      0.25680    231.38450      0.22220
  1632    126.18910      0.25104    224.08290      0.32469
  1670    143.23090      0.24601    217.83620      0.27631
  1710    151.12290      0.25392    212.70190      0.30520
  1749    161.37420      0.30013    181.88810      0.26072
  1788    129.35550      0.37000    236.00060      0.32359
  1826    124.37390      0.45409    230.42520      0.44125
