   154      0.00000      0.00000    223.96330      0.34390
   192      0.00000      0.00000    222.05630      0.31603
   231      0.00000      0.00000    213.77370      0.21778
   270      0.00000      0.00000    215.08220      0.20897
   306      0.00000      0.00000    214.20160      0.20263
   345      0.00000      0.00000    209.86710      0.22338
   386      0.00000      0.00000    209.64790      0.23372
   424      0.00000      0.00000    209.34480      0.20154
   464      0.00000      0.00000    207.61240      0.21252
   503      0.00000      0.00000    210.21170      0.23145
   542      0.00000      0.00000    215.39450      0.22231
   581      0.00000      0.00000    211.17150      0.21178
   620      3.74614      0.00769    208.86110      0.20326
   660      8.54697      0.01560    208.57500      0.20528
   699     13.87141      0.02244    206.75780      0.22434
   740     19.10201      0.02919    204.45660      0.24275
   778     23.64623      0.03693    205.97980      0.21793
   817     28.17119      0.04240    206.87460      0.21081
   857     33.78434      0.05151    204.08380      0.21154
   895     40.26745      0.06053    198.18720      0.25340
   934     45.19331      0.07082    201.98090      0.24240
   972     50.02811      0.07892    203.53170      0.24781
  1010     55.09638      0.08289    205.72610      0.23546
  1049     60.31610      0.09151    204.81590      0.24217
  1088     64.71100      0.09959    206.84840      0.20201
  1127     73.98692      0.11123    189.71830      0.19383
  1166     70.93467      0.13387    214.69330      0.22980
  1204     85.98193      0.12730    186.05310      0.18959
  1243     88.20514      0.14168    189.28260      0.20515
  1282     95.36490      0.13754    188.93200      0.19968
  1321    103.24430      0.14084    182.72990      0.15789
  1359    108.00270      0.15917    198.05400      0.18848
  1399    110.38040      0.16498    207.98150      0.21242
  1438    114.91390      0.16684    214.04910      0.21116
  1476    116.64920      0.18495    221.32900      0.24124
  1515    115.27410      0.22404    222.82770      0.29471
  1556    109.15200      0.25743    233.45060      0.20100
  1595    114.25490      0.25316    231.04030      0.21457
  1634    129.45790      0.24811    221.41170      0.33612
  1672    145.46810      0.24634    213.20550      0.28021
  1711    151.15550      0.26083    212.55730      0.29888
  1750    160.42740      0.31037    181.85440      0.25303
  1789    127.05230      0.38976    236.74980      0.31562
  1830    122.98590      0.46313    226.72190      0.45426
