   151    385.70010      2.02687    149.82400      0.37143
   181    395.03930      2.01647    153.00290      0.36717
   206    395.30690      2.00611    144.83930      0.38112
   226    401.00010      1.99780    150.62360      0.35810
   246    423.96630      1.97194    149.98330      0.32022
   266    446.21630      1.94354    136.05400      0.24116
   286    459.75580      1.91256    145.32400      0.24792
   306    487.40810      1.86160    118.73330      0.16624
   326    499.49310      1.82948    123.75420      0.18129
   346    498.50750      1.81817    132.66930      0.20711
   366    468.37860      1.87310    134.88270      0.28984
   386    449.75880      1.89755    142.16910      0.31591
   406    451.33430      1.89735    128.61280      0.26457
   426    439.40060      1.89690    142.59300      0.35871
   445    399.64090      1.93203    149.21500      0.47043
   465    334.85080      1.92913    172.15850      0.55354
   485    301.72630      1.89197    177.43420      0.58977
   505    291.18360      1.88922    171.01510      0.56278
   525    270.01010      1.86306    170.68110      0.54930
   545    239.19620      1.81717    173.68310      0.53633
   565    246.10330      1.81498    184.11030      0.52771
   585    278.57240      1.85731    185.99290      0.49680
   605    274.27300      1.84225    171.67250      0.46019
   625    251.87560      1.81618    190.42970      0.57003
   646    212.94860      1.72597    205.31200      0.62003
   666    201.68250      1.69174    206.63750      0.59284
   686    190.48430      1.67238    203.09120      0.52670
   706    160.44530      1.56167    225.20230      0.51425
   738    129.24780      1.46331    250.14810      0.51575
   755    140.96950      1.49047    234.93320      0.53249
   775    179.55120      1.60527    234.52460      0.70517
   796    217.42860      1.69811    207.15300      0.79599
   816    229.78620      1.71189    189.51240      0.78549
   836    251.19750      1.75521    176.08200      0.75722
   856    227.99360      1.70813    184.00580      0.82843
   876    224.08890      1.70302    186.35510      0.79047
   896    194.22700      1.65296    193.81410      0.78051
   916    182.62350      1.60750    203.72540      0.79584
   935    167.50280      1.55566    215.98840      0.85481
   956    163.06120      1.54113    216.01310      0.84029
   975    156.55910      1.50726    223.24160      0.81327
   995    143.65370      1.44733    238.95800      0.77818
  1015    140.56400      1.44910    254.82010      0.74666
  1035    138.16810      1.43952    257.95420      0.73422
  1054    133.99260      1.42133    262.43660      0.73138
  1074    128.81420      1.40138    265.94770      0.66789
  1094    125.20370      1.40780    273.83330      0.58761
  1114    127.17960      1.39456    271.91810      0.64337
  1138    134.17110      1.41315    251.38860      0.60096
  1158    145.37400      1.43953    245.32150      0.61372
  1178    157.26700      1.48616    227.50340      0.56485
  1198    163.07290      1.50330    222.87750      0.55371
  1218    178.08930      1.54734    222.81410      0.54866
  1238    190.50790      1.56794    214.18480      0.50870
  1257    196.61250      1.58406    231.55800      0.46380
  1277    186.38090      1.56849    210.68990      0.47502
  1297    188.32590      1.54901    212.64990      0.59985
  1317    207.58590      1.57973    219.27520      0.62040
  1336    258.74200      1.62797    219.26220      0.59570
  1356    311.98810      1.59231    236.17280      0.46466
  1376    321.20740      1.55063    257.76940      0.36374
  1392    294.86840      1.58014    264.54510      0.37254
  1410    325.70910      1.55295    245.62650      0.26993
  1430    291.63780      1.58712    250.75770      0.31848
  1450    242.88530      1.57987    261.02340      0.34436
  1469    215.53040      1.54892    261.97560      0.32593
  1490    214.54780      1.54492    260.49330      0.31005
  1510    199.15440      1.52085    268.60490      0.31694
  1530    152.12500      1.41110    273.14060      0.32925
  1550    112.77490      1.25803    282.43950      0.33246
  1570    101.53000      1.19346    278.98860      0.33261
  1590    103.14480      1.22878    279.15840      0.35890
  1610     96.91527      1.17835    274.65400      0.33053
  1630     97.90447      1.18652    280.22950      0.37964
  1650     98.69559      1.17437    276.91640      0.34167
  1669    101.02310      1.17983    275.46710      0.36161
  1689    102.36430      1.19212    261.93360      0.34752
  1709     95.77862      1.18451    265.43270      0.32900
  1729     93.67934      1.15575    257.96260      0.29460
  1749     90.29190      1.15774    260.50360      0.32123
  1769     88.02316      1.14199    254.35340      0.30468
  1789     87.89542      1.11842    262.83410      0.34781
  1809     85.87770      1.08454    265.28610      0.35000
  1829     84.89462      1.08934    268.71010      0.36552
  1849     82.99500      1.08696    260.35190      0.31982
  1870     75.63772      1.02648    255.09850      0.31285
  1891     76.69591      1.03637    259.24360      0.30994
  1911     76.25056      1.05950    265.39120      0.32702
  1930     79.83262      1.06312    252.24840      0.32388
  1950     79.57233      1.05696    254.57080      0.29524
  1970     76.57049      1.03539    257.91250      0.30399
  1990     77.16835      1.02196    253.40890      0.30719
  2010     83.23935      1.06637    254.93640      0.32381
  2031    182.47790      1.32300    244.24880      0.27764
  2051    291.26090      1.34153    240.16200      0.26367
  2071    317.88030      1.28474    239.58410      0.27644
  2090    325.75290      1.24925    237.66240      0.26673
  2110    330.39130      1.23479    238.51780      0.23000
  2131    322.89120      1.21052    241.69710      0.24757
  2150    328.91400      1.22100    235.95140      0.24319
  2170    324.06890      1.21570    236.87440      0.23648
  2190    330.76930      1.18636    236.80400      0.25609
  2210    329.48540      1.19279    235.45300      0.25228
  2230    335.58830      1.16806    230.16810      0.25995
  2249    294.31360      1.23927    238.87640      0.28853
  2272    323.16690      1.19864    231.33190      0.26183
  2291    316.68960      1.18601    232.15970      0.25917
  2299    328.73750      1.16110    229.87630      0.25075
  2312    341.69940      1.11892    227.61780      0.25410
  2330    324.08190      1.12278    232.50600      0.24924
  2350    339.38800      1.08937    229.23420      0.26207
  2377    308.38460      1.14170    231.99020      0.26815
  2410    316.08610      1.10032    228.97480      0.25964
  2430    299.43120      1.11644    232.20130      0.26986
  2450    310.03250      1.12670    220.25810      0.22820
  2475    292.13120      1.12086    229.63760      0.25763
  2502    311.70370      1.06512    224.02790      0.26418
  2520    316.96170      1.05512    215.26460      0.29989
  2539    312.10430      1.05823    211.61390      0.30837
  2559    315.58510      1.01947    213.39140      0.28670
  2584    330.76460      0.92311    213.57890      0.24375
  2604    340.62120      0.91067    200.54550      0.29703
  2623    336.37340      0.88330    193.84330      0.31524
  2645    336.78670      0.87216    179.31750      0.33949
  2663    332.43760      0.90008    165.93840      0.30746
  2683    327.89010      0.92582    164.45060      0.26661
  2703    343.05030      0.84896    159.40650      0.23349
  2723    357.40680      0.75140    168.49160      0.24830
  2742    379.50540      0.59492    159.56830      0.21892
  2762    373.67960      0.58388    162.29990      0.23406
  2782    369.19730      0.58803    151.26600      0.22950
  2802    365.97660      0.57052    148.66430      0.22246
  2822    363.12200      0.57700    145.91600      0.22041
  2842    355.03280      0.60902    147.93100      0.23454
  2863    357.27680      0.60140    140.01600      0.21145
  2883    360.72340      0.52759    133.13240      0.18778
  2903    352.90090      0.56251    144.66060      0.21080
  2923    353.00140      0.54795    136.57760      0.20875
  2943    349.64520      0.51638    149.44560      0.24944
  2962    351.78320      0.47056    151.02140      0.24062
  2982    351.88740      0.47890    142.10590      0.21757
  3002    345.21260      0.45888    152.08070      0.21801
  3023    336.47530      0.48248    161.33960      0.21440
  3043    335.66240      0.46613    151.93030      0.20827
  3063    330.02540      0.50113    154.13930      0.21713
  3082    328.40120      0.50654    148.62520      0.21463
  3102    328.13830      0.47668    148.74180      0.20475
  3122    328.26700      0.45368    144.19650      0.20027
  3142    326.56090      0.44272    143.70100      0.19015
  3162    324.19630      0.42485    141.76220      0.18811
  3182    320.55960      0.44298    140.64610      0.17787
  3202    317.56790      0.43573    139.19540      0.18025
  3222    314.01670      0.42374    143.25790      0.19769
  3242    311.91960      0.38711    150.24600      0.19854
  3262    307.40700      0.39083    155.54800      0.19522
  3282    304.22540      0.39906    156.49610      0.19803
  3304    300.21150      0.39542    159.69560      0.19377
  3324    298.15190      0.38694    165.20100      0.20517
  3345    293.86590      0.40214    169.87070      0.20964
  3366    291.56030      0.40335    165.13970      0.21344
  3386    292.21010      0.37041    157.75820      0.19114
  3405    289.88120      0.39293    155.83370      0.17640
  3426    289.41770      0.34935    155.20360      0.18283
  3447    286.93080      0.36111    154.62880      0.18244
  3467    282.48890      0.36165    156.24530      0.18612
  3487    278.75930      0.35791    157.32850      0.18436
  3507    275.64580      0.34599    158.22500      0.19414
  3526    272.38980      0.34593    157.92710      0.19297
  3546    268.93610      0.35553    156.95010      0.19912
  3566    261.86020      0.37776    161.95680      0.23473
  3586    252.05900      0.42114    172.89320      0.24880
  3606    244.67870      0.44015    179.42180      0.22540
  3626    237.47280      0.47340    179.10000      0.20814
  3646    230.74470      0.49904    178.89240      0.22041
  3667    221.16290      0.54220    177.44330      0.22486
  3688    213.06800      0.56338    177.63390      0.22355
  3708    203.81060      0.58946    177.24800      0.22414
  3728    185.26350      0.64254    177.04770      0.24170
  3747    155.02990      0.68886    187.51210      0.36934
  3767    120.64110      0.69520    201.20030      0.47167
  3788    116.76480      0.68612    202.43130      0.47654
  3808    117.69380      0.67808    203.36670      0.49710
  3828    112.76720      0.65902    205.56690      0.55937
  3848     96.53626      0.65383    204.53030      0.57077
  3868     96.52962      0.64620    205.20620      0.57416
  3888     81.10030      0.62751    210.84540      0.59882
  3908     60.93716      0.59022    223.63280      0.57632
  3927     61.25003      0.58190    227.99220      0.58934
  3947     67.99555      0.58483    230.13990      0.54887
  3967     62.26407      0.57041    228.65160      0.55528
  3987     59.39547      0.56381    226.68660      0.52359
  4007     88.15130      0.58217    224.92830      0.48718
  4027    101.98490      0.57983    220.56050      0.50246
  4048    126.98350      0.56249    211.12360      0.43092
  4068    138.53680      0.54092    205.27340      0.39771
  4088    146.54820      0.50313    202.37580      0.36615
  4108    128.86870      0.52454    209.90820      0.39358
  4128     95.60684      0.53726    219.21340      0.43001
  4148     96.85257      0.52799    219.28970      0.44992
  4168    104.97310      0.51349    217.48170      0.38632
  4188    114.45700      0.49445    213.12550      0.35048
  4206    123.51780      0.47798    202.59010      0.34617
  4226    130.09810      0.45383    190.99070      0.36414
  4246    129.43280      0.45189    180.81110      0.38141
  4267    122.07760      0.45769    183.67790      0.41046
  4289     93.89642      0.47242    201.06670      0.50908
  4307     63.92015      0.45902    210.59800      0.56698
  4327     45.11706      0.42935    217.48230      0.57376
  4347     40.20320      0.41287    221.08130      0.56427
  4367     54.98434      0.42668    221.14490      0.51517
  4387     68.55009      0.42553    221.04450      0.45563
  4407     56.68259      0.41311    222.59350      0.52063
  4427     50.04496      0.39966    224.20360      0.52910
  4447     73.25977      0.40083    222.50420      0.46061
  4467     71.45932      0.39390    223.83630      0.42143
  4487     73.61446      0.38458    221.74210      0.41786
  4507     97.27630      0.34582    216.44460      0.28235
  4527     93.45211      0.33843    215.08110      0.33831
  4548     95.11353      0.31635    208.34900      0.33698
  4568     85.99827      0.32225    214.75420      0.33338
  4588     77.22391      0.33062    218.11470      0.39907
  4608     63.27930      0.33361    221.29590      0.45808
  4628     65.70856      0.31991    221.37860      0.42892
  4648     69.69820      0.30674    223.02340      0.33268
  4668     67.99814      0.29795    223.13670      0.35945
  4688     67.67082      0.28912    222.62220      0.38249
  4709     73.57648      0.27754    203.72450      0.35132
  4729     85.29166      0.24785    181.82880      0.24013
  4749     79.94299      0.24975    182.53970      0.28204
  4769     67.24001      0.26251    195.75090      0.39505
  4788     47.72538      0.26480    210.27390      0.49512
  4808     36.72364      0.25231    215.59830      0.50547
  4828     58.16968      0.23664    209.80910      0.43738
  4848     69.36934      0.19483    197.55020      0.35761
  4868     70.15599      0.17431    189.05610      0.31230
  4888     65.07896      0.18288    182.48510      0.30311
  4907     64.22995      0.17033    175.66310      0.25639
  4927     66.07209      0.14055    169.45980      0.18803
  4947     67.04503      0.12021    165.15760      0.15669
  4967     63.05614      0.12141    162.75290      0.15716
  4987     59.12611      0.12191    160.91080      0.15550
  5008     56.00198      0.11580    162.73610      0.17206
