   852    318.48330      2.40796    267.43330      0.66955
   880    334.36610      2.48501    240.74650      0.85882
   919    384.18910      2.57313    237.69090      0.74098
   958    774.46170      2.09137    208.20420      0.49974
   997    491.22530      2.69706    229.18250      0.43960
  1036    391.58260      2.59034    237.02520      0.67300
  1073    261.15530      2.24210    256.08540      0.78391
  1112    253.84370      2.24278    258.38170      0.74791
  1151    287.63830      2.39473    262.34280      0.67688
  1190    337.15150      2.49343    262.24710      0.60586
  1229    425.96550      2.63098    256.65900      0.58383
  1268    271.14530      2.37673    253.96620      0.68233
  1304    416.63430      2.64713    221.04960      0.67116
  1343    316.30580      2.47977    247.46000      0.49045
  1382    584.75870      2.55927    221.01750      0.41764
  1420    352.27600      2.55260    230.68630      0.59397
  1459    600.68470      2.59972    171.46650      0.42989
  1485    265.68620      2.40552    236.69950      0.66813
  1524    399.42100      2.64729    186.33090      0.61982
  1563    368.48670      2.59816    192.79660      0.61441
  1602    686.84140      2.27671    175.81140      0.43302
  1635    652.17110      2.39550    192.56820      0.56755
  1674    417.62990      2.60006    211.01600      0.64387
  1712    660.40600      2.46710    190.06540      0.27533
  1751    664.69510      2.42587    183.61210      0.30355
  1785    784.24000      1.89528    160.25540      0.29061
  1824    849.92050      1.46917    141.87100      0.20969
  1863    489.39080      2.69005    174.90350      0.52647
  1902    576.79210      2.68799    120.48330      0.35434
  1939    600.81200      2.66722    122.37480      0.23463
  1973    709.53770      2.42627    126.73080      0.19474
  2012    656.87310      2.49871    183.98750      0.58433
  2051    782.77470      1.92718    189.96570      0.44881
  2090    809.06770      1.72203    160.98630      0.40057
  2129    682.19060      2.38056    218.79590      0.28538
  2168    486.23930      2.68162    215.31460      0.33237
  2206    414.12040      2.62464    215.06550      0.43610
  2245    437.30370      2.66038    210.25890      0.39388
  2284    357.85880      2.55309    223.50450      0.55861
  2321    468.59540      2.66730    216.60020      0.49202
  2360    396.88390      2.60467    241.47380      0.52791
  2399    353.36760      2.43146    260.20660      0.39596
  2438    508.22160      2.53022    258.34160      0.31833
