   440    322.04610      1.44790    227.09450      0.28225
   860     22.04496      0.11668    228.47100      0.57057
  1280     67.91371      0.25190    227.52000      0.44145
  1680    128.84210      0.38273    204.99750      0.37040
  2060    203.79520      0.29797    190.74730      0.20251
  2480    253.51110      0.43494    175.84540      0.22091
  2940    289.96930      0.72182    188.89470      0.21383
  3340    118.49410      0.23080    198.29980      0.26978
  3780    392.65720      0.87357    205.75410      0.16492
  4180    422.90780      0.93850    211.66720      0.20399
  4620      0.00000      0.00000    201.97000      0.20793
