   320    366.32800      1.51208    199.37400      0.28173
   820     19.64451      0.10076    228.48710      0.57370
  1300    350.78970      0.76175    221.39720      0.30833
  1720    143.04330      0.33573    217.00270      0.32453
  2120    216.06860      0.29399    185.20460      0.18764
  2600    268.11860      0.48529    184.57490      0.25925
  3020    267.44340      0.83283    203.50520      0.27376
  3440    371.12410      0.65222    203.22730      0.25415
  3860     53.34349      0.07799    203.12140      0.18914
  4260      3.51393      0.00815    203.86080      0.20420
