   174      0.00000      0.00000    207.63230      0.26541
   217      0.00000      0.00000    196.85170      0.32442
   255      0.00000      0.00000    189.13120      0.28497
   299      0.00000      0.00000    180.30410      0.27267
   335      0.00000      0.00000    184.32190      0.23088
   374      0.00000      0.00000    193.44650      0.26830
   413      0.00000      0.00000    187.25330      0.23812
   452      0.00000      0.00000    205.25430      0.27568
   491      2.50726      0.00515    209.75420      0.20524
   532      7.15012      0.01325    200.42870      0.18489
   572     11.72397      0.02043    203.29460      0.21008
   610     17.02081      0.02780    199.72570      0.19468
   649     22.53914      0.03582    201.10630      0.24716
   686     26.28532      0.04043    206.00500      0.22117
   725     31.68195      0.04910    206.74070      0.24274
   764     37.26656      0.05526    206.69240      0.22703
   804     42.46886      0.06794    208.51720      0.25636
   845     47.73018      0.07120    207.76650      0.25303
   885     52.82336      0.08393    212.17740      0.26511
   923     57.65831      0.09191    217.73200      0.24628
   962     63.15219      0.10015    215.82350      0.27409
  1001     69.59570      0.10906    207.36630      0.26581
  1038     75.87399      0.10853    206.77740      0.22383
  1077     81.92925      0.11795    204.35360      0.24046
  1116     87.68468      0.12952    204.25110      0.23847
  1155     92.48347      0.13624    204.46320      0.23892
  1194     98.17355      0.14818    205.70490      0.23241
  1233    104.51800      0.14335    208.84150      0.22415
  1272    107.67980      0.15988    206.37690      0.26796
  1311    113.97240      0.16746    209.29350      0.26058
  1351    116.53830      0.18970    215.04090      0.28172
  1391    105.59420      0.23729    219.04280      0.31271
  1430    117.84230      0.23476    219.67470      0.27745
  1469    114.45610      0.25770    222.29910      0.30389
  1508    120.59380      0.26443    223.87430      0.27599
  1547    132.76380      0.27260    229.14410      0.30293
  1586    144.94830      0.24106    225.54420      0.34729
  1625    142.79040      0.27188    226.97780      0.34192
  1664    100.96420      0.46807    232.26900      0.34465
  1703    130.37180      0.45277    226.73710      0.32694
  1742    122.98900      0.49172    229.60430      0.32848
  1781    110.82220      0.51923    233.08950      0.39216
  1819    134.76040      0.51796    228.29480      0.36033
