   182      0.00000      0.00000    228.43420      0.34413
   213      0.00000      0.00000    211.17390      0.25388
   259      0.00000      0.00000    213.68040      0.21852
   303      0.00000      0.00000    213.73750      0.19645
   347      0.00000      0.00000    209.04180      0.21942
   387      0.00000      0.00000    210.38670      0.21328
   426      0.00000      0.00000    208.47720      0.21072
   465      0.00000      0.00000    207.16460      0.22318
   504      0.00000      0.00000    210.39720      0.24158
   543      0.00000      0.00000    214.82290      0.22603
   582      0.00000      0.00000    211.49100      0.18953
   621      3.85928      0.00809    208.79690      0.21996
   659      8.41782      0.01543    208.14520      0.21104
   696     13.45863      0.02091    206.69270      0.22854
   736     18.47549      0.03092    204.54730      0.23591
   776     23.35991      0.03921    206.03980      0.21424
   816     28.07467      0.04374    206.87750      0.21924
   855     33.47368      0.05136    203.04150      0.22883
   894     40.18646      0.06111    197.67220      0.26438
   933     45.16731      0.06884    201.12890      0.25189
   971     49.92023      0.07352    203.22260      0.23328
  1012     55.91351      0.08186    205.44660      0.23437
  1051     61.07173      0.09407    203.89630      0.25195
  1091     64.37749      0.10234    206.83560      0.21050
  1131     75.10933      0.11265    188.36160      0.19890
  1170     70.12721      0.12922    219.31450      0.19722
  1210     86.02403      0.12616    185.52910      0.19391
  1249     90.09957      0.14114    185.83960      0.20953
  1289     95.90884      0.14335    189.92570      0.17883
  1328    104.97630      0.14688    179.62590      0.17361
  1367    105.59680      0.15265    203.16070      0.18686
  1406    110.55090      0.16175    210.48270      0.21328
  1445    114.00280      0.17849    216.59930      0.19764
  1485    119.09250      0.18595    222.98190      0.22374
  1524    111.33980      0.24150    223.42900      0.30830
  1565    109.71910      0.25705    234.07700      0.19526
  1604    114.12270      0.26245    231.20160      0.19902
  1644    133.56300      0.23364    214.42010      0.29585
  1683    152.95610      0.23911    200.61680      0.26261
  1722    156.86590      0.25911    196.33640      0.33783
  1762    142.55100      0.38969    206.24490      0.39218
  1801    124.28250      0.41840    238.62260      0.38218
