   838    297.81230      2.34757    265.03230      0.68967
   888    313.59470      2.38383    248.56020      0.78994
   929    563.92630      2.68225    211.64060      0.50077
   967    822.17270      1.75057    218.76270      0.41510
  1025    757.82910      2.21973    215.34920      0.49608
  1064    271.51350      2.29072    255.45840      0.77527
  1103    253.10950      2.26060    259.58260      0.75082
  1142    263.85720      2.33722    258.92680      0.74927
  1180    308.39540      2.45249    264.71060      0.60548
  1218    418.68510      2.62441    261.43470      0.54653
  1259    296.17730      2.43938    250.53690      0.71783
  1297    383.97650      2.58513    227.09550      0.70129
  1335    252.34570      2.30744    253.48530      0.60479
  1373    519.50140      2.64973    232.40610      0.42773
  1412    478.65500      2.67760    228.10250      0.54021
  1451    719.91820      2.25083    149.13980      0.28176
  1489    325.07900      2.52456    221.42850      0.66427
  1528    427.27360      2.67898    179.32210      0.58785
  1567    322.08300      2.49264    211.49990      0.65927
  1605    661.42320      2.36180    182.30380      0.48233
  1646    420.91960      2.65067    211.63530      0.68635
  1677    431.47670      2.64856    205.82910      0.64360
  1715    694.82370      2.35644    184.72210      0.28575
  1754    696.98340      2.30843    180.51690      0.29875
  1793    857.55270      1.43236    137.99450      0.21841
  1832    810.93870      1.85492    142.06120      0.20581
  1871    433.48740      2.66414    155.39470      0.63959
  1909    676.01780      2.54950    114.46450      0.17778
  1948    545.26770      2.69373    142.65250      0.38659
  1987    622.63090      2.52856    178.63370      0.56011
  2026    502.98730      2.67857    204.36570      0.61018
  2064    693.42150      2.39053    193.11940      0.46542
  2092    809.95530      1.76752    158.32960      0.39225
  2132    723.49540      2.21832    218.60430      0.29588
  2170    477.25580      2.67031    215.00020      0.32219
  2209    402.34780      2.59180    215.50690      0.43979
  2248    475.00330      2.67239    205.86820      0.32455
  2287    359.14250      2.53404    220.89540      0.56105
  2326    442.88610      2.62577    221.07740      0.52467
  2365    387.24090      2.52258    241.08110      0.47693
  2404    466.86060      2.45022    256.61960      0.37137
  2442    502.35420      2.52070    258.23930      0.33953
