   164      0.00000      0.00000    201.48040      0.21170
   206      0.00000      0.00000    214.58510      0.34303
   262      0.00000      0.00000    185.21570      0.27420
   298      0.00000      0.00000    179.61050      0.27038
   338      0.00000      0.00000    185.67690      0.27593
   383      0.00000      0.00000    186.50410      0.25037
   426      0.00000      0.00000    195.34170      0.26361
   465      0.00000      0.00000    206.52890      0.25512
   503      3.80141      0.00767    207.39740      0.20516
   542      8.24254      0.01427    200.43410      0.18806
   582     13.02689      0.02128    201.17430      0.20331
   621     18.81426      0.02947    199.41040      0.20662
   663     24.07748      0.03849    202.85330      0.23743
   702     28.91399      0.04459    203.84560      0.25647
   741     34.25661      0.05222    207.87620      0.21254
   778     38.84193      0.05716    200.98110      0.27158
   817     43.97479      0.06785    206.50140      0.27635
   856     49.39226      0.07405    211.73730      0.22726
   895     54.10674      0.08121    212.53260      0.27164
   934     59.75177      0.09136    217.17540      0.27548
   973     64.77198      0.10127    216.48970      0.26350
  1012     71.73203      0.10816    208.36840      0.23234
  1051     77.90553      0.11647    205.61770      0.23939
  1091     83.65916      0.12080    203.55670      0.23864
  1130     89.15319      0.12739    205.56270      0.22460
  1170     94.78036      0.13837    203.18370      0.25175
  1209    100.70260      0.14349    205.78740      0.22834
  1248    105.85150      0.15561    208.34320      0.24212
  1287    110.30700      0.16185    207.86290      0.26410
  1326    115.77130      0.16916    207.30470      0.30113
  1365    110.12540      0.20462    222.38100      0.26725
  1406    107.82920      0.23568    218.83650      0.33360
  1445    117.54660      0.23566    219.32820      0.28959
  1484    117.54270      0.25672    223.53350      0.28935
  1522    121.63830      0.27038    225.85760      0.25974
  1562    139.11050      0.24907    227.93130      0.30562
  1601    147.22700      0.23990    224.68490      0.34117
  1642    113.42720      0.41596    231.42620      0.37751
  1681    124.79230      0.41752    226.14430      0.35672
  1720    129.41710      0.46159    227.30030      0.34132
  1759    108.99770      0.49715    225.72620      0.46272
  1797    121.80500      0.52739    233.86290      0.33139
  1837    147.25080      0.49992    228.13120      0.37032
