   834    296.46110      2.32604    269.58620      0.69384
   873    333.28720      2.46810    245.53910      0.80887
   912    316.22500      2.41179    248.76790      0.84874
   951    678.75340      2.49464    201.36130      0.54732
   990    530.41770      2.70040    226.33510      0.37933
  1028    649.89000      2.53294    219.68860      0.53224
  1060    281.97130      2.31815    253.22160      0.77936
  1099    250.20870      2.23393    259.59530      0.79508
  1136    266.24440      2.31208    258.33550      0.73554
  1174    319.58500      2.48166    262.61850      0.63784
  1212    404.37270      2.60398    262.50020      0.52844
  1251    284.28420      2.38022    243.94020      0.78633
  1289    395.76510      2.61939    244.66910      0.69577
  1328    235.88290      2.25611    250.28370      0.70196
  1365    509.44100      2.67904    237.99440      0.43651
  1404    403.13060      2.65090    232.37870      0.55820
  1443    858.75720      1.33534    132.27240      0.21058
  1510    403.54680      2.63891    221.48300      0.69489
  1550    575.78450      2.67774    156.79610      0.28644
  1588    661.56570      2.36009    189.11360      0.43965
  1627    533.49790      2.62692    192.52290      0.64333
  1666    392.66700      2.57981    219.27640      0.66609
  1705    657.27420      2.45646    195.30500      0.26378
  1744    641.18850      2.50009    185.13060      0.30946
  1771    800.30400      1.78051    171.04410      0.26034
  1809    864.40300      1.38851    136.08670      0.18829
  1846    684.86100      2.45968    164.77570      0.22812
  1885    528.75410      2.72123    111.99880      0.25633
  1924    685.14640      2.54509    113.34280      0.14787
  1963    591.44870      2.67796    126.09150      0.27711
  2001    472.38260      2.67412    209.18430      0.60065
  2040    597.52840      2.61508    196.24930      0.49848
  2079    843.47050      1.31181    180.63660      0.40788
  2118    779.00300      1.87243    204.71450      0.30015
  2160    537.99380      2.68600    207.32130      0.34734
  2197    412.09700      2.61317    218.59730      0.42365
  2236    347.69630      2.50947    224.31400      0.47713
  2274    392.51270      2.59508    217.68130      0.52114
  2312    442.89880      2.65410    208.40160      0.44897
  2351    414.75780      2.48088    239.00160      0.43393
  2390    332.26410      2.41026    258.57790      0.36752
  2428    518.95410      2.50076    257.49440      0.32866
