  2505    160.77070      1.67930    278.71010      0.45184
  2555    203.14340      1.89815    246.24180      0.72180
  2594    396.15280      2.12899    269.75540      0.50133
  2637    272.40460      2.02166    267.73080      0.60593
  2674    197.98680      1.82627    271.35680      0.61813
  2713    212.01240      1.90135    274.08030      0.64676
  2752    220.38620      1.94028    275.48550      0.70027
  2791    236.26100      1.97708    258.59090      0.73447
  2830    449.88380      2.29195    210.62350      0.38386
  2869    524.11570      2.24511    175.96230      0.31347
  2909    646.69590      1.86747    195.07640      0.29208
  2956    375.88710      2.31315    213.32090      0.58138
  2995    466.04280      2.33598    213.77130      0.39508
  3034    196.47870      1.86083    284.56970      0.69626
  3073    186.19380      1.77924    290.37750      0.65973
  3119    187.29610      1.80815    287.69940      0.72260
