   160    396.05080      2.02163    146.41080      0.34975
   186    400.45320      2.01076    153.81700      0.35762
   205    395.14940      2.00704    139.23320      0.35265
   225    402.27120      1.99719    150.63450      0.35735
   245    420.68960      1.97942    150.27510      0.33348
   265    443.88000      1.94714    139.93830      0.24255
   285    464.17280      1.90428    142.37880      0.24942
   305    482.90010      1.88103    123.25640      0.18079
   325    502.56400      1.81184    125.06530      0.18827
   345    496.82350      1.83460    134.37640      0.21729
   365    472.17150      1.86524    134.36160      0.27372
   385    453.71540      1.88909    141.80830      0.30437
   402    440.88810      1.90591    139.05370      0.31916
   423    430.41910      1.91334    141.73330      0.36010
   443    404.34260      1.92778    147.20150      0.44180
   463    338.94100      1.93042    170.88130      0.57531
   484    299.26590      1.89896    176.90930      0.58725
   504    293.27270      1.89346    167.39680      0.54806
   524    270.60100      1.86404    170.43700      0.54886
   544    240.47920      1.81168    170.12710      0.52579
   564    245.16090      1.81396    186.83810      0.54269
   584    277.03000      1.85527    186.30920      0.49142
   604    284.23160      1.86384    170.48070      0.46206
   624    249.25330      1.79957    190.04130      0.55986
   644    215.93350      1.74300    204.86750      0.61711
   664    204.59000      1.70683    205.19650      0.57060
   684    189.84040      1.66204    200.81470      0.51126
   704    164.97300      1.60633    220.49200      0.50167
   724    129.17850      1.44477    244.91240      0.50952
   744    121.28700      1.39531    244.36170      0.49453
   764    149.34340      1.51213    238.88050      0.60630
   784    191.78400      1.65070    216.66390      0.75135
   804    228.95410      1.72661    197.12990      0.77120
   824    243.14430      1.75692    183.54910      0.79599
   844    246.27000      1.74524    176.09130      0.76458
   864    234.77390      1.72119    174.47270      0.75495
   884    211.21170      1.67199    195.27670      0.80767
   904    188.28470      1.62712    198.59470      0.78206
   924    172.80170      1.57513    213.05040      0.85131
   944    168.27390      1.55960    213.21370      0.84646
   965    157.35950      1.49207    223.55460      0.83755
   985    153.46230      1.50321    234.01430      0.82773
  1004    143.30470      1.45709    250.92400      0.79380
  1024    138.30740      1.44150    253.13980      0.75826
  1044    142.65190      1.47441    259.75910      0.74839
  1064    135.69820      1.43197    266.82670      0.71600
  1085    125.33950      1.40884    272.56050      0.65423
  1105    123.17040      1.37636    272.20670      0.60471
  1125    129.68770      1.39314    267.01850      0.62149
  1144    138.90390      1.41700    254.77400      0.63627
  1165    148.22900      1.44945    238.41150      0.59314
  1185    158.40260      1.47661    226.68430      0.55932
  1205    166.64460      1.50688    229.45590      0.57812
  1225    182.98190      1.55616    226.35230      0.52671
  1245    193.92020      1.57289    216.50530      0.48579
  1265    195.81170      1.57675    224.06100      0.49378
  1285    171.71280      1.51296    235.14130      0.54711
  1305    189.53900      1.55087    207.45560      0.59301
  1325    229.18150      1.61297    213.70230      0.60173
  1345    275.18090      1.61873    240.08900      0.51974
  1365    324.59400      1.57850    238.98070      0.41938
  1393    293.95340      1.59219    266.21390      0.35535
  1411    328.02170      1.55458    245.49850      0.28010
  1431    292.94430      1.58069    254.83250      0.33785
  1451    243.75830      1.55814    262.97170      0.32218
  1471    215.08140      1.55246    258.24870      0.33401
  1491    213.26760      1.53884    260.80270      0.29434
  1511    193.82480      1.50681    268.22860      0.31661
  1531    151.47740      1.41000    273.35610      0.31995
  1551    112.84180      1.28402    281.48320      0.36207
  1571    105.35750      1.23702    276.18450      0.32355
  1591    101.50220      1.20466    279.85100      0.34775
  1611     98.86702      1.19502    270.98970      0.34177
  1631     98.72113      1.20208    278.63010      0.34513
  1651    101.06690      1.19272    278.67920      0.35645
  1671    100.73640      1.18888    276.96890      0.33870
  1691     99.95356      1.17329    266.23850      0.34737
  1711     93.72154      1.16729    263.68260      0.36311
  1731     95.39970      1.18416    257.63290      0.32547
  1750     88.18818      1.13399    262.49340      0.31535
  1770     86.12720      1.10353    252.93310      0.32218
  1790     87.42941      1.10658    263.00850      0.33061
  1810     84.31336      1.07943    259.25350      0.32393
  1830     83.96490      1.08154    270.30590      0.38516
  1850     81.22467      1.07225    252.43000      0.30974
  1869     79.34265      1.07680    254.77390      0.30974
  1889     77.18488      1.04355    258.25020      0.33304
  1910     73.83344      1.01676    264.89450      0.35094
  1931     80.15314      1.06761    259.71960      0.30502
  1951     80.62347      1.04196    252.74740      0.28509
  1971     76.24525      1.03314    256.03210      0.30865
  1991     79.43194      1.06964    253.70160      0.28963
  2011     87.29772      1.09630    254.62930      0.31541
  2030    164.15520      1.28558    248.35080      0.31372
  2050    287.48910      1.33919    241.93370      0.27350
  2070    314.56170      1.28733    240.34690      0.27219
  2091    322.05290      1.26642    238.53090      0.24423
  2111    330.98100      1.20825    239.63300      0.24445
  2130    326.68580      1.20348    241.08600      0.24938
  2151    324.93470      1.21667    238.66830      0.23477
  2171    317.92490      1.22839    239.14990      0.25317
  2191    330.13530      1.18681    237.88940      0.24100
  2208    317.33960      1.19056    240.52050      0.27558
  2228    336.12660      1.18161    230.58060      0.26290
  2248    303.59170      1.22626    237.96070      0.27155
  2271    323.08520      1.20391    230.72280      0.26724
  2290    306.80250      1.21197    233.54740      0.25607
  2298    321.41360      1.17517    231.64000      0.23623
  2313    339.22070      1.11753    227.97700      0.26185
  2332    319.69120      1.14481    232.64120      0.25343
  2352    330.37150      1.08707    231.26160      0.24567
  2379    321.19360      1.11884    228.29380      0.26443
  2403    303.85450      1.12273    233.09100      0.25768
  2423    302.79700      1.11449    231.72620      0.27711
  2443    297.76700      1.11864    230.42900      0.25742
  2467    287.16240      1.12804    230.25300      0.28113
  2487    296.35340      1.10808    226.53300      0.26407
  2499    310.50390      1.07554    223.18840      0.26567
  2515    312.37360      1.04866    221.69640      0.29696
  2535    306.86390      1.04405    218.60750      0.29820
  2555    310.72080      1.02585    214.83050      0.28499
  2575    323.09000      0.98208    213.09540      0.25551
  2595    337.96020      0.90872    209.81450      0.24800
  2615    340.36640      0.88320    193.76890      0.30871
  2635    333.41430      0.89307    188.64180      0.33083
  2655    330.94590      0.90240    176.54280      0.32440
  2675    327.08150      0.91430    164.91370      0.28966
  2695    330.29490      0.90337    166.52120      0.26102
  2715    353.04600      0.78415    159.98290      0.23430
  2735    376.32180      0.63295    158.36800      0.21954
  2755    377.28600      0.58688    157.09580      0.22731
  2775    368.99310      0.59054    159.45790      0.23609
  2795    366.69310      0.58360    147.17580      0.22286
  2815    361.70960      0.60245    146.38340      0.22382
  2835    358.57810      0.61007    140.89270      0.21927
  2855    358.87070      0.59400    137.21780      0.20739
  2875    358.63240      0.55575    139.13000      0.20623
  2895    356.36500      0.53028    142.34100      0.20846
  2915    351.89970      0.53533    147.34270      0.22790
  2935    353.34560      0.53255    139.08390      0.22004
  2955    350.36220      0.51244    150.38980      0.25121
  2974    351.81680      0.44995    151.04350      0.24032
  2994    345.14090      0.46754    156.19130      0.24438
  3014    342.13380      0.45874    153.94960      0.21048
  3034    337.45710      0.48430    151.00620      0.19699
  3054    331.66020      0.50483    154.51110      0.21901
  3074    330.26880      0.50288    147.73330      0.20927
  3094    330.36380      0.46864    144.80250      0.19829
  3114    328.13660      0.47039    146.92910      0.20610
  3134    326.94040      0.44605    144.18260      0.20423
  3154    324.98510      0.43932    142.18670      0.19152
  3174    321.77040      0.43162    141.27210      0.18447
  3194    318.85520      0.43967    138.64330      0.18009
  3214    315.72040      0.42266    140.58540      0.18790
  3234    312.62270      0.41682    148.19030      0.19510
  3254    309.54830      0.38211    154.56960      0.20118
  3274    305.77090      0.39726    156.33830      0.18751
  3294    302.00390      0.38771    159.27840      0.19771
  3314    299.74680      0.37065    163.93240      0.19740
  3333    296.90610      0.37441    168.08020      0.19811
  3353    293.05130      0.37687    168.33000      0.21554
  3373    290.87360      0.39532    163.22070      0.21062
  3393    291.49240      0.38887    155.96000      0.18354
  3413    290.37830      0.36191    154.98140      0.17397
  3433    288.88210      0.35108    155.16390      0.18161
  3453    286.05390      0.34553    155.79450      0.18092
  3473    281.64430      0.35093    156.85120      0.18145
  3493    277.54280      0.35468    158.26060      0.18536
  3513    275.05000      0.34210    156.72110      0.18307
  3533    272.05080      0.32416    157.84400      0.19119
  3559    264.99540      0.37115    158.98650      0.21597
  3578    255.75810      0.40544    168.23990      0.24393
  3598    247.70690      0.43431    178.73540      0.21981
  3618    241.15070      0.46020    178.12570      0.21049
  3638    233.49450      0.48073    178.58690      0.21613
  3658    225.15440      0.52375    177.75380      0.22223
  3678    217.06790      0.55344    178.66020      0.22452
  3698    209.50710      0.56300    180.84300      0.22195
  3718    197.06900      0.61219    175.41240      0.23253
  3738    169.85150      0.66942    181.79630      0.31324
  3755    140.46140      0.69546    193.81780      0.43589
  3775    114.16350      0.69008    202.95470      0.47840
  3795    117.92710      0.68223    202.52540      0.48247
  3815    112.96750      0.67374    203.52580      0.52500
  3835     99.97811      0.65843    204.26440      0.56091
  3855     96.86941      0.65167    203.50620      0.57995
  3875     92.22962      0.63981    205.99780      0.58156
  3895     70.75602      0.60745    216.87460      0.58736
  3915     59.27393      0.58348    226.83390      0.57371
  3935     64.81431      0.58229    230.87750      0.53282
  3956     66.25574      0.58166    229.75960      0.54069
  3976     55.76897      0.56037    226.43080      0.57411
  3996     74.29143      0.56703    226.16820      0.51878
  4016     86.83852      0.57740    224.01600      0.49350
  4036    109.22750      0.57742    218.70060      0.45578
  4056    138.23620      0.54583    207.87190      0.40175
  4077    136.83980      0.53608    205.23070      0.39308
  4097    140.75780      0.51010    205.60390      0.37397
  4117    106.95970      0.54009    214.98300      0.45466
  4137     95.83268      0.53245    218.63710      0.45436
  4157     96.97285      0.52290    220.05920      0.42366
  4178    106.53620      0.50818    215.57250      0.41353
  4198    122.87180      0.48117    206.77280      0.35121
  4218    129.16200      0.45418    195.69900      0.34761
  4238    131.08830      0.44779    184.14500      0.38135
  4259    126.27470      0.45256    181.72470      0.38511
  4279    109.28460      0.46777    193.85780      0.46512
  4299     78.63828      0.47033    206.37740      0.53790
  4318     48.46169      0.43816    215.04310      0.57180
  4338     40.86117      0.41874    219.52010      0.57491
  4359     45.06068      0.41614    221.02470      0.56543
  4379     61.53227      0.42671    220.40890      0.51164
  4399     61.48582      0.41748    220.52180      0.51771
  4419     49.97498      0.40225    223.46590      0.53611
  4438     62.76254      0.40305    223.91690      0.50047
  4457     79.17636      0.39321    222.88300      0.40838
  4477     67.25819      0.38930    222.50100      0.50841
  4497     87.50640      0.36669    218.47290      0.34797
  4517     91.64631      0.35079    216.45200      0.31988
  4537     93.70758      0.32628    209.93550      0.34930
  4557     92.42957      0.31814    208.73280      0.34812
  4577     81.37096      0.33033    217.93400      0.35799
  4599     65.85053      0.33507    220.08890      0.46838
  4619     62.13609      0.32635    221.32260      0.46663
  4639     68.25605      0.31355    222.90170      0.38226
  4659     67.78622      0.29313    223.04770      0.33351
  4679     67.24733      0.29475    222.55370      0.37162
  4699     72.46855      0.28318    216.24370      0.33878
  4720     83.83598      0.25025    189.78240      0.29885
  4740     81.91061      0.25009    183.06460      0.25421
  4760     75.11385      0.25539    188.15470      0.33795
  4781     52.91313      0.26798    205.54930      0.46769
  4801     35.43014      0.25394    216.17620      0.52499
  4821     51.15924      0.24515    211.35820      0.48835
  4841     67.14143      0.20866    202.80070      0.36061
  4862     68.99745      0.18940    192.07250      0.33192
  4882     67.11685      0.17657    183.65590      0.30819
  4903     64.12497      0.17566    176.68300      0.26822
  4923     64.33739      0.15644    170.67830      0.21006
  4943     67.20038      0.12116    165.70050      0.17680
  4963     64.04026      0.12258    163.39130      0.15746
  4983     59.79699      0.12395    161.10240      0.15784
  5003     56.82441      0.11560    161.64290      0.17145
