   825    311.17920      2.38654    255.90290      0.84657
   862    297.58310      2.33179    268.87180      0.69307
   902    331.12550      2.43207    241.61150      0.76195
   941    622.96280      2.63129    213.97990      0.45472
   980    615.91440      2.61762    225.72710      0.36702
  1002    557.26140      2.67553    224.31230      0.43844
  1041    322.92860      2.45376    245.35390      0.73894
  1080    259.91980      2.23247    257.91280      0.81221
  1119    241.45300      2.19867    259.84550      0.79351
  1158    310.18260      2.43074    263.86300      0.61350
  1197    359.59980      2.53752    262.39510      0.56015
  1235    392.48250      2.60824    252.74300      0.64361
  1274    290.87920      2.42769    259.20580      0.66700
  1312    390.27690      2.62363    226.97000      0.67212
  1353    375.66940      2.56022    237.10690      0.47693
  1392    363.50480      2.58057    237.92790      0.50562
  1430    459.91190      2.69187    195.10680      0.59785
  1469    379.19100      2.61621    214.92020      0.66183
  1501    420.96400      2.66192    204.96810      0.73383
  1542    590.75910      2.66873    153.60080      0.32918
  1580    433.87820      2.66624    208.53930      0.59054
  1619    582.36240      2.57341    192.11150      0.61525
  1658    323.44960      2.44789    224.52990      0.69891
  1691    684.38490      2.51876    182.81510      0.31297
  1729    843.87370      1.46910    178.08500      0.25300
  1768    806.61230      1.80198    168.28620      0.25307
  1807    865.45070      1.33829    139.20660      0.19906
  1849    692.96170      2.42354    166.68030      0.20169
  1889    520.22680      2.71975    114.79200      0.32502
  1926    692.93910      2.50853    113.77380      0.16293
  1966    664.83530      2.57710    122.80760      0.18082
  2006    597.55900      2.61645    208.47680      0.52583
  2045    670.56510      2.44865    190.87130      0.47225
  2084    830.77950      1.46781    170.15910      0.40322
  2123    712.26220      2.25253    212.66210      0.28411
  2163    513.20150      2.69018    212.71490      0.30991
  2203    414.67270      2.62177    216.10040      0.42700
  2242    393.22810      2.61222    217.88940      0.47220
  2281    361.43820      2.53205    222.16290      0.53988
  2320    463.56480      2.66244    214.14610      0.48334
  2359    399.22080      2.56503    239.05780      0.50156
  2398    332.96390      2.37549    259.80440      0.38888
  2436    517.03580      2.53163    258.61580      0.33174
