   162      0.00000      0.00000    201.09160      0.20897
   224      0.00000      0.00000    193.74110      0.28932
   254      0.00000      0.00000    188.49910      0.29214
   287      0.00000      0.00000    182.80120      0.23766
   331      0.00000      0.00000    183.29520      0.19694
   372      0.00000      0.00000    193.67640      0.27869
   412      0.00000      0.00000    187.54180      0.22679
   451      0.00000      0.00000    205.38750      0.26080
   490      2.50409      0.00521    209.39290      0.21102
   531      7.03005      0.01315    201.07640      0.17630
   570     11.45471      0.02015    202.87280      0.19592
   611     17.21607      0.02742    199.73890      0.19417
   650     22.62576      0.03668    201.83260      0.23569
   690     26.80363      0.04183    204.38830      0.21754
   731     32.68175      0.04940    208.12640      0.22076
   771     38.07647      0.05777    206.40730      0.23471
   810     43.03484      0.06960    209.46510      0.24738
   849     48.30835      0.07640    212.20900      0.22352
   889     53.30029      0.08661    213.06870      0.24752
   928     58.80611      0.09010    218.32810      0.25787
   967     64.05174      0.09560    216.15100      0.26027
  1006     70.74062      0.11148    206.82330      0.24003
  1046     77.03790      0.11353    206.41020      0.22445
  1085     82.67928      0.12689    204.07700      0.23228
  1124     88.42488      0.12833    204.93510      0.21957
  1166     93.97571      0.14242    203.56070      0.24638
  1207    100.60400      0.14088    206.16970      0.23496
  1246    105.69520      0.15809    207.94960      0.24625
  1285    109.90660      0.16575    208.45060      0.25938
  1324    115.80830      0.17522    207.58620      0.28986
  1363    110.90630      0.21012    222.40110      0.27217
  1402    107.03860      0.23548    219.23380      0.32427
  1441    122.57970      0.23096    217.02900      0.30586
  1479    116.69990      0.26367    218.70810      0.32767
  1519    121.19310      0.26613    226.16660      0.24763
  1559    138.08270      0.24979    227.37310      0.31247
  1598    147.69700      0.24302    225.33720      0.34479
  1639    120.43660      0.39166    230.28840      0.36315
  1678    121.78650      0.42776    229.86330      0.37725
  1719    128.16650      0.43608    227.38310      0.33487
  1758    107.13400      0.50254    231.58470      0.44684
  1798    122.73070      0.50344    236.45740      0.31435
