   157    391.68190      2.02424    146.03250      0.33585
   180    395.37410      2.01725    146.31040      0.35757
   207    397.82480      2.00658    147.29410      0.38967
   227    406.83660      1.99453    150.18060      0.35452
   247    427.28270      1.97158    148.15070      0.31234
   267    450.59270      1.93152    132.65850      0.23757
   287    458.33260      1.92325    146.65180      0.24308
   307    488.49670      1.85854    118.66850      0.17017
   327    501.83550      1.81951    122.90060      0.18961
   347    497.32060      1.82326    132.60030      0.21222
   367    468.12050      1.87045    133.91520      0.25481
   387    450.68900      1.88391    143.19240      0.30950
   407    451.19380      1.89297    126.47640      0.27514
   427    435.99430      1.90364    143.65370      0.37747
   446    394.12640      1.93461    149.92850      0.45189
   466    329.09950      1.92262    173.83030      0.57531
   486    302.46160      1.90116    175.52630      0.58143
   506    289.62000      1.88617    172.12140      0.57160
   526    267.63990      1.85664    169.97200      0.53959
   546    233.48340      1.79567    179.92230      0.55613
   566    251.90350      1.81918    176.07340      0.50050
   586    279.31340      1.85865    183.94300      0.48580
   606    274.64440      1.84354    170.97740      0.46074
   626    248.49300      1.81672    191.83560      0.57958
   645    215.68340      1.74058    206.34040      0.61077
   665    203.03370      1.70460    203.64330      0.57921
   685    185.87740      1.65268    200.38420      0.49474
   705    159.08710      1.55200    222.45410      0.51468
   730    127.62310      1.43974    244.82890      0.51692
   761    148.05920      1.51409    239.14600      0.59237
   781    181.83340      1.60930    222.80330      0.71939
   801    227.38780      1.73376    201.23250      0.79268
   821    238.08970      1.74093    185.23700      0.80560
   841    258.78550      1.75538    180.64560      0.77643
   861    231.99620      1.72342    178.83980      0.79840
   881    214.88140      1.69201    192.43610      0.80028
   900    193.47390      1.64740    197.71440      0.78964
   920    175.94490      1.57830    207.13840      0.81380
   940    167.51460      1.55150    213.59290      0.85637
   960    160.99510      1.53353    219.40650      0.83107
   980    151.66470      1.47523    228.57920      0.78928
  1000    142.37930      1.44984    243.04300      0.78119
  1020    137.49270      1.42511    255.14260      0.72795
  1040    136.78310      1.43574    257.88960      0.74926
  1060    135.07870      1.42047    263.16720      0.71497
  1080    130.52510      1.41815    269.29120      0.64816
  1100    122.15900      1.37579    272.48940      0.62562
  1120    127.76830      1.39340    266.55660      0.60516
  1140    137.55300      1.44409    255.44480      0.62808
  1160    147.81660      1.44599    243.62490      0.61534
  1180    158.06640      1.49133    220.94340      0.55263
  1200    162.07240      1.48937    229.70840      0.57195
  1220    179.55000      1.53861    228.51840      0.55222
  1240    194.85310      1.58626    217.68720      0.49258
  1260    195.02150      1.57429    222.86630      0.46477
  1280    181.74910      1.55282    223.62240      0.52587
  1300    190.48930      1.55398    204.57580      0.58622
  1320    209.64940      1.57399    219.56160      0.62409
  1340    270.64190      1.62743    226.02360      0.57541
  1360    319.99180      1.57809    241.96750      0.43495
  1380    307.36780      1.58482    257.91420      0.38494
  1400    303.84530      1.57857    262.07200      0.35416
  1419    318.08730      1.55666    244.22600      0.30635
  1439    264.00820      1.59128    251.99680      0.27413
  1459    228.65290      1.56624    264.04770      0.30868
  1479    227.40290      1.55862    263.57490      0.34063
  1499    209.03230      1.53011    269.12270      0.29310
  1519    178.26860      1.47214    271.13970      0.31670
  1539    136.49400      1.34375    278.54030      0.33941
  1559    105.54420      1.25112    280.49710      0.36291
  1578    104.58600      1.23209    277.26170      0.32609
  1598     99.72960      1.19669    275.80160      0.33474
  1618     98.08993      1.19798    280.32350      0.37186
  1638     98.51598      1.18007    277.84280      0.36519
  1658     98.64272      1.18478    278.55690      0.34116
  1678    100.85070      1.18476    271.96850      0.34197
  1698     98.15306      1.17618    268.52510      0.35305
  1718     97.46436      1.17372    266.43280      0.36813
  1738     93.26599      1.16349    262.13560      0.30511
  1758     90.04814      1.14909    260.23400      0.31168
  1778     89.44962      1.13451    257.95480      0.30610
  1798     85.26147      1.09753    254.54300      0.30661
  1818     85.68809      1.10375    267.03570      0.35188
  1838     84.22352      1.09594    264.56970      0.32953
  1856     78.20332      1.04885    255.50940      0.30137
  1876     78.77337      1.06056    257.30940      0.32466
  1896     77.09360      1.04413    262.27190      0.33541
  1916     76.17023      1.05147    257.05040      0.30688
  1936     79.98678      1.05844    259.64260      0.32001
  1956     79.97841      1.05542    257.08400      0.34268
  1976     76.77467      1.04351    253.37750      0.29781
  1996     79.75230      1.06083    255.89550      0.31350
  2015     98.20843      1.12702    251.56390      0.32111
  2036    215.11270      1.35422    245.02600      0.27360
  2055    300.04240      1.32186    240.64320      0.26027
  2075    297.61510      1.30665    243.44780      0.26181
  2095    321.89660      1.26200    238.72310      0.24840
  2115    316.42860      1.23643    242.37960      0.25523
  2135    335.22040      1.20029    236.89040      0.24646
  2155    313.71950      1.23256    240.98260      0.24223
  2175    303.27760      1.23400    244.95380      0.25949
  2195    325.24710      1.18113    240.30210      0.25952
  2202    324.35140      1.18945    238.52190      0.27350
  2222    331.57960      1.18351    233.78140      0.25572
  2242    311.84800      1.21181    237.80770      0.26518
  2263    303.04500      1.22514    237.22070      0.26782
  2274    313.73760      1.21025    235.22890      0.25878
  2295    309.27960      1.19599    233.97320      0.25159
  2307    337.94560      1.14080    228.98920      0.23115
  2325    338.60120      1.13516    225.68790      0.27129
  2345    338.59090      1.09197    229.47510      0.25293
  2367    331.42680      1.10811    227.43200      0.24299
  2387    318.50140      1.13110    226.08230      0.25163
  2395    302.94400      1.14657    232.81380      0.27329
  2417    313.15730      1.10236    229.85510      0.24847
  2437    303.32720      1.12410    228.42180      0.25998
  2460    295.30590      1.11954    230.62340      0.24239
  2472    292.88850      1.12178    228.44450      0.26501
  2497    299.34980      1.10346    227.32730      0.25928
  2513    312.25340      1.04815    223.55670      0.27575
  2533    307.29010      1.06406    217.70110      0.31299
  2553    309.76440      1.02625    215.92820      0.28914
  2573    324.12500      0.98026    212.36960      0.26280
  2590    339.71880      0.90547    208.09180      0.26077
  2611    340.64020      0.87999    199.45490      0.30057
  2631    333.06990      0.89489    192.24170      0.32815
  2649    327.95760      0.89884    185.40660      0.31390
  2673    328.43290      0.92115    156.99060      0.29185
  2693    329.88100      0.89369    167.33830      0.26275
  2713    354.17950      0.78943    152.86240      0.23570
  2733    377.14650      0.64166    154.98210      0.21127
  2753    377.24070      0.58485    157.52330      0.22309
  2773    367.89060      0.60364    160.28260      0.23982
  2793    363.04920      0.59551    158.14820      0.24132
  2814    364.54850      0.57777    143.52820      0.21961
  2834    357.12840      0.62840    144.74260      0.22281
  2854    359.03700      0.58229    135.94130      0.19883
  2874    358.32970      0.57795    136.20230      0.19819
  2894    359.35040      0.49049    139.53570      0.19972
  2914    350.75950      0.57442    146.81150      0.22429
  2933    352.81010      0.53073    139.32880      0.22378
  2953    349.80880      0.51662    150.37690      0.25438
  2973    350.91000      0.47234    151.24030      0.23479
  2993    348.08410      0.45996    147.18640      0.22774
  3013    344.54880      0.43907    148.69180      0.20533
  3033    337.67140      0.48245    149.38700      0.21119
  3053    331.14080      0.52413    151.41000      0.20812
  3073    328.37010      0.52152    152.45660      0.22002
  3093    329.85060      0.50223    145.28990      0.19858
  3113    327.46820      0.48944    147.22710      0.20738
  3133    327.22580      0.45227    145.50310      0.20474
  3153    325.11010      0.45551    141.11820      0.18409
  3173    323.07010      0.42913    140.32960      0.18463
  3192    319.36000      0.42457    138.55610      0.17697
  3213    315.86710      0.42909    139.88960      0.18401
  3233    312.32260      0.40872    147.44440      0.19945
  3253    309.35000      0.38390    153.86890      0.20116
  3273    305.16980      0.39656    157.27580      0.19907
  3292    302.38230      0.38357    159.32420      0.19446
  3312    299.16380      0.40321    162.08760      0.20030
  3332    296.46400      0.37940    167.48090      0.19498
  3352    293.34100      0.38463    168.49340      0.21601
  3372    291.22290      0.39023    163.92210      0.21385
  3392    291.38610      0.38815    157.00220      0.18969
  3412    289.70820      0.37888    155.37490      0.17582
  3432    288.79400      0.35435    154.98530      0.18317
  3451    286.36540      0.35830    154.01250      0.17757
  3471    281.66020      0.37615    155.40970      0.18275
  3491    278.39580      0.35585    156.24660      0.17753
  3510    275.19090      0.33605    157.91690      0.18273
  3529    271.67600      0.34724    159.56380      0.19844
  3551    267.78280      0.37645    156.44270      0.20247
  3571    258.75610      0.39770    164.66560      0.24346
  3591    251.51820      0.40592    175.14060      0.25131
  3611    243.58180      0.44432    178.65880      0.21832
  3631    235.62200      0.49194    178.11570      0.21830
  3649    229.41130      0.50707    179.80370      0.21445
  3669    219.52320      0.54787    179.67230      0.22519
  3689    212.18690      0.57298    179.38790      0.22560
  3709    202.27240      0.60743    177.09530      0.23677
  3729    183.48320      0.64584    176.16700      0.25049
  3749    152.16150      0.68775    188.26990      0.39368
  3769    117.67990      0.69350    202.52070      0.47543
  3789    118.26940      0.68456    202.58630      0.48453
  3809    118.65090      0.67632    203.19650      0.51083
  3829    107.71000      0.66271    206.81500      0.55510
  3849     96.31005      0.65419    204.86400      0.59277
  3869     96.63908      0.64709    203.20950      0.58470
  3889     78.80557      0.62003    212.41820      0.59246
  3909     61.48793      0.58899    224.12380      0.57388
  3929     62.30285      0.58331    228.99540      0.56211
  3950     70.74860      0.58897    230.30010      0.53068
  3968     61.64642      0.56769    228.24690      0.52968
  3988     58.18783      0.55915    227.01460      0.52276
  4008     88.94197      0.58075    224.39960      0.47998
  4028    104.10290      0.57856    221.33960      0.47573
  4049    128.63560      0.55950    210.68320      0.43011
  4070    138.15950      0.53855    205.22920      0.41093
  4090    145.61080      0.50817    204.00350      0.34488
  4110    125.53840      0.52509    210.31150      0.40509
  4130     94.29581      0.53726    219.19500      0.44907
  4150     98.63646      0.52270    218.87150      0.44064
  4170    104.63120      0.51268    217.53220      0.39578
  4190    116.51040      0.49417    210.74080      0.36075
  4210    124.34990      0.47418    200.41690      0.35203
  4231    130.55280      0.45525    187.62470      0.36868
  4250    128.82160      0.44962    181.69950      0.38468
  4270    120.14970      0.45515    186.38990      0.42192
  4290     92.06997      0.47222    201.03000      0.51035
  4308     63.47393      0.45680    210.51580      0.57771
  4328     45.05382      0.43008    217.02810      0.58692
  4348     39.82596      0.41292    219.96650      0.58037
  4368     56.15661      0.42672    221.37430      0.50224
  4388     68.99321      0.42516    220.79940      0.46459
  4409     55.92019      0.41211    222.31300      0.52663
  4429     51.64784      0.40162    225.12160      0.50329
  4449     74.51710      0.40099    222.85640      0.42042
  4469     69.57571      0.39294    223.71160      0.44520
  4489     77.64731      0.37796    220.80820      0.40462
  4509     95.92929      0.34684    215.56630      0.29193
  4529     93.44458      0.34249    213.06280      0.36676
  4549     94.21019      0.31960    208.62930      0.33879
  4569     84.73639      0.32772    215.32350      0.35633
  4589     75.94621      0.33227    218.83440      0.39122
  4609     63.33232      0.33236    221.14050      0.45022
  4629     65.71393      0.32107    222.15100      0.41844
  4649     69.25238      0.30774    222.35020      0.37177
  4670     67.43750      0.29928    222.45730      0.37813
  4690     68.81805      0.28794    222.87380      0.34549
  4710     74.89095      0.27339    202.02780      0.36219
  4730     85.32152      0.24425    181.44400      0.24445
  4750     79.60797      0.24860    183.78820      0.29263
  4770     65.89712      0.26362    196.17870      0.39010
  4790     46.07723      0.26326    210.76140      0.51444
  4809     37.65350      0.25141    215.85090      0.51060
  4829     57.76008      0.23477    208.52230      0.44738
  4849     69.33730      0.19277    196.73970      0.35936
  4869     70.32220      0.17094    188.31880      0.32149
  4889     65.42480      0.17976    182.65710      0.30564
  4909     63.51503      0.17476    174.50460      0.25319
  4929     66.24495      0.13963    168.84000      0.19243
  4949     67.06982      0.11498    164.42100      0.16563
  4969     62.93689      0.11866    162.33600      0.15726
  4990     58.61965      0.12133    161.39760      0.17180
  5010     55.38813      0.11790    162.95130      0.18916
