   173      0.00000      0.00000    235.01820      0.35935
   202      0.00000      0.00000    219.51880      0.26254
   241      0.00000      0.00000    213.71230      0.21908
   280      0.00000      0.00000    209.59180      0.20587
   319      0.00000      0.00000    211.24550      0.20462
   358      0.00000      0.00000    210.09700      0.22056
   396      0.00000      0.00000    209.64500      0.22351
   435      0.00000      0.00000    207.63500      0.22029
   474      0.00000      0.00000    208.05800      0.21250
   511      0.00000      0.00000    212.76600      0.24861
   548      0.00000      0.00000    214.20580      0.21116
   586      0.10184      0.00019    210.34130      0.21913
   650      7.30107      0.01350    208.99100      0.21156
   689     12.36410      0.02006    207.81800      0.22284
   727     17.68241      0.02828    201.96700      0.25874
   767     22.39556      0.03425    205.78290      0.21842
   806     26.88017      0.04131    207.27540      0.20270
   845     32.17528      0.04964    202.81740      0.21859
   884     38.13325      0.05823    200.50870      0.24577
   923     43.87730      0.06504    201.11210      0.24622
   962     48.68437      0.07122    202.48390      0.23460
  1001     52.73586      0.07735    207.47910      0.22109
  1040     58.18261      0.09228    207.93080      0.22615
  1079     64.05991      0.09881    205.57600      0.21856
  1118     71.48976      0.11090    195.91490      0.20546
  1156     74.76028      0.12465    201.52130      0.24359
  1195     83.82865      0.12882    188.81920      0.21610
  1234     89.29778      0.12454    190.58890      0.20032
  1273     92.52990      0.13518    190.02670      0.18968
  1311    100.03580      0.13709    184.55060      0.15539
  1348    106.42870      0.15813    190.19090      0.18758
  1386    107.70210      0.16703    207.12970      0.19236
  1425    114.23750      0.17294    211.67320      0.21529
  1462    115.93080      0.18578    218.55980      0.21137
  1501    120.72640      0.20181    221.90520      0.24632
  1540    110.51320      0.24345    228.29440      0.26337
  1579    117.29550      0.25771    232.66870      0.22957
  1618    116.66700      0.27289    233.92130      0.23993
  1659    135.86380      0.25382    231.29980      0.29045
  1697    152.57880      0.24179    207.60080      0.25720
  1736    163.21670      0.26584    181.77170      0.22942
  1775    141.64130      0.29969    235.48160      0.33500
  1814    135.92360      0.42585    227.57200      0.46494
