   819    330.51610      2.44330    230.97700      0.95967
   860    295.46440      2.33673    273.07980      0.67089
   900    341.40170      2.42291    237.01690      0.69012
   939    613.41330      2.64386    215.29890      0.43940
   979    626.27070      2.59663    226.13220      0.36255
  1003    590.78090      2.62947    222.60400      0.44529
  1042    313.05900      2.42105    247.72810      0.72337
  1081    256.77470      2.21390    257.31020      0.79766
  1120    243.13600      2.22079    259.10950      0.79497
  1159    318.33560      2.46806    261.54950      0.65511
  1198    348.52180      2.53761    263.13780      0.56893
  1237    375.45760      2.57868    250.17160      0.68627
  1275    292.39650      2.41954    259.08080      0.68181
  1313    372.98070      2.59545    229.61940      0.67180
  1354    377.28310      2.55578    237.23130      0.47127
  1393    357.66290      2.55796    237.58170      0.52159
  1429    427.85490      2.67536    200.77590      0.60580
  1468    402.55030      2.65329    210.73800      0.65860
  1503    431.38410      2.65704    211.38540      0.71969
  1543    597.47450      2.66600    153.03190      0.31115
  1583    525.69300      2.63638    203.66480      0.51096
  1622    543.83600      2.64021    192.02040      0.64073
  1661    340.23060      2.50706    227.04970      0.71852
  1698    672.32930      2.45873    190.85950      0.30515
  1738    729.89750      2.17046    185.67900      0.26248
  1781    753.08130      2.08169    176.79510      0.27572
  1820    843.98080      1.45557    142.29270      0.22009
  1859    555.97100      2.66047    171.78570      0.35143
  1897    507.53130      2.71520    123.80430      0.41153
  1935    648.69100      2.58311    118.17860      0.18978
  1978    701.01670      2.35715    141.42180      0.37994
  2017    633.93480      2.56566    175.16090      0.58554
  2056    814.64280      1.65801    191.85480      0.44753
  2103    814.01680      1.57276    172.14290      0.42420
  2143    783.80510      1.94348    216.34490      0.25075
  2188    432.72180      2.64136    217.94500      0.40716
  2227    342.38010      2.49682    228.27060      0.51770
  2266    456.65030      2.66559    208.48280      0.42425
  2306    406.26410      2.60479    209.48140      0.49513
  2346    416.72490      2.61527    241.74790      0.51932
  2385    388.23230      2.47720    257.33200      0.33740
  2427    523.16770      2.48409    255.72200      0.35362
