  2524    254.13400      2.13043    281.80830      0.47831
  2552    235.29830      2.09302    292.34890      0.40805
  2598    186.47710      1.89425    299.43020      0.40684
  2637    243.04490      2.06738    293.09130      0.46149
  2676    201.42760      1.92781    298.45310      0.50251
  2715    197.37960      1.92579    297.41640      0.49917
  2754    307.98540      2.25489    292.42390      0.52626
  2793    310.48680      2.26570    303.44740      0.45004
  2832    308.24230      2.28263    296.36110      0.47488
  2871    254.50060      2.12260    300.46390      0.49847
  2910    198.11350      1.91826    304.96860      0.49316
  2949    310.10750      2.31191    255.27570      0.67375
  2988    337.89540      2.38221    220.83340      0.84434
  3026    669.59800      2.32766    104.25210      0.12467
  3065    834.33220      1.49282    101.24050      0.11703
  3104    839.27330      1.41910     98.98743      0.11980
  3143    451.38730      2.56077    112.55580      0.50605
  3183    240.86390      2.18994    229.23470      1.00001
  3223    870.26240      0.80482    102.87350      0.09986
  3263    232.03920      2.13747    286.04710      0.53340
  3302    190.57720      1.93486    313.97590      0.49604
