   340      0.00000      0.00000    204.79700      0.31235
   660     86.58219      1.17814    229.29370      0.57247
   980     45.89428      0.14019    223.64790      0.32623
  1460    352.14950      0.68215    217.60960      0.28061
  1920    296.49310      0.62221    192.32070      0.38028
  2360    238.36660      0.39589    185.50110      0.23135
  2680    212.14370      0.38967    187.46300      0.25402
  3100    296.24910      0.69155    194.73620      0.35112
  3560     94.62542      0.13813    207.83170      0.22627
  3960    427.35100      0.75185    203.75290      0.20565
  4380      0.00000      0.00000    196.80550      0.20688
  4640    431.26570      1.16019    214.99560      0.27637
