   163    161.72210      1.48405    222.38810      0.61254
   177    163.20160      1.49210    224.10520      0.59923
   199    150.70090      1.47034    224.56170      0.59375
   218    115.38140      1.37886    221.00790      0.59836
   238    136.43220      1.45153    210.66630      0.59416
   258    174.82140      1.54722    205.64170      0.55080
   278    226.15290      1.62500    203.84660      0.50593
   298    273.99510      1.65866    208.63090      0.47762
   318    316.49770      1.66274    210.82870      0.45322
   339    328.50920      1.66703    211.82990      0.45961
   359    360.08180      1.64849    210.30600      0.46178
   379    390.61450      1.61391    209.30300      0.46850
   399    413.21760      1.57696    206.57010      0.48043
   419    406.83540      1.61647    204.49670      0.49796
   439    401.31070      1.63106    202.93190      0.51693
   459    402.78670      1.64752    201.76720      0.52684
   480    400.86540      1.64874    198.15960      0.52092
   500    388.44630      1.68658    195.33400      0.52870
   520    373.12260      1.71583    192.02650      0.53069
   539    353.25860      1.73253    197.22150      0.53988
   560    314.05790      1.75205    204.40970      0.55025
   580    234.72800      1.71494    211.96390      0.59192
   600    165.79680      1.58291    221.16180      0.63575
   620    108.11310      1.43421    228.47940      0.65669
   640    104.63940      1.41460    234.87500      0.63869
   660     94.07919      1.34715    240.35510      0.63254
   680     99.47002      1.40435    239.61630      0.62860
   700    106.37390      1.42539    233.12470      0.59652
   720    119.62550      1.48178    225.27820      0.60002
   740    120.93510      1.46491    224.68680      0.61250
   760    113.15290      1.46808    222.91410      0.64115
   780     98.84400      1.42892    228.87360      0.66004
   800     91.62419      1.39387    234.62600      0.65143
   820     93.76118      1.41476    236.42290      0.66766
   840     99.04993      1.43192    238.66220      0.61723
   860    111.23360      1.45664    237.17890      0.59551
   880    135.17340      1.54519    235.56650      0.54382
   899    123.38410      1.52325    237.10820      0.55013
   919    118.01120      1.49879    235.66670      0.56558
   939    104.92210      1.49175    229.83340      0.64849
   959    114.30300      1.50626    225.47810      0.65034
   979    112.17830      1.51261    226.04430      0.65263
   999     98.01752      1.44180    229.79630      0.64872
  1019     92.47054      1.42724    233.16440      0.65285
  1038     90.80743      1.43530    239.39740      0.61498
  1058     86.11757      1.43105    241.05670      0.61553
  1078     82.26498      1.38455    242.38670      0.59491
  1098     84.10828      1.41741    240.79810      0.58123
  1118     86.30946      1.44070    241.26410      0.58511
  1138     82.62228      1.40091    242.60960      0.58878
  1158     84.78464      1.42731    244.52520      0.56230
  1176     83.08225      1.38396    247.20920      0.55180
  1196    115.31710      1.54633    247.13080      0.53507
  1215    126.01780      1.59285    248.81320      0.50401
  1235    108.81510      1.54834    247.48890      0.54150
  1255    153.76950      1.68679    250.46220      0.44995
  1275    123.23480      1.60269    248.04740      0.56691
  1295     84.69457      1.42176    247.13230      0.56937
  1315     83.98306      1.44220    245.46000      0.61193
  1335     86.68804      1.44983    245.22830      0.61518
  1355     88.06641      1.46584    246.49040      0.59368
  1375     82.69716      1.43790    244.78310      0.63924
  1395     85.44520      1.45210    246.04490      0.61650
  1414     86.04981      1.46192    244.40020      0.64682
  1435     84.74733      1.46096    246.04220      0.62121
  1455     90.05104      1.51009    246.72090      0.61720
  1475     87.86028      1.47888    246.42140      0.62159
  1495     85.13238      1.44010    246.46140      0.62721
  1515     85.16754      1.46125    246.61800      0.63043
  1535     88.79570      1.48648    246.68360      0.64486
  1556     87.60641      1.49561    248.07600      0.62869
  1576     84.42726      1.45710    247.64360      0.65445
  1595     85.87953      1.47672    249.63890      0.65538
  1615     87.52629      1.49237    251.49260      0.63662
  1635     85.97220      1.45421    252.14960      0.68098
  1655     90.94992      1.52570    252.40840      0.69231
  1675     90.69355      1.52196    254.46100      0.65786
  1695     89.66022      1.50788    254.55660      0.66105
  1715     93.88642      1.54405    257.32600      0.64588
  1735    134.45810      1.66770    266.88760      0.43701
  1755    181.02470      1.68147    268.13610      0.37669
  1775    180.75430      1.64530    268.96620      0.35359
  1795    181.51340      1.65963    268.96040      0.35018
  1815    183.62990      1.67367    268.78510      0.36190
  1835    181.53670      1.63584    267.48040      0.37654
  1855    177.36680      1.64307    269.02180      0.34860
  1875    164.79220      1.66971    270.01030      0.33509
  1894    167.51880      1.68397    267.75130      0.37333
  1914    183.03030      1.69859    267.17400      0.34460
  1934    182.64430      1.69295    266.72970      0.38375
  1954    155.12770      1.65999    264.43790      0.42250
  1974    102.32760      1.57260    259.39310      0.60379
  1994     90.11160      1.54818    254.29890      0.69162
  2014     93.33510      1.59695    253.54070      0.68852
  2034     93.28032      1.55362    254.22490      0.66762
  2054     93.77287      1.58073    254.08250      0.66433
  2074     95.40509      1.57680    254.66740      0.67678
  2094    106.03220      1.61592    256.51030      0.61412
  2114    139.06960      1.62130    257.28710      0.54101
  2134    192.28000      1.76228    254.65360      0.49636
  2154    229.16030      1.86652    249.38440      0.55273
  2174    299.33070      2.05981    241.59640      0.50123
  2194    379.20110      2.17522    229.02350      0.46313
  2214    451.11490      2.19854    219.48470      0.36349
  2234    482.58530      2.19122    218.25730      0.31988
  2254    489.54700      2.18100    218.81290      0.31778
  2273    443.04320      2.21410    224.66570      0.37124
  2293    424.68980      2.21844    225.91020      0.38339
  2313    375.95900      2.20508    229.48600      0.46752
  2333    380.19490      2.21079    228.92230      0.49309
  2351    333.98850      2.17694    234.25160      0.49135
  2371    348.00730      2.19207    234.23330      0.46672
  2391    330.31160      2.17272    238.29280      0.47846
  2411    253.15440      2.06263    242.69770      0.52637
  2431    180.86510      1.87153    230.12010      0.69471
  2451    144.92500      1.82085    215.16820      0.77219
  2471    226.03770      2.06618    196.48660      0.69616
  2491    375.09590      2.27980    177.01610      0.52087
  2511    528.51080      2.20608    161.38920      0.21997
  2531    553.14120      2.17140    157.72630      0.18430
  2551    576.84900      2.11799    159.51510      0.19172
  2571    600.93830      2.00835    165.75270      0.20708
  2591    596.96040      2.02345    181.88190      0.27338
  2613    551.00840      2.17707    203.77640      0.27126
  2632    491.57840      2.27137    218.00940      0.25859
  2652    453.39470      2.29753    223.22270      0.26921
  2672    522.76560      2.23464    223.77630      0.26886
  2694    526.04970      2.23012    231.11600      0.26991
  2714    392.05100      2.30372    238.76750      0.33160
  2734    333.15340      2.27364    240.81050      0.34048
  2754    372.34010      2.30208    237.17970      0.34141
  2774    472.97240      2.31432    215.12290      0.42227
  2794    561.51250      2.22187    192.45210      0.35720
  2814    555.20900      2.24910    186.36050      0.36566
  2834    562.89530      2.24897    187.86760      0.33664
  2854    554.12350      2.24690    180.30400      0.30512
  2874    587.33940      2.20018    173.40830      0.25973
  2894    601.35130      2.18294    156.35450      0.20282
  2914    519.30750      2.31805    181.90590      0.38407
  2934    509.55070      2.31835    207.44680      0.41685
  2954    554.34740      2.25848    223.96900      0.30759
  2974    474.96200      2.34158    230.05500      0.33817
  2994    323.16370      2.24658    247.52550      0.35697
  3014    259.93770      2.10605    245.67390      0.33017
  3034    352.69230      2.31781    244.26530      0.34065
  3054    275.74690      2.17471    253.79350      0.35746
  3074    286.67320      2.22121    255.72970      0.35491
  3094    384.25490      2.35715    247.01140      0.32948
  3114    479.69130      2.36834    243.94780      0.31998
  3133    366.21840      2.33802    254.97680      0.36995
  3152    332.12450      2.30864    258.09060      0.36863
  3172    312.61980      2.27280    255.30860      0.36183
  3192    357.49000      2.34839    247.82050      0.36013
  3212    388.87080      2.38119    243.30800      0.33131
  3232    393.08910      2.38862    244.57270      0.34476
  3252    403.34070      2.39706    243.22290      0.36882
  3288    359.24490      2.34366    237.01910      0.48291
  3309    318.46820      2.30714    231.80750      0.55420
  3329    299.91350      2.27835    217.95200      0.61979
  3349    260.73290      2.17651    229.62710      0.66377
  3369    247.49310      2.13586    246.70070      0.64704
  3389    257.71600      2.18189    256.45240      0.58812
  3409    271.55490      2.21044    243.21520      0.58498
  3429    282.70150      2.25432    243.67880      0.61303
  3449    263.55090      2.19186    253.04880      0.57061
  3469    272.97590      2.20797    261.83430      0.45484
  3489    283.27010      2.24704    268.50870      0.41797
  3509    229.38940      2.12748    274.52500      0.40591
  3529    118.66430      1.76365    275.12720      0.54666
  3549     97.93871      1.73268    272.85050      0.66332
  3569     98.83067      1.74055    272.80760      0.63770
  3589     99.68354      1.71484    273.96620      0.62904
  3609    103.83240      1.75265    273.27070      0.64387
  3629    128.21940      1.85014    273.66090      0.54572
  3649    231.26760      2.14863    271.32220      0.39450
  3669    277.02810      2.26409    272.30640      0.37331
  3689    236.83920      2.12474    273.67550      0.35238
  3708    214.33810      2.06485    283.80120      0.39998
  3728    211.88260      2.04736    283.61930      0.38278
  3748    215.83690      2.04358    284.04750      0.44432
  3769    239.85400      2.14811    276.72950      0.59824
  3789    276.06250      2.22401    256.26780      0.70865
  3809    294.29160      2.29604    236.39230      0.73177
  3829    296.15880      2.30937    221.18740      0.72387
  3849    314.33910      2.35956    206.38750      0.70899
  3869    321.82170      2.38791    204.12310      0.71829
  3889    324.65290      2.38729    199.32930      0.72855
  3909    322.05280      2.39211    202.23750      0.74746
  3929    313.22940      2.40056    197.86110      0.71349
  3950    311.72990      2.38690    174.62810      0.63796
  3969    316.40280      2.38574    176.30540      0.59050
  3989    353.79970      2.46665    169.54590      0.51638
  4010    392.44510      2.52513    180.70770      0.50138
  4030    388.18270      2.51198    166.87180      0.47024
  4050    401.73160      2.53039    167.81110      0.51710
  4070    459.06950      2.56375    168.85670      0.47208
  4091    500.85480      2.56150    166.99980      0.40284
  4111    466.30240      2.56736    168.05990      0.41741
  4131    425.87700      2.56026    165.44480      0.38667
  4150    406.96960      2.54592    183.29370      0.43581
  4170    393.60570      2.54050    191.68760      0.47750
  4190    347.15570      2.48670    195.31270      0.62618
  4210    327.79600      2.44798    194.90770      0.69411
  4230    347.33530      2.47695    191.11950      0.71585
  4250    374.24900      2.51067    191.65420      0.67510
  4270    375.70910      2.52361    193.77340      0.69589
  4290    362.78760      2.50637    191.09720      0.72425
  4310    396.06700      2.54403    177.13470      0.64334
  4330    439.48320      2.58296    167.70230      0.51117
  4350    493.15990      2.59779    156.14990      0.42381
  4370    573.23570      2.54895    148.64700      0.32425
  4390    652.35870      2.43520    140.94890      0.22383
  4408    684.26130      2.34478    138.99580      0.20367
  4428    689.84300      2.34735    137.79370      0.19186
  4448    716.38740      2.22353    143.48820      0.19551
  4468    755.74330      2.08223    148.15300      0.20149
  4488    783.76530      1.90785    151.96340      0.19926
  4508    795.38820      1.87286    154.18960      0.19695
  4528    769.89660      2.05645    156.45420      0.19540
  4548    699.36710      2.32127    157.46450      0.23545
  4568    674.38010      2.38347    150.56590      0.23857
  4588    689.94680      2.33418    145.87770      0.19664
  4608    742.02550      2.13148    146.46790      0.17015
  4627    732.38200      2.14030    148.95930      0.17643
  4647    777.98250      2.03337    157.16480      0.19284
  4667    837.86210      1.62484    164.53140      0.19130
  4687    849.68320      1.49491    164.40960      0.18340
  4707    848.24730      1.42983    168.16510      0.17894
  4727    822.71510      1.66965    178.94440      0.23198
  4748    791.27240      1.94384    196.42220      0.27568
  4767    722.16310      2.21060    213.83150      0.31128
  4787    618.00460      2.45684    229.25450      0.44416
  4807    476.35430      2.59024    251.94330      0.61836
  4824    442.64440      2.56460    249.93450      0.65882
  4844    425.46240      2.58058    247.77330      0.69628
  4864    417.28690      2.57724    251.28910      0.70790
  4882    360.20810      2.45952    276.53690      0.76931
  4902    334.60800      2.40064    286.91820      0.73015
  4922    304.23690      2.38761    294.99280      0.69093
  4942    248.80000      2.23928    300.61960      0.65643
  4962    250.01250      2.22672    305.24100      0.64733
  4982    267.26060      2.26489    306.21620      0.69698
