  2529    172.92860      1.79560    261.78550      0.60141
  2565    270.33310      2.10130    225.01850      0.79828
  2606    382.41940      2.11038    268.82440      0.48845
  2645    261.25790      2.01611    259.99100      0.64772
  2684    226.83350      1.93944    270.10520      0.63097
  2722    210.00960      1.89258    275.85740      0.67362
  2761    202.96200      1.87693    277.94030      0.67448
  2800    265.47040      2.03447    248.96640      0.73070
  2840    394.76810      2.30200    211.59790      0.65963
  2880    548.70290      2.20179    175.37510      0.28274
  2918    457.71420      2.29336    208.22550      0.40070
  2947    375.62560      2.31803    198.63230      0.56702
  2985    480.74880      2.31498    211.89210      0.33653
  3023    390.16900      2.33168    228.11130      0.62317
  3061    186.35410      1.79236    294.53660      0.61627
  3097    187.98230      1.71941    295.78660      0.64947
