   834    314.40920      2.38531    289.74640      0.75149
   867    330.68730      2.44526    285.08330      0.76487
   905    319.21050      2.42572    286.51750      0.78860
   944    301.77080      2.35236    288.60420      0.73562
   982    296.38920      2.36281    286.58080      0.67049
  1019    311.64510      2.40342    273.33660      0.68630
  1058    324.32960      2.42909    260.88140      0.68543
  1097    378.95460      2.58123    251.15840      0.52146
  1136    281.62790      2.35479    264.63440      0.67502
  1175    356.03990      2.54514    246.67430      0.58143
  1213    270.88540      2.37576    266.46220      0.69174
  1251    439.33310      2.67425    213.53890      0.41063
  1289    433.89030      2.66185    217.61410      0.44474
  1328    271.37600      2.31173    257.67780      0.51210
  1367    219.18650      2.21541    276.63100      0.45563
  1405    233.83720      2.22433    273.87070      0.44185
  1439    214.80520      2.14527    278.55100      0.46574
  1478    279.38120      2.37100    258.99240      0.55208
  1516    217.40470      2.15985    271.06150      0.52257
  1554    464.43650      2.63488    244.62710      0.42582
  1594    555.87040      2.60872    205.75940      0.48006
  1633    239.45700      2.24275    244.40290      0.66094
  1672    229.43830      2.19456    262.35970      0.59845
  1710    172.37390      1.95044    281.27430      0.48256
  1749    677.97410      2.49591    103.53040      0.16391
  1788    913.58970      0.97409    103.77300      0.11876
  1827    861.22780      1.39768    119.58800      0.13861
  1861    493.59370      2.66327    149.77200      0.41002
  1900    217.68310      2.18172    231.74420      0.86950
  1937    239.23780      2.18895    277.03850      0.43503
  1975    218.04190      2.12125    242.71710      0.78448
  2012    472.53340      2.65549    105.15870      0.35115
  2050    227.72260      2.16633    230.70060      0.82353
  2089    324.88400      2.45586    170.81970      0.82857
  2126    232.39080      2.19456    225.92150      0.87229
