   166    397.32750      2.02152    144.56890      0.33060
   184    400.11640      2.00976    153.22900      0.38047
   202    394.74180      2.00848    145.23290      0.37718
   222    400.87050      1.99731    154.87820      0.39264
   242    424.65010      1.97419    150.39570      0.35518
   262    439.36430      1.95680    140.46760      0.25780
   283    461.77120      1.90472    137.34430      0.25156
   303    482.39520      1.86316    127.69420      0.18633
   323    499.02330      1.82716    127.77680      0.18859
   343    501.10160      1.81614    131.58790      0.20052
   362    476.55260      1.86129    129.14390      0.24247
   382    456.47390      1.88184    143.65900      0.31340
   403    444.98860      1.89698    137.28240      0.31814
   422    434.34360      1.90230    142.24670      0.38615
   442    408.01430      1.92483    145.75750      0.44031
   462    341.51720      1.93080    169.94640      0.56717
   482    300.24850      1.89910    179.20340      0.59258
   502    294.70960      1.89079    161.84530      0.52383
   522    276.30530      1.86971    168.41140      0.53749
   542    244.80350      1.82825    176.02760      0.55860
   562    242.82220      1.81822    188.22390      0.55345
   582    271.35810      1.85292    183.38940      0.49540
   601    288.53340      1.86588    161.47150      0.41632
   621    253.73760      1.81714    187.96390      0.55105
   641    220.62040      1.75076    204.47960      0.61750
   661    203.92070      1.70083    203.23630      0.58068
   681    195.48470      1.68250    208.06780      0.55030
   700    167.38330      1.60653    206.10330      0.46934
   719    133.12100      1.45276    234.76710      0.47623
   739    122.32080      1.42599    251.27630      0.49337
   756    143.43850      1.50713    232.19440      0.50679
   776    170.80730      1.58235    233.18320      0.70554
   795    216.58150      1.70150    207.79510      0.79445
   814    234.73050      1.73854    191.93180      0.79517
   834    266.45300      1.77289    172.71300      0.75001
   854    227.28300      1.70994    183.97360      0.81167
   874    229.82890      1.72168    181.73670      0.76623
   894    193.78430      1.64157    193.46930      0.77052
   914    182.15570      1.60546    204.26890      0.78955
   934    166.65600      1.55703    214.74890      0.86163
   954    166.50770      1.54646    216.12470      0.84609
   974    156.97420      1.51759    224.26670      0.80630
   994    145.29370      1.45235    238.11250      0.79357
  1014    140.14030      1.45758    253.14030      0.76751
  1034    138.65350      1.45413    257.35870      0.74128
  1053    132.91170      1.40506    261.29450      0.77926
  1073    130.23530      1.42752    265.51420      0.68153
  1093    126.24530      1.40001    269.33750      0.64419
  1112    127.28060      1.37772    272.35700      0.60881
  1133    130.96170      1.38943    263.40220      0.64654
  1153    142.46590      1.44456    248.99880      0.61495
  1173    156.45180      1.49168    225.23130      0.56194
  1194    160.64460      1.48274    219.27950      0.56381
  1213    172.76960      1.52511    215.80150      0.53194
  1233    189.18900      1.57482    230.81070      0.53504
  1253    199.34350      1.59115    209.82020      0.46582
  1273    185.46310      1.55624    221.61490      0.50995
  1292    179.19740      1.53741    228.16770      0.57067
  1312    183.14860      1.54540    224.43620      0.63493
  1332    247.32100      1.62557    225.64100      0.59465
  1352    297.14240      1.61003    241.39770      0.49643
  1372    330.06170      1.56462    253.21500      0.38678
  1385    301.38190      1.58571    262.64340      0.34052
  1401    305.24700      1.57370    260.89630      0.33484
  1420    316.80820      1.56178    249.10970      0.29357
  1441    258.88080      1.58955    252.30870      0.28560
  1461    223.28080      1.55765    262.77080      0.32141
  1481    230.15310      1.56209    263.76220      0.32593
  1501    209.34140      1.53665    268.18120      0.33209
  1521    173.45370      1.46278    271.19310      0.29986
  1541    126.36820      1.31522    272.58790      0.31184
  1562    103.03430      1.23014    274.17560      0.34103
  1581    103.13110      1.21929    279.67560      0.35974
  1601     99.68035      1.19891    276.14700      0.33185
  1623     97.86826      1.18577    279.91130      0.34405
  1643    100.31960      1.20666    274.51240      0.34146
  1663    100.23460      1.20485    275.81170      0.37500
  1683    100.52540      1.19071    260.27940      0.32367
  1703     95.06448      1.16057    258.87000      0.32225
  1722     92.80382      1.16630    260.29330      0.31436
  1742     89.45500      1.12695    263.24860      0.33654
  1762     86.04626      1.10262    258.80260      0.33130
  1782     88.18813      1.10525    254.30420      0.30018
  1802     85.84898      1.09236    263.95900      0.32250
  1822     82.45321      1.07900    264.19920      0.35589
  1842     82.16935      1.08450    254.32150      0.32893
  1862     77.76307      1.04415    265.22980      0.34379
  1881     79.62699      1.07195    259.68580      0.34544
  1901     75.31348      1.03329    259.02300      0.33711
  1922     77.28190      1.05512    252.78820      0.28270
  1942     79.11171      1.05091    258.91140      0.32378
  1962     77.22200      1.03844    252.04490      0.29314
  1982     78.01549      1.04246    253.28830      0.29193
  2001     79.55280      1.04404    255.83650      0.31170
  2021    142.10100      1.25277    245.67020      0.25995
  2041    221.96510      1.35448    247.16800      0.31318
  2061    308.31270      1.30134    241.78160      0.26198
  2081    319.25990      1.26742    240.26810      0.24959
  2101    324.72100      1.23455    240.73060      0.23072
  2122    312.11140      1.23788    243.00620      0.24422
  2142    325.39930      1.21029    240.56680      0.25181
  2162    321.07180      1.23143    237.16500      0.25000
  2182    323.10100      1.19854    239.90620      0.26626
  2216    331.02470      1.17291    235.15060      0.25358
  2233    330.98580      1.19029    233.00590      0.24864
  2253    316.14810      1.20083    236.07870      0.24866
  2281    332.31430      1.17864    228.74260      0.25622
  2317    345.12600      1.10675    225.41060      0.26978
  2337    342.00170      1.08181    229.35000      0.25950
  2356    339.50010      1.06820    227.91080      0.26160
  2376    307.18910      1.15007    232.34560      0.25863
  2399    297.41410      1.15083    232.97420      0.26103
  2420    311.94700      1.09123    229.11980      0.26888
  2440    299.79340      1.11092    229.71500      0.27112
  2456    302.76380      1.10084    228.16450      0.24004
  2462    288.97610      1.13313    228.71660      0.25500
  2479    292.21370      1.11090    229.81490      0.27171
  2519    317.46270      1.06166    213.46610      0.28983
  2540    308.39910      1.05781    214.15440      0.31066
  2560    317.75530      1.01157    213.44100      0.27554
  2578    325.34350      0.96748    214.40160      0.26187
  2598    337.17220      0.89392    208.33890      0.27713
  2618    337.53220      0.89096    197.65570      0.31002
  2638    330.82070      0.90303    190.36740      0.32701
  2658    330.71790      0.88891    174.27470      0.32294
  2677    328.21990      0.90080    167.07250      0.29168
  2697    333.55350      0.87508    166.58610      0.25008
  2717    359.14580      0.76400    152.66700      0.22217
  2737    378.37680      0.61819    158.51620      0.21233
  2757    376.79170      0.59057    156.76290      0.22657
  2777    368.30940      0.62793    155.82330      0.23222
  2797    362.84750      0.59865    154.59900      0.24101
  2817    362.64750      0.59694    142.92400      0.21468
  2837    357.50640      0.61546    143.67150      0.22438
  2857    356.15800      0.59741    144.76090      0.22681
  2877    356.68320      0.56346    143.05960      0.21485
  2897    354.78240      0.54151    145.84860      0.21128
  2917    353.30150      0.52880    139.86940      0.21289
  2937    352.78470      0.51549    141.41150      0.23058
  2957    350.16980      0.48574    152.31940      0.24934
  2977    348.90660      0.48092    151.52930      0.23885
  2997    347.38680      0.46857    147.23590      0.21767
  3017    343.03300      0.46559    145.26130      0.19486
  3037    334.25910      0.48737    157.49340      0.21184
  3057    333.39770      0.49870    146.32780      0.20604
  3077    328.86180      0.50075    151.76230      0.21494
  3097    328.81220      0.48918    148.09560      0.20551
  3117    327.50310      0.47335    146.24650      0.20611
  3137    328.02330      0.44730    140.04340      0.18679
  3157    324.79050      0.43734    142.25390      0.19183
  3177    322.33630      0.41710    139.87910      0.17794
  3197    317.99230      0.43282    138.17120      0.17101
  3216    315.55760      0.41125    142.52200      0.19182
  3236    313.24110      0.37297    147.96490      0.20144
  3256    309.10750      0.39879    154.99010      0.19919
  3276    304.70220      0.40964    156.16610      0.19611
  3296    301.40480      0.40775    158.19310      0.19416
  3316    299.13280      0.38616    163.41720      0.20264
  3336    295.53670      0.37725    169.66440      0.20612
  3355    291.23850      0.40495    169.06210      0.21657
  3375    289.68670      0.40768    163.84080      0.21177
  3396    291.32040      0.37899    156.50960      0.17731
  3416    290.44770      0.36051    154.21590      0.17680
  3435    289.06480      0.33894    153.74790      0.17308
  3457    285.13250      0.35765    155.02810      0.17809
  3477    281.40880      0.34055    155.71670      0.17007
  3497    278.13830      0.33273    158.42360      0.18383
  3517    273.45000      0.35806    158.54790      0.18782
  3537    269.96310      0.35497    159.18290      0.19696
  3550    268.42500      0.35248    156.28650      0.20489
  3570    258.50030      0.40887    163.96690      0.23746
  3590    252.55250      0.39937    173.40700      0.23906
  3610    243.27310      0.45301    178.56240      0.21548
  3630    236.05160      0.47394    178.72840      0.21951
  3650    229.34890      0.50171    179.47140      0.22320
  3670    219.13440      0.55001    179.02510      0.22992
  3690    213.42160      0.55311    179.70670      0.22107
  3710    202.42660      0.59174    177.56550      0.23806
  3730    182.78010      0.64629    176.74340      0.25002
  3750    150.52240      0.69171    188.06350      0.38398
  3770    116.89150      0.69259    203.45850      0.47285
  3790    116.49450      0.68528    202.16800      0.49120
  3810    118.43470      0.67596    203.64340      0.48972
  3830    104.49100      0.66210    206.89090      0.55600
  3850     97.11086      0.65422    204.79470      0.58668
  3870     96.46094      0.64697    204.32800      0.58558
  3890     79.33518      0.62272    211.71070      0.58172
  3910     58.44266      0.58039    222.87840      0.60893
  3930     61.17337      0.57564    229.68110      0.55174
  3949     67.56953      0.58272    229.97990      0.54114
  3974     56.40916      0.55544    227.46220      0.55288
  3993     67.57568      0.56657    225.65190      0.53703
  4013     84.55905      0.57755    224.21420      0.48166
  4033    111.00410      0.57678    219.35330      0.44973
  4053    134.59650      0.54826    209.65820      0.41021
  4074    136.70910      0.53567    206.72130      0.39520
  4094    142.92350      0.50956    204.28580      0.37984
  4114    115.07710      0.53591    212.01480      0.43911
  4134     95.04902      0.53513    218.58970      0.45530
  4154     97.41057      0.52252    218.70460      0.43050
  4173    104.51310      0.51185    217.08430      0.41528
  4192    119.87080      0.48486    210.36340      0.35573
  4212    125.93770      0.46442    198.82320      0.36376
  4232    130.93630      0.44939    186.41940      0.36629
  4252    128.78160      0.44915    181.48950      0.38631
  4272    117.87960      0.45742    187.76270      0.42851
  4292     89.01711      0.47327    202.63220      0.51275
  4312     54.74771      0.44752    212.65680      0.58900
  4331     43.91212      0.42685    217.69640      0.57556
  4351     40.23182      0.41336    220.66560      0.55969
  4371     58.39752      0.42697    220.93300      0.50372
  4391     69.78210      0.42231    221.19140      0.46726
  4411     54.36513      0.40992    222.25060      0.52607
  4431     53.73661      0.40167    225.29420      0.50536
  4451     76.61456      0.39925    223.22840      0.41556
  4471     67.85960      0.39157    223.57370      0.45876
  4491     78.65584      0.37832    221.04690      0.37680
  4511     95.48213      0.34619    215.95980      0.29287
  4530     94.20330      0.33911    212.77360      0.35792
  4550     94.59066      0.31676    208.51700      0.34033
  4570     83.58875      0.33087    216.10800      0.35228
  4590     74.77352      0.33388    219.89270      0.39034
  4610     62.36517      0.33322    220.60530      0.47027
  4630     67.02134      0.31790    221.91260      0.42513
  4650     69.82137      0.30591    222.93610      0.33419
  4669     67.95245      0.29727    222.74690      0.37033
  4689     68.22032      0.29056    222.81690      0.36539
  4708     72.74994      0.27380    204.82710      0.36559
  4728     85.86500      0.24526    181.61830      0.25548
  4748     80.29306      0.24877    182.77170      0.27492
  4767     70.12876      0.25911    193.40560      0.39192
  4787     49.11961      0.26443    209.23740      0.50979
  4807     36.87210      0.25196    215.18480      0.53289
  4827     57.33918      0.23646    209.31610      0.44483
  4847     69.62727      0.19471    199.11380      0.35347
  4867     70.50798      0.17097    189.34690      0.32271
  4886     65.87087      0.18167    182.67140      0.31031
  4905     64.03668      0.17380    176.36470      0.26994
  4925     65.34039      0.14973    169.67170      0.20643
  4945     67.53664      0.11569    164.96020      0.15356
  4965     63.53616      0.12201    162.71590      0.16131
  4984     59.96186      0.11971    161.09850      0.16170
  5004     56.70536      0.11696    162.04220      0.18061
