   140      0.00000      0.00000    238.66440      0.31658
   520      0.00000      0.00000    220.04280      0.27407
   700     14.68843      0.04741    228.63360      0.33419
  1100     57.81095      0.18131    223.01530      0.35446
  1380    101.91700      0.22530    210.51220      0.28437
  1740    307.11570      0.73935    219.48940      0.28337
  2100    302.23980      0.41241    185.73160      0.19877
  2420    247.20850      0.40915    189.99850      0.23498
  2820    226.34190      0.80884    206.37320      0.25598
  3180     82.12109      0.44783    206.94520      0.32379
  3460    108.86850      0.16659    204.88550      0.25033
  3820    411.96260      0.76694    203.52380      0.19863
  4220      7.99352      0.01560    195.17140      0.18793
  4660      0.00000      0.00000    220.40740      0.28300
