   187      0.00000      0.00000    224.99020      0.32931
   215      0.00000      0.00000    212.24070      0.23288
   266      0.00000      0.00000    214.52830      0.21043
   301      0.00000      0.00000    213.12390      0.20065
   340      0.00000      0.00000    209.94880      0.22252
   379      0.00000      0.00000    210.70680      0.23320
   417      0.00000      0.00000    209.56180      0.21640
   456      0.00000      0.00000    207.56510      0.21119
   495      0.00000      0.00000    207.62660      0.22374
   533      0.00000      0.00000    215.93660      0.24459
   572      0.00000      0.00000    211.05920      0.21992
   611      2.82924      0.00609    208.72030      0.22484
   647      6.91938      0.01286    208.68950      0.20817
   684     11.64671      0.01984    208.14690      0.20789
   723     17.33201      0.02635    202.20970      0.26171
   760     21.49912      0.03339    205.14340      0.21622
   799     26.04624      0.04024    206.87860      0.20984
   838     31.17287      0.04924    203.31170      0.22237
   876     37.12666      0.05678    201.44950      0.22330
   916     43.20053      0.06388    201.43070      0.24563
   954     47.71575      0.07264    204.27680      0.22041
   993     52.71453      0.08049    207.00330      0.23272
  1032     57.53771      0.08889    206.93970      0.23127
  1071     63.75274      0.10211    202.95510      0.25847
  1110     67.23846      0.10987    203.84500      0.20313
  1148     76.33393      0.12128    192.34460      0.21483
  1187     79.02526      0.13038    202.80640      0.26403
  1228     88.58529      0.13549    186.55290      0.21414
  1267     92.07935      0.13613    189.75680      0.18944
  1306     99.56750      0.14270    186.03650      0.16100
  1344    104.82060      0.15127    187.00230      0.18622
  1383    105.62360      0.17155    206.22720      0.18867
  1421    113.40300      0.17008    210.50550      0.20764
  1458    115.85930      0.18048    218.51750      0.20135
  1497    120.57590      0.19339    222.37420      0.24368
  1536    110.82110      0.24858    226.84460      0.30110
  1575    112.57460      0.25939    230.67060      0.19038
  1614    116.02100      0.26557    233.72820      0.21612
  1653    137.43240      0.24891    221.21430      0.31082
  1693    155.00980      0.23816    200.71240      0.27148
  1732    163.05780      0.25579    182.55470      0.24450
  1771    142.58590      0.33013    228.43440      0.40870
  1810    135.75780      0.42987    227.22760      0.42386
