  2519    283.34100      2.21808    280.73830      0.45759
  2556    234.34910      2.07875    287.13490      0.46086
  2595    193.39780      1.93020    291.99650      0.46326
  2634    246.65870      2.08658    292.91890      0.47002
  2673    207.43040      1.95372    297.34780      0.51995
  2712    196.05020      1.89718    297.87670      0.52055
  2751    306.98860      2.26981    293.11700      0.50910
  2791    325.39210      2.31592    302.40000      0.46874
  2830    308.15950      2.28599    298.18670      0.49371
  2869    258.99240      2.16213    300.15870      0.50358
  2908    206.21210      1.96225    289.53720      0.71526
  2947    308.98720      2.30431    254.37740      0.67957
  2986    369.56160      2.43104    222.92130      0.77032
  3027    686.21010      2.25177    104.04220      0.12871
  3066    834.89720      1.51506    101.02240      0.11988
  3105    838.25700      1.46498     99.09064      0.11765
  3145    412.20460      2.54184    119.58900      0.62981
  3184    266.58910      2.24901    215.51520      1.03859
  3222    870.43910      0.83059    102.83480      0.10051
  3262    232.95660      2.13468    284.39830      0.56708
  3300    191.96770      1.94857    305.62850      0.56527
