   152    153.03700      1.46843    223.04750      0.60317
   183    166.63300      1.51217    224.19000      0.59586
   201    145.23220      1.45501    224.69930      0.59402
   221    113.51800      1.36809    219.76260      0.61146
   242    145.17530      1.47557    209.36670      0.58686
   260    178.13060      1.55815    205.11830      0.55297
   280    228.52080      1.62191    204.97860      0.50745
   300    280.36440      1.66213    208.73130      0.47187
   322    327.21420      1.65944    212.27460      0.44617
   342    331.30410      1.66684    211.29820      0.46286
   362    364.25580      1.64081    211.15960      0.45240
   382    398.84900      1.59772    207.59690      0.48314
   402    411.65070      1.58973    206.24670      0.48379
   422    401.63600      1.62863    203.81110      0.50331
   442    398.03830      1.64348    202.80080      0.50634
   462    404.04690      1.64180    201.59960      0.51866
   482    400.22280      1.65798    198.35140      0.52268
   502    387.64950      1.68292    194.52130      0.53090
   522    373.32770      1.71107    192.02900      0.53906
   542    350.08910      1.73654    196.59300      0.54135
   562    306.88620      1.75322    206.02680      0.55288
   582    225.58970      1.70033    212.63560      0.59377
   602    159.80850      1.57954    222.45990      0.63335
   622    109.38820      1.42277    228.69240      0.66556
   642    102.33090      1.39063    235.51900      0.64968
   662     98.00259      1.39883    239.37520      0.63625
   682     99.33466      1.39247    239.66570      0.61002
   702    110.66150      1.45053    235.27560      0.59846
   722    121.78980      1.49013    226.03980      0.62039
   742    124.52350      1.49172    226.29180      0.61279
   762    109.97020      1.44664    226.00580      0.63228
   782     99.59029      1.42958    230.10330      0.66410
   802     92.53479      1.39957    233.19300      0.68214
   822     93.07399      1.40844    237.55560      0.63747
   842     99.66512      1.42524    237.13010      0.63004
   861    118.34510      1.49603    236.16140      0.59130
   881    133.06900      1.53757    236.11240      0.53378
   901    120.38600      1.51154    237.55020      0.55769
   922    120.90820      1.52463    234.31940      0.58262
   942    106.14280      1.48208    229.33970      0.63582
   962    108.86710      1.47909    226.60080      0.64672
   982    104.29610      1.46752    224.81710      0.66810
  1002    100.34370      1.47112    228.68250      0.66381
  1022     91.26904      1.43547    235.65440      0.64213
  1042     84.63577      1.35924    240.11570      0.61878
  1062     82.14977      1.38086    241.85390      0.59301
  1082     82.24501      1.37185    241.72000      0.57895
  1102     85.01274      1.41933    240.75070      0.58065
  1122     82.67789      1.38997    241.45500      0.57740
  1142     82.79860      1.40120    242.40560      0.58985
  1168     81.82838      1.39279    244.84900      0.56445
  1187     96.25506      1.48501    247.68100      0.51471
  1207    129.55570      1.59268    248.97200      0.48003
  1227    104.06550      1.49614    246.99430      0.54989
  1247    141.66280      1.64679    250.11320      0.48669
  1267    145.86920      1.62670    249.57380      0.49541
  1287     90.94067      1.47229    246.44180      0.57046
  1307     88.79238      1.47367    246.69240      0.58643
  1326     84.60106      1.42779    246.05320      0.58552
  1346     84.49673      1.44183    246.00090      0.60090
  1366     84.17261      1.43335    246.17840      0.61946
  1386     85.79232      1.45181    245.99870      0.61502
  1406     87.40947      1.46053    247.56240      0.58603
  1426     86.14995      1.46627    246.90100      0.61191
  1446     86.05180      1.46750    246.36660      0.63457
  1465     90.15441      1.49687    246.72550      0.61405
  1485     89.06233      1.46749    247.02690      0.59500
  1506     86.91330      1.47476    245.90750      0.62836
  1526     92.15970      1.52070    247.05590      0.61948
  1546     88.90567      1.49180    247.33600      0.63917
  1566     83.42525      1.45016    248.27410      0.65816
  1586     88.82221      1.50617    249.59620      0.64647
  1606     89.04700      1.49595    249.89760      0.67036
  1626     87.48135      1.48033    252.62670      0.63830
  1646     88.96927      1.49296    252.52620      0.64722
  1666     85.09733      1.48487    253.07890      0.70044
  1686     92.12590      1.52782    254.40340      0.66846
  1706     87.40589      1.48162    253.28500      0.70289
  1726    101.68170      1.54451    262.49090      0.56608
  1746    153.38560      1.63863    269.14540      0.35087
  1766    176.16130      1.62207    268.37580      0.35329
  1786    181.59420      1.65316    269.01890      0.36787
  1806    182.46760      1.64914    268.89260      0.35904
  1826    184.46400      1.66780    267.36610      0.37282
  1845    181.30460      1.65300    269.17050      0.35533
  1865    170.45610      1.66042    269.08810      0.35264
  1885    161.26700      1.67289    269.40070      0.34664
  1905    173.77780      1.70051    265.54190      0.34769
  1925    183.88480      1.69829    265.81730      0.34363
  1945    180.58720      1.70811    268.10100      0.38505
  1965    124.31110      1.58859    262.93250      0.53705
  1985     88.50964      1.52157    256.52180      0.66056
  2005     90.34760      1.56005    254.66160      0.67314
  2025     92.37582      1.54866    254.18320      0.68018
  2045     86.55194      1.52146    254.29170      0.66245
  2065     91.60081      1.54778    254.57990      0.67220
  2085     94.21081      1.56195    256.52900      0.65243
  2105    131.67900      1.66021    258.43080      0.57589
  2125    166.61340      1.73902    255.86850      0.51272
  2145    221.39110      1.83764    248.91580      0.52029
  2165    255.13340      1.95703    244.88380      0.53068
  2185    348.33470      2.14469    232.51680      0.47810
  2205    429.32060      2.19028    223.13300      0.37337
  2225    470.71770      2.19366    218.41600      0.34637
  2245    476.40440      2.19342    220.51590      0.33105
  2265    464.17190      2.20711    222.33450      0.36180
  2285    418.96320      2.21795    226.44990      0.38898
  2305    396.23110      2.21821    228.50450      0.42725
  2325    370.76010      2.19634    229.77780      0.47710
  2345    333.06050      2.16763    233.72070      0.51496
  2365    346.29520      2.18614    234.27260      0.47084
  2386    337.95070      2.17143    237.72360      0.47915
  2407    269.79700      2.07670    242.90300      0.50606
  2427    197.50220      1.94235    235.52950      0.67034
  2447    150.17560      1.85470    218.26710      0.76167
  2466    193.51480      1.99800    202.38180      0.72995
  2486    335.23800      2.24593    183.07170      0.58252
  2507    502.22520      2.24540    162.49190      0.26165
  2527    551.39700      2.16593    158.53710      0.19203
  2547    576.10750      2.10604    158.84440      0.18723
  2567    599.44260      2.02720    163.68210      0.20992
  2587    594.94640      2.04235    178.38310      0.25445
  2607    573.48180      2.11912    197.68610      0.28063
  2627    511.35050      2.24198    214.66230      0.23160
  2646    456.52070      2.29342    221.47660      0.28316
  2666    489.73360      2.26721    224.64180      0.25925
  2686    549.79250      2.17937    227.81610      0.28618
  2706    445.79110      2.29945    235.27130      0.32259
  2726    340.45050      2.27567    240.43180      0.33749
  2746    343.55040      2.28349    238.57260      0.35065
  2766    447.47850      2.31130    226.46450      0.37882
  2786    525.86350      2.27779    201.71570      0.39898
  2806    567.59050      2.22749    181.12200      0.33488
  2826    569.96170      2.23417    179.81260      0.33890
  2846    547.70470      2.25604    187.71060      0.33729
  2866    585.01950      2.19885    172.32930      0.28054
  2886    590.65740      2.20287    161.59840      0.23165
  2906    562.77120      2.27483    165.11240      0.29003
  2926    500.83310      2.34171    199.69510      0.44203
  2946    529.83970      2.29095    221.86940      0.33655
  2966    514.21950      2.32039    226.85390      0.32394
  2986    363.41390      2.31843    244.23720      0.33857
  3005    269.94130      2.15274    249.86590      0.34911
  3025    326.69070      2.28163    243.53660      0.34118
  3045    336.13040      2.29000    247.45320      0.34568
  3065    264.58640      2.15572    255.66270      0.34482
  3085    342.75270      2.32349    250.89660      0.34838
  3105    457.92770      2.37691    245.41750      0.31375
  3125    379.49270      2.35892    252.18860      0.36972
  3144    289.34140      2.20405    262.82200      0.38640
  3164    316.35680      2.27129    256.58650      0.37968
  3184    333.92110      2.32046    252.16730      0.36561
  3202    380.03120      2.37869    243.00400      0.33856
  3222    398.66390      2.39417    242.08590      0.33898
  3242    391.10000      2.38689    243.96760      0.35311
  3262    372.64150      2.37052    246.99460      0.38878
  3279    336.60190      2.32789    243.42770      0.43426
  3296    345.41670      2.34824    231.09960      0.51732
  3316    307.87640      2.29241    226.72500      0.56531
  3336    284.16890      2.23487    220.00810      0.62320
  3356    268.26610      2.21947    233.15620      0.66894
  3376    245.50040      2.13260    251.67650      0.60522
  3397    264.55560      2.17055    252.83830      0.60141
  3417    278.58730      2.20678    246.49180      0.61265
  3437    283.94110      2.25662    246.41360      0.61281
  3457    264.10570      2.20270    254.05060      0.57460
  3477    284.39460      2.24000    261.55560      0.41485
  3500    274.54180      2.22116    271.92890      0.41962
  3519    175.49770      1.96313    273.34120      0.42361
  3539    102.38120      1.72600    273.37280      0.61477
  3559    105.44290      1.80640    272.84180      0.63086
  3579     99.14548      1.75132    273.61260      0.60847
  3599    104.33890      1.77801    273.30190      0.65368
  3618    105.86510      1.77368    271.96860      0.64764
  3638    169.32520      1.98694    273.65880      0.51287
  3658    275.53050      2.26312    266.30680      0.35640
  3678    267.11000      2.24927    262.33250      0.32536
  3698    220.11250      2.06186    277.02490      0.39464
  3718    208.51850      2.01518    284.43870      0.39889
  3738    209.97340      2.02497    287.22630      0.42123
  3758    229.58100      2.10261    281.38210      0.52075
  3778    253.88670      2.17540    269.04280      0.64002
  3798    287.02830      2.27604    241.02170      0.70724
  3818    294.47720      2.32552    229.21170      0.72482
  3838    304.50410      2.32921    214.53730      0.71981
  3858    312.37230      2.38285    210.12460      0.72945
  3878    327.30250      2.40402    203.96630      0.72541
  3898    314.68950      2.35464    206.09260      0.75731
  3918    310.83070      2.37695    201.35200      0.73060
  3937    310.71440      2.36915    188.44490      0.68077
  3958    317.71260      2.39776    173.91550      0.63673
  3978    338.74920      2.44960    174.67850      0.54412
  3998    364.03500      2.47877    167.53700      0.51087
  4018    390.73920      2.51557    178.90460      0.51683
  4038    392.20340      2.52161    162.67060      0.48683
  4058    439.74110      2.56111    158.91250      0.48101
  4078    488.11870      2.56454    167.42640      0.41810
  4098    495.15920      2.56250    168.67840      0.39544
  4118    447.92340      2.57206    161.12840      0.37825
  4138    406.23340      2.54324    177.15850      0.44154
  4158    406.35010      2.53576    188.40900      0.43681
  4178    371.95250      2.51847    196.12190      0.56148
  4198    337.00950      2.46981    194.84980      0.64570
  4218    327.13730      2.45334    199.08920      0.74353
  4238    365.10860      2.50665    191.22430      0.66131
  4259    365.35290      2.50269    194.15860      0.70074
  4279    366.94410      2.50240    189.17960      0.66347
  4299    369.73380      2.50975    187.55070      0.72014
  4319    417.44060      2.56376    170.99070      0.56791
  4339    451.00280      2.58815    164.35730      0.52087
  4359    517.71730      2.59148    153.93610      0.38405
  4379    606.54020      2.50170    143.97580      0.28305
  4399    669.09170      2.40102    139.14880      0.20198
  4419    689.66250      2.34065    137.72390      0.18876
  4439    702.67710      2.29244    139.44930      0.18742
  4459    740.68600      2.16271    145.55460      0.19809
  4479    775.87750      1.97134    150.29940      0.20307
  4499    793.75650      1.87906    156.20950      0.19962
  4519    794.54500      1.87810    155.70470      0.20207
  4539    730.54490      2.22866    157.81840      0.24368
  4559    681.67720      2.36659    152.82490      0.22824
  4579    672.61270      2.36729    147.67390      0.22610
  4599    729.88860      2.17491    146.15250      0.17066
  4619    729.23050      2.17285    147.53550      0.16142
  4639    760.42740      2.06101    155.45060      0.19601
  4659    815.49810      1.77665    161.90720      0.19102
  4679    851.41710      1.50249    164.70570      0.18383
  4699    843.77300      1.42705    168.69570      0.18764
  4719    854.25250      1.41944    171.15390      0.17925
  4739    802.81820      1.87981    187.90130      0.27048
  4759    743.29930      2.12628    206.91180      0.29039
  4779    664.31300      2.35671    223.23760      0.41325
  4799    523.41760      2.58242    241.49370      0.56841
  4821    446.97120      2.57805    250.46160      0.65819
  4841    426.11650      2.58016    246.60340      0.68569
  4861    415.45610      2.56990    252.86360      0.72044
  4887    344.21490      2.41905    285.61760      0.72050
  4907    329.23500      2.40198    289.49830      0.67847
  4927    294.97620      2.37393    295.60770      0.68661
  4947    249.02660      2.24167    302.24840      0.63157
  4967    260.68340      2.25591    306.24040      0.65143
  4987    270.20340      2.24272    307.34070      0.69688
