   167      0.00000      0.00000    235.92940      0.35143
   209      0.00000      0.00000    215.59060      0.26360
   248      0.00000      0.00000    213.98720      0.21458
   287      0.00000      0.00000    211.81330      0.20565
   326      0.00000      0.00000    212.47890      0.18732
   365      0.00000      0.00000    208.83880      0.24147
   404      0.00000      0.00000    209.18430      0.23163
   444      0.00000      0.00000    208.24550      0.21227
   483      0.00000      0.00000    207.83660      0.22097
   523      0.00000      0.00000    215.73990      0.22033
   562      0.00000      0.00000    213.04880      0.20548
   600      1.61020      0.00346    209.68670      0.21010
   638      5.90804      0.01112    208.53760      0.21559
   678     10.83036      0.01829    207.99890      0.22496
   717     16.40878      0.02582    203.78430      0.24783
   757     21.19778      0.03306    205.27740      0.21820
   795     25.50704      0.04043    206.98900      0.21209
   834     30.76767      0.04718    204.21400      0.22415
   874     36.71356      0.05581    201.90490      0.22804
   913     42.95708      0.06390    200.77650      0.23893
   952     47.27890      0.07514    203.66930      0.23004
   991     52.74158      0.07958    206.95330      0.22422
  1030     57.25579      0.09302    206.49930      0.23210
  1069     63.49837      0.10067    203.25290      0.23474
  1108     66.88931      0.10714    205.75590      0.19919
  1147     76.42455      0.11509    190.86560      0.19581
  1186     78.63387      0.13187    204.56580      0.26155
  1224     88.25934      0.13505    183.29720      0.20637
  1264     91.82189      0.13660    189.73460      0.19955
  1305     99.54556      0.13890    186.48700      0.16570
  1347    105.78190      0.15035    189.16690      0.19569
  1391    109.01870      0.16863    206.61010      0.21215
  1436    114.96230      0.16978    213.75720      0.20361
  1478    117.32040      0.18870    221.64820      0.21878
  1518    113.15790      0.23342    223.02620      0.30543
  1557    109.77520      0.24680    233.66770      0.20526
  1600    114.01020      0.26005    233.43970      0.21906
  1639    136.13220      0.24539    216.77860      0.32166
  1678    150.03710      0.23709    205.05510      0.25445
  1718    154.28740      0.26022    206.99440      0.31529
  1757    151.22920      0.36553    191.90800      0.32337
  1796    124.46020      0.41405    237.12090      0.32010
  1836    122.77590      0.46910    224.36350      0.48152
