   840    309.16470      2.40146    264.28670      0.69029
   890    323.07050      2.45002    250.90510      0.79692
   930    574.73520      2.67219    210.37070      0.50838
   968    803.24520      1.89899    220.29960      0.40055
  1023    812.77550      1.90965    211.96770      0.49375
  1071    258.27010      2.22035    255.17780      0.79752
  1109    257.49870      2.25738    261.10600      0.72382
  1147    275.45820      2.33804    259.27250      0.70471
  1185    322.25360      2.44192    261.37820      0.56722
  1224    430.22170      2.63326    259.19890      0.54077
  1263    284.29090      2.38276    253.53830      0.71021
  1302    406.28730      2.64408    221.68830      0.68326
  1341    295.34980      2.43150    250.28170      0.51967
  1379    589.20490      2.59676    224.45610      0.41943
  1419    369.29570      2.58103    231.41940      0.57598
  1456    640.42890      2.51078    162.59130      0.32602
  1484    259.35680      2.36894    240.29140      0.64101
  1523    384.94030      2.62434    188.29550      0.63695
  1562    372.92940      2.62295    189.38610      0.59298
  1601    702.84080      2.22318    172.44240      0.41752
  1641    570.80790      2.58274    198.48270      0.59596
  1692    682.95670      2.49541    183.32730      0.30640
  1732    836.57750      1.53850    181.43460      0.24036
  1789    818.85150      1.76994    145.22130      0.24907
  1828    853.63390      1.51005    141.25770      0.19437
  1866    457.25560      2.66399    174.59550      0.60273
  1904    610.31970      2.65551    119.49220      0.34083
  1942    585.17500      2.66840    126.68080      0.28049
  1981    742.17220      2.15339    155.67790      0.45498
  2019    605.65660      2.60869    175.41240      0.58395
  2057    807.96770      1.73580    192.30730      0.44849
  2102    817.08290      1.55189    167.94900      0.42473
  2142    789.44020      1.91902    216.76410      0.24057
  2190    433.39750      2.65068    218.01290      0.40103
  2229    352.77110      2.50644    223.97660      0.48318
  2268    439.03190      2.65073    211.16710      0.46257
  2307    411.84370      2.62597    210.31730      0.50401
  2345    416.95800      2.61517    243.22880      0.51802
  2384    395.46220      2.47935    257.17040      0.35013
  2423    557.16530      2.43888    250.30270      0.43089
