   153      0.00000      0.00000    223.08000      0.34868
   194      0.00000      0.00000    219.81070      0.32387
   233      0.00000      0.00000    214.08570      0.23889
   271      0.00000      0.00000    215.44360      0.22042
   310      0.00000      0.00000    212.80890      0.19964
   343      0.00000      0.00000    210.16250      0.21534
   382      0.00000      0.00000    210.90610      0.22983
   421      0.00000      0.00000    209.76220      0.20150
   460      0.00000      0.00000    207.84680      0.21855
   499      0.00000      0.00000    208.53450      0.21901
   538      0.00000      0.00000    215.59210      0.23704
   576      0.00000      0.00000    210.75740      0.22834
   614      3.07628      0.00643    208.66700      0.21135
   652      7.56787      0.01368    208.96290      0.21060
   692     12.82782      0.02100    207.20000      0.22666
   730     17.98180      0.02881    203.23630      0.24963
   766     22.16283      0.03564    206.01020      0.21514
   805     26.73563      0.04230    207.22340      0.21751
   844     31.99129      0.05004    202.87220      0.22557
   882     37.84814      0.05703    200.99450      0.23262
   921     43.55771      0.06395    200.97090      0.24527
   958     48.01231      0.07020    202.76970      0.23361
   997     53.06321      0.08219    208.44990      0.21632
  1036     57.58791      0.09155    207.70050      0.23034
  1074     63.63939      0.10041    204.55810      0.23032
  1113     68.96259      0.10994    200.77980      0.20533
  1152     75.39037      0.12353    196.96660      0.24159
  1190     81.11919      0.13405    196.30660      0.26400
  1226     88.57269      0.13283    184.98470      0.20638
  1265     91.67128      0.13923    189.83860      0.19682
  1304     98.62120      0.14973    186.95020      0.17027
  1343    104.86170      0.15488    186.50170      0.17283
  1381    105.75480      0.16314    206.22250      0.19448
  1419    113.24240      0.16944    210.65840      0.21314
  1460    115.69310      0.18205    218.45020      0.21647
  1498    120.15600      0.19885    222.17410      0.24680
  1537    110.45360      0.25869    228.06360      0.27329
  1576    112.84530      0.26351    233.86890      0.21136
  1615    115.66150      0.26978    233.79980      0.20899
  1654    136.18430      0.24827    222.74590      0.32086
  1692    155.76750      0.24319    200.20310      0.27197
  1731    162.60170      0.26096    182.23740      0.25053
  1770    140.61270      0.33622    227.83260      0.40243
  1809    135.64520      0.42624    226.87960      0.44687
