   854    309.78370      2.39047    270.98050      0.65247
   892    330.06700      2.43853    246.65590      0.75371
   931    587.68100      2.65254    210.50990      0.50503
   970    770.55840      2.04955    223.48750      0.37324
  1022    825.39330      1.86040    213.37080      0.48944
  1072    262.00600      2.26475    254.56220      0.80439
  1111    251.79070      2.21675    258.88870      0.74443
  1150    284.81740      2.36627    260.77500      0.68612
  1189    347.09270      2.54672    263.26160      0.58480
  1228    427.92200      2.63837    257.36040      0.57065
  1267    262.76880      2.28707    253.58900      0.69295
  1306    415.67990      2.64957    221.34350      0.67599
  1345    331.67180      2.53694    247.70430      0.47527
  1385    545.50430      2.65123    225.16530      0.43691
  1426    365.65480      2.60209    220.41630      0.62477
  1465    471.18020      2.68684    195.09030      0.60335
  1499    398.71660      2.61775    203.93300      0.73159
  1538    561.72270      2.68524    156.29610      0.36435
  1576    378.20160      2.58953    215.01370      0.62468
  1615    614.93170      2.53358    191.24920      0.58540
  1657    299.87070      2.40113    222.62960      0.73141
  1689    656.30540      2.58260    182.89690      0.38116
  1730    842.08910      1.46339    179.64690      0.25272
  1769    807.61630      1.75884    169.19470      0.25733
  1808    864.15520      1.34893    138.79120      0.19315
  1847    687.15560      2.45345    165.59890      0.21533
  1886    531.25870      2.71667    112.77410      0.28334
  1925    693.54940      2.51351    113.34430      0.15109
  1964    612.69470      2.65525    124.47710      0.24589
  2003    522.82310      2.67780    209.74570      0.54600
  2042    609.39460      2.59482    194.20850      0.49541
  2081    838.97260      1.39564    174.77030      0.40135
  2119    763.19230      2.00766    206.56570      0.29442
  2156    589.00040      2.63333    206.26740      0.31605
  2194    415.52270      2.62698    217.53620      0.39618
  2232    337.68830      2.46881    231.17440      0.51494
  2270    428.00980      2.63926    210.23010      0.47723
  2309    420.52170      2.64241    209.46000      0.48033
  2348    419.20840      2.59913    241.62320      0.49234
  2387    366.99950      2.44961    257.49190      0.36520
  2424    548.13690      2.45441    255.14260      0.36165
