   844    326.71280      2.42667    284.03460      0.80999
   892    316.47300      2.38598    285.13480      0.79770
   927    315.24910      2.38228    283.73720      0.76998
   966    311.96790      2.38638    286.00400      0.66441
  1005    307.12810      2.36602    268.78410      0.69763
  1044    305.50520      2.35562    272.95900      0.61470
  1083    382.27010      2.57501    249.11260      0.53696
  1122    376.49750      2.58827    248.23610      0.55184
  1161    387.69170      2.60445    243.27870      0.50553
  1199    271.97280      2.33882    264.40350      0.67358
  1239    387.07850      2.62428    224.89930      0.48883
  1278    418.36440      2.65071    218.53780      0.43333
  1317    239.28090      2.23818    267.99270      0.59690
  1355    223.62310      2.19581    275.53790      0.47422
  1390    245.12260      2.28418    274.72980      0.42267
  1429    215.28210      2.15205    266.93080      0.62789
  1468    263.52630      2.32843    266.53450      0.52223
  1507    276.99370      2.35341    255.45720      0.57629
  1546    350.40280      2.55586    259.26830      0.45519
  1584    284.14540      2.39564    260.21660      0.50998
  1623    203.30790      2.10614    258.82280      0.64248
  1663    246.46470      2.26283    262.80070      0.55302
  1700    177.57830      1.96982    281.37770      0.43619
  1739    500.78760      2.68952    107.12100      0.39288
  1778    905.90820      1.03831    101.20170      0.11675
  1802    923.13510      0.83577    106.77070      0.12652
  1863    511.48460      2.65760    150.63890      0.37012
  1902    212.61220      2.10329    241.34800      0.80195
  1941    238.52170      2.17253    276.63210      0.43099
  1978    298.39500      2.40362    215.72390      0.86951
  2016    482.07970      2.66423    103.75410      0.34985
  2055    198.39460      2.03988    258.00200      0.68252
  2094    415.25030      2.61225    143.11990      0.58482
  2132    240.41110      2.16950    244.80620      0.72403
