  2503    162.37110      1.64973    278.81850      0.45207
  2573    275.27040      2.06686    238.61100      0.76009
  2610    387.95910      2.13271    269.74270      0.48777
  2650    234.48130      1.96527    274.43630      0.54623
  2689    240.27320      1.96106    271.28340      0.59544
  2729    213.61590      1.91014    274.84440      0.67139
  2767    192.98390      1.80204    277.14320      0.68613
  2806    351.57190      2.22433    231.04230      0.63640
  2845    322.80490      2.23575    215.51250      0.79801
  2884    563.36020      2.14502    178.35600      0.26181
  2923    433.56600      2.32282    205.98550      0.44270
  2950    368.70300      2.31044    205.47640      0.59727
  2989    479.18300      2.32291    212.67720      0.33727
  3028    269.36620      2.11185    264.10030      0.75875
  3068    188.07520      1.79656    290.77580      0.65988
  3114    190.42530      1.78268    290.16430      0.68424
