  2532    250.81910      2.13815    286.10140      0.42448
  2547    241.51630      2.11566    288.51720      0.45062
  2586    190.95810      1.90061    292.03480      0.44594
  2627    251.76560      2.09748    297.70030      0.39797
  2666    234.32190      2.04210    294.32330      0.48539
  2705    192.22180      1.89087    297.40100      0.52981
  2744    290.23170      2.21442    293.60040      0.49015
  2783    309.39110      2.28876    298.09770      0.48231
  2822    336.16220      2.31566    298.73730      0.47997
  2861    268.74110      2.18092    300.94310      0.48486
  2900    232.19850      2.06866    296.17180      0.57025
  2938    237.00810      2.10150    279.26630      0.70813
  2976    428.26970      2.49683    231.58890      0.50696
  3014    514.63170      2.54078    109.15300      0.30452
  3053    804.02070      1.71290    102.19320      0.12089
  3089    847.91500      1.29513     99.76015      0.11702
  3128    734.83510      2.12648     99.60751      0.13403
  3167    206.90700      2.02728    264.69310      0.85459
  3206    864.34200      0.94184     99.27242      0.09551
  3246    678.47500      2.20165    110.42750      0.39521
  3280    192.76070      1.96081    305.28340      0.49533
  3318    192.46050      1.93551    313.49110      0.47884
