   827    299.95920      2.34686    265.00650      0.76765
   864    296.11730      2.30277    267.90780      0.71331
   903    325.20960      2.43850    249.19360      0.78804
   942    620.84300      2.61762    210.78170      0.48613
   981    602.49160      2.64228    225.47990      0.38614
  1001    527.92660      2.69627    225.66200      0.45369
  1040    329.38710      2.48489    243.84530      0.72483
  1079    263.00570      2.25573    257.27620      0.81025
  1118    250.76950      2.23203    256.42110      0.77350
  1157    309.96430      2.44529    262.84390      0.62409
  1196    351.96880      2.53874    263.40920      0.55676
  1234    396.62220      2.60894    253.59050      0.62155
  1276    309.30540      2.45518    253.99570      0.68455
  1315    339.89250      2.54716    233.89190      0.68267
  1351    364.13700      2.58882    245.23910      0.44595
  1390    404.31320      2.63900    232.48020      0.49316
  1432    542.06170      2.66652    183.07340      0.52406
  1471    330.32320      2.54838    225.66210      0.67720
  1507    427.68230      2.65288    220.38630      0.69649
  1546    604.21120      2.65239    153.17210      0.29631
  1585    571.67670      2.57628    201.01120      0.49713
  1624    522.96410      2.63587    192.85730      0.65466
  1663    364.08160      2.54669    226.92100      0.70731
  1701    659.86130      2.48051    194.59440      0.27300
  1743    656.23170      2.44635    184.31670      0.30829
  1774    781.02200      1.92748    174.98030      0.26702
  1816    852.72570      1.38742    138.06180      0.19863
  1857    595.91320      2.61096    171.36530      0.30565
  1894    495.09960      2.71502    120.84890      0.42805
  1934    659.90300      2.54136    118.10650      0.17391
  1977    695.66210      2.42978    137.36600      0.35407
  2016    634.44260      2.46278    174.96160      0.58755
  2055    814.59550      1.68863    191.89720      0.44274
  2104    809.19920      1.59718    177.33150      0.42072
  2144    774.78080      2.03524    215.86170      0.24449
  2184    453.15760      2.66697    217.36390      0.39000
  2225    354.12900      2.52319    225.79710      0.52262
  2265    465.80880      2.67804    206.75550      0.38995
  2308    412.06810      2.61425    209.82570      0.48048
  2347    425.60600      2.62640    242.28980      0.51761
  2386    377.55520      2.44761    254.73910      0.36446
  2429    516.55260      2.49284    256.72460      0.35596
