   156      0.00000      0.00000    200.25000      0.20304
   190      0.00000      0.00000    220.23910      0.28296
   243      0.00000      0.00000    189.79260      0.27163
   284      0.00000      0.00000    183.14980      0.21610
   321      0.00000      0.00000    183.05500      0.19888
   360      0.00000      0.00000    201.72080      0.29200
   399      0.00000      0.00000    183.59680      0.20507
   437      0.00000      0.00000    203.71310      0.25643
   474      0.56815      0.00125    209.25440      0.21535
   512      4.63835      0.00909    203.39990      0.20477
   551      9.24200      0.01563    200.55830      0.19661
   590     15.28978      0.02534    191.17550      0.22904
   628     19.69442      0.03033    201.09580      0.19812
   666     24.32025      0.03845    203.47910      0.23723
   704     29.13255      0.04484    204.48190      0.24565
   743     34.30096      0.05029    206.50570      0.23454
   782     39.28769      0.06061    205.83350      0.24604
   821     44.80737      0.06837    202.57120      0.30935
   860     49.83838      0.07352    211.55140      0.23587
   899     54.62510      0.08600    214.26270      0.26322
   937     59.91902      0.09974    216.60780      0.27443
   976     64.96182      0.10952    216.57010      0.25323
  1013     71.67557      0.11353    208.68670      0.21893
  1052     77.97759      0.11710    206.08100      0.22948
  1090     83.60553      0.12347    203.66740      0.22647
  1129     89.02327      0.13405    205.28090      0.21950
  1168     94.48531      0.13753    203.48630      0.23666
  1206    100.06280      0.14837    205.90180      0.22740
  1244    105.55600      0.15471    208.51480      0.24833
  1282    109.52250      0.16201    207.77380      0.26080
  1320    115.34880      0.16864    208.64110      0.27353
  1359    113.24590      0.20470    219.60850      0.29263
  1398    106.21160      0.22988    219.47540      0.29704
  1437    126.33090      0.21986    216.22450      0.29102
  1475    116.32150      0.25622    217.50130      0.32702
  1514    120.33300      0.27382    225.69070      0.26571
  1553    130.46010      0.23722    226.44460      0.37789
  1590    145.85650      0.24364    224.61460      0.35801
  1629    140.14140      0.29771    226.82710      0.34749
  1668    112.81120      0.45596    231.55480      0.32997
  1707    129.87480      0.46003    227.36880      0.32912
  1746    119.42890      0.49742    228.15050      0.36320
  1785    120.52320      0.50826    231.09510      0.36022
  1823    129.69750      0.52909    233.12100      0.38331
