   822    328.03940      2.42789    290.22920      0.72696
   858    330.17500      2.43287    284.12310      0.80741
   897    316.43590      2.39877    284.45180      0.76961
   936    317.83140      2.41969    285.85550      0.71522
   975    293.88460      2.35225    285.99060      0.67877
  1014    306.26590      2.36499    277.74180      0.66592
  1053    316.85810      2.40563    267.45700      0.62956
  1091    368.69530      2.53490    249.90620      0.51752
  1130    300.82220      2.38903    261.11550      0.65683
  1170    365.92810      2.54855    247.10060      0.51135
  1209    263.94310      2.30580    272.42720      0.65021
  1248    430.99780      2.67111    216.28420      0.38793
  1287    434.14540      2.66264    218.48270      0.43897
  1326    266.31000      2.28681    250.73700      0.73491
  1365    218.04910      2.18625    277.23020      0.48300
  1404    236.26960      2.26121    274.26640      0.43513
  1437    211.01230      2.13940    280.32310      0.44442
  1476    290.63260      2.42795    257.02860      0.53538
  1515    222.29700      2.18048    268.12400      0.53593
  1555    445.21210      2.63509    245.66180      0.43356
  1593    520.17690      2.63499    211.30570      0.50748
  1632    233.45970      2.21864    245.60460      0.68409
  1671    224.84770      2.17219    271.09870      0.49372
  1711    179.11800      2.01771    269.18660      0.68485
  1750    692.39750      2.45552    103.69240      0.15272
  1789    915.09140      0.92638    104.10820      0.11576
  1828    864.98830      1.33319    118.21850      0.13552
  1867    518.80540      2.64899    151.80590      0.39106
  1906    200.91790      2.07357    261.61750      0.66538
  1945    228.77710      2.17144    274.68760      0.47063
  1984    517.31930      2.58854    163.58660      0.75501
  2023    490.00480      2.66295    107.19440      0.36874
  2062    198.78780      2.05750    261.27140      0.69513
  2100    449.37270      2.64058    135.11180      0.34906
