   151    150.15600      1.45500    223.24210      0.60529
   170    163.19900      1.47661    222.90450      0.60327
   190    165.97660      1.50834    225.93640      0.58554
   210    120.76730      1.39082    223.16200      0.59840
   230    122.35800      1.41028    217.81090      0.59730
   251    159.39790      1.49978    206.53660      0.55813
   271    206.34030      1.60005    205.27610      0.52365
   291    260.00400      1.65545    206.69720      0.48646
   311    303.83440      1.66364    209.78370      0.47992
   332    330.92050      1.65573    211.82430      0.46140
   352    347.07910      1.65953    210.59970      0.46288
   372    382.87390      1.61951    210.32650      0.46704
   392    413.18190      1.56970    207.03210      0.47033
   412    407.25280      1.60869    203.99210      0.50494
   432    399.48640      1.62779    202.47820      0.51669
   452    398.50270      1.65296    202.00890      0.52010
   472    402.49240      1.64518    201.44510      0.51906
   492    395.69040      1.66288    196.67080      0.52401
   512    382.29030      1.69911    192.77080      0.53254
   532    361.42290      1.72657    194.24800      0.53839
   552    334.22150      1.74843    200.13590      0.54939
   572    267.07730      1.74087    208.41240      0.57064
   592    186.98030      1.63928    218.25520      0.60786
   612    121.09350      1.48310    225.01030      0.67386
   633    103.43340      1.40479    231.80100      0.66319
   653    100.21710      1.40912    239.50180      0.61505
   673    104.60680      1.43638    239.54320      0.63477
   693    101.58830      1.38667    236.03570      0.63330
   713    115.23900      1.45819    231.50080      0.61790
   733    130.71600      1.53380    224.45700      0.61606
   753    116.25960      1.46025    224.12260      0.62481
   773    106.66010      1.44881    228.26420      0.64267
   793     93.73660      1.38884    232.92360      0.65509
   813     93.18105      1.40058    236.33480      0.66100
   832     91.73330      1.41436    237.81160      0.63586
   852    110.90270      1.49280    236.48570      0.59773
   873    120.88680      1.51491    236.29650      0.59258
   893    129.15840      1.52021    234.89250      0.57832
   912    118.10540      1.52039    235.89610      0.57555
   932    110.60220      1.48776    232.85470      0.61445
   952    107.92110      1.48899    227.93130      0.64945
   972    110.73030      1.48758    225.24450      0.64613
   992    106.11110      1.47434    227.78110      0.64899
  1011     95.66097      1.44047    232.41360      0.63648
  1031     86.41177      1.39590    237.70320      0.61047
  1050     90.29404      1.43151    242.25670      0.61266
  1070     84.36569      1.40624    241.93570      0.58773
  1090     83.07075      1.41687    240.81630      0.57851
  1110     86.53126      1.42019    238.96870      0.60806
  1128     85.70601      1.43435    242.85500      0.58941
  1148     87.07188      1.40532    245.19920      0.59356
  1167     84.08692      1.42539    243.99170      0.58493
  1188     97.10127      1.46889    245.16090      0.56650
  1208    131.91080      1.61543    248.74800      0.50446
  1228    105.02440      1.50488    247.13870      0.56435
  1248    143.57870      1.64496    249.56390      0.49485
  1270    142.53840      1.65582    248.28450      0.53850
  1290     87.55251      1.44969    245.50200      0.60425
  1310     85.90817      1.43656    245.41630      0.60537
  1330     85.10254      1.43193    246.25420      0.60612
  1350     85.36615      1.43910    245.83490      0.60974
  1370     80.81778      1.42055    245.89720      0.61628
  1390     85.31545      1.43736    247.44560      0.59632
  1410     88.21622      1.47018    246.64250      0.60584
  1430     85.44167      1.47264    246.51460      0.59628
  1450     88.42112      1.46053    244.62750      0.65823
  1470     88.23042      1.48753    246.09810      0.62789
  1490     86.04962      1.44753    246.13050      0.62120
  1510     86.78301      1.46963    247.01650      0.59149
  1530     88.94641      1.49032    247.59340      0.61244
  1550     88.42285      1.49250    247.80100      0.63598
  1570     85.50858      1.47245    248.73400      0.62739
  1590     90.22019      1.50969    248.31770      0.67178
  1610     89.42798      1.50943    248.49040      0.67380
  1630     90.95550      1.49326    250.88340      0.68801
  1651     87.98872      1.47841    252.77050      0.67766
  1671     89.25191      1.50305    254.54450      0.64210
  1691     86.91614      1.48292    254.99430      0.65355
  1711     88.64394      1.51683    256.29720      0.65943
  1731    120.21740      1.61381    264.95000      0.50187
  1751    165.20450      1.60387    268.65260      0.35543
  1772    178.11170      1.62528    268.27330      0.37229
  1792    181.56240      1.64740    268.42110      0.35870
  1812    184.61720      1.64610    269.08440      0.36182
  1832    179.88110      1.60038    268.02270      0.33807
  1852    178.53150      1.64832    269.20780      0.34898
  1872    163.48920      1.64846    269.39670      0.36238
  1892    167.60040      1.70330    268.28430      0.37028
  1912    178.09870      1.69931    267.01310      0.36584
  1932    184.68100      1.71303    267.36120      0.36917
  1952    163.26900      1.69134    265.81450      0.38528
  1972    109.28030      1.60231    259.96050      0.59710
  1992     92.18900      1.55973    255.62800      0.67556
  2012     94.05837      1.56198    254.53400      0.67149
  2032     92.63048      1.53877    255.02910      0.65412
  2052     91.29507      1.52537    253.74840      0.67632
  2072     96.47327      1.56304    255.20680      0.67200
  2092    100.51090      1.58477    256.76520      0.64585
  2112    139.36710      1.66156    258.59080      0.54184
  2132    186.49880      1.75252    254.79310      0.49789
  2152    228.78020      1.86683    250.36630      0.52819
  2172    298.51500      2.06615    240.94950      0.52233
  2192    370.07720      2.16755    231.65820      0.47417
  2212    450.13450      2.19609    220.58470      0.36417
  2232    483.40200      2.18209    218.05810      0.31528
  2252    485.88700      2.18705    219.49450      0.32939
  2272    447.26950      2.21279    224.97350      0.34912
  2291    427.12060      2.21945    224.47770      0.38417
  2311    377.91710      2.20075    229.51720      0.44694
  2331    371.94460      2.19914    229.95700      0.47151
  2353    329.12190      2.16002    235.06910      0.50925
  2373    350.25310      2.19030    235.08030      0.46039
  2393    321.98950      2.16880    239.35670      0.46999
  2413    244.89380      2.01525    241.65900      0.56138
  2433    183.94050      1.92931    229.14670      0.70083
  2453    147.19440      1.83690    212.73710      0.77347
  2473    233.36250      2.09349    195.07170      0.67483
  2493    394.24890      2.28708    175.76260      0.50013
  2513    531.82790      2.21113    160.69070      0.20938
  2533    554.66170      2.15889    157.50180      0.18709
  2554    584.09400      2.09640    160.51330      0.19378
  2574    601.91460      2.01101    166.62810      0.20665
  2594    595.43620      2.04816    183.76770      0.27866
  2612    554.61880      2.17731    203.99510      0.28279
  2634    487.24150      2.26654    218.11440      0.25800
  2654    460.05110      2.29181    224.87670      0.27718
  2673    528.91630      2.23040    223.88650      0.25301
  2693    528.38360      2.22515    230.59860      0.27156
  2713    397.59830      2.29656    238.36840      0.34634
  2733    327.98400      2.26494    240.30490      0.32493
  2753    368.80450      2.30193    237.66210      0.32381
  2773    471.43460      2.31412    215.64400      0.42257
  2793    561.15390      2.22934    188.25840      0.36442
  2813    555.24970      2.24942    188.50020      0.37102
  2833    568.57710      2.23329    185.90870      0.33226
  2853    545.96750      2.28373    181.59500      0.32064
  2873    586.55680      2.19216    173.42070      0.27397
  2893    598.53840      2.21188    155.91560      0.20986
  2913    523.58900      2.31652    178.85500      0.37219
  2933    511.77030      2.31478    206.28170      0.42150
  2953    555.48140      2.24146    223.83710      0.30586
  2973    486.46570      2.34346    229.26270      0.33747
  2993    327.67000      2.25870    247.07440      0.35107
  3013    255.28350      2.11776    247.29500      0.34018
  3033    359.98090      2.34192    243.75530      0.32844
  3053    277.67950      2.18348    251.78640      0.36094
  3073    280.52510      2.21061    257.39060      0.35781
  3093    380.67440      2.35249    248.82000      0.34348
  3113    482.13390      2.36685    244.33410      0.29063
  3134    362.10250      2.33321    255.94000      0.35917
  3150    337.54170      2.31278    257.08560      0.38731
  3170    313.43650      2.27665    255.12330      0.35578
  3190    353.27480      2.34162    244.84640      0.35568
  3210    390.28280      2.38752    243.34370      0.33909
  3230    391.53010      2.38848    244.94910      0.34216
  3250    399.25230      2.38452    243.13080      0.36916
  3284    340.44480      2.33575    241.61290      0.43854
  3304    337.96840      2.31237    232.84430      0.53389
  3324    308.13260      2.29030    223.14550      0.60943
  3345    265.28490      2.21511    224.91040      0.64585
  3365    252.03040      2.17184    240.88170      0.66838
  3385    245.61850      2.12870    257.00120      0.56935
  3405    271.49760      2.21106    249.47930      0.58264
  3425    278.43800      2.23328    241.44320      0.63434
  3445    263.90240      2.18901    251.69230      0.59322
  3465    265.19640      2.19726    260.57580      0.48754
  3485    282.25890      2.25405    268.45200      0.41449
  3505    246.51820      2.17716    274.24690      0.41231
  3525    140.32440      1.81507    275.82710      0.50623
  3545     95.25833      1.70932    272.05380      0.66001
  3565     98.66996      1.73690    272.27370      0.63861
  3586    101.96090      1.74401    275.12760      0.60464
  3606    103.39740      1.73801    273.66210      0.62796
  3627    115.32300      1.76961    273.74430      0.57608
  3647    222.22720      2.13641    271.38470      0.42163
  3667    292.73100      2.31206    270.27140      0.35196
  3687    237.32990      2.12757    273.55830      0.39385
  3713    214.15690      2.05795    283.87960      0.39576
  3733    208.75000      2.01949    286.75110      0.40284
  3753    224.49230      2.08589    283.25750      0.45492
  3773    246.80530      2.17192    271.51210      0.62809
  3793    275.55590      2.26086    247.46910      0.67836
  3813    302.36460      2.30431    234.06920      0.72941
  3833    298.83920      2.33418    219.24430      0.74219
  3853    313.27150      2.36886    210.78890      0.72599
  3873    317.66980      2.36882    204.11840      0.72717
  3893    321.85120      2.38256    202.62000      0.73845
  3912    317.92180      2.39616    205.27090      0.75713
  3933    309.55960      2.38033    196.16700      0.70290
  3952    311.02690      2.39303    174.64470      0.62741
  3973    323.56410      2.42396    177.63170      0.55720
  3993    362.35450      2.48864    172.79620      0.52530
  4013    397.29640      2.52537    168.55020      0.48063
  4033    393.93370      2.51970    164.53350      0.47318
  4053    421.00840      2.55183    165.31290      0.48633
  4073    471.10140      2.56492    170.52840      0.46454
  4093    502.92780      2.55397    167.78890      0.40874
  4113    457.37160      2.56801    161.98940      0.39451
  4133    420.91810      2.56360    170.36950      0.42002
  4153    405.17850      2.54427    188.67850      0.44563
  4173    384.21040      2.53000    193.63970      0.51955
  4193    342.46680      2.47117    198.02100      0.64427
  4213    324.84000      2.45432    200.02550      0.72324
  4232    353.57760      2.48316    194.79230      0.70792
  4253    374.73640      2.51898    193.52380      0.69904
  4274    363.24690      2.50397    192.23530      0.69924
  4294    362.11080      2.50097    190.55990      0.72697
  4314    404.85790      2.55970    174.31230      0.60554
  4334    447.87640      2.58667    166.03450      0.50751
  4354    499.77970      2.59516    154.31080      0.40532
  4374    581.93040      2.55320    147.08830      0.31216
  4394    664.18710      2.40029    139.99200      0.21932
  4414    692.89620      2.31911    138.67320      0.19556
  4434    698.75580      2.29790    138.92260      0.18923
  4454    728.57230      2.18043    145.91170      0.19267
  4474    766.83870      2.00654    149.01890      0.19820
  4494    794.07730      1.89159    154.02020      0.19323
  4514    791.55060      1.90929    154.37860      0.19867
  4534    744.43410      2.16985    157.57920      0.22094
  4554    686.02310      2.33228    156.16210      0.25417
  4574    669.97680      2.38607    149.12250      0.22607
  4594    718.62010      2.21201    145.33880      0.17845
  4614    737.96630      2.10849    147.04810      0.17166
  4633    741.72230      2.11524    152.26480      0.19942
  4653    795.53390      1.90098    159.43300      0.19318
  4673    848.72100      1.53244    165.93740      0.18822
  4693    850.28150      1.39302    166.33680      0.19071
  4713    853.49970      1.40754    170.17150      0.18032
  4733    807.76820      1.78629    183.24080      0.24754
  4753    783.62730      1.95950    201.08870      0.27908
  4773    679.52340      2.29972    219.90410      0.38502
  4793    561.03950      2.54776    236.37630      0.50922
  4812    448.04020      2.51970    252.54570      0.64114
  4832    438.37090      2.59575    247.87500      0.66959
  4852    422.58700      2.57467    250.23630      0.72051
  4872    395.32020      2.54465    259.69720      0.74640
  4892    329.89520      2.38388    287.92660      0.74764
  4912    323.86050      2.41787    290.12490      0.71112
  4932    292.63640      2.37093    293.82300      0.66500
  4952    248.75750      2.23071    301.77220      0.65589
  4972    258.69900      2.25085    305.64270      0.69902
  4992    272.42730      2.24652    304.40300      0.72205
