   161    161.71950      1.48472    221.62080      0.63068
   184    165.53120      1.49535    225.49670      0.57947
   205    136.89480      1.45046    222.61810      0.60269
   226    115.19880      1.36592    218.07000      0.60578
   246    150.42990      1.49845    207.98540      0.57385
   265    185.26350      1.56020    204.27550      0.54179
   285    244.35100      1.63675    204.65560      0.50707
   305    287.54930      1.66598    210.41240      0.46591
   325    325.17540      1.66137    212.04390      0.44687
   345    337.90260      1.66276    211.07360      0.45799
   365    369.05470      1.63092    210.52570      0.46255
   385    403.35350      1.59279    207.26460      0.48264
   405    409.94710      1.59645    205.31060      0.49186
   425    400.90480      1.63071    202.60280      0.51104
   445    399.06300      1.64221    203.64590      0.51311
   463    403.15460      1.64506    201.49940      0.52238
   483    401.92300      1.64630    198.69980      0.52881
   503    385.79460      1.68583    194.70770      0.52938
   523    375.55730      1.70992    192.59060      0.53923
   543    346.27400      1.74256    197.19770      0.54716
   563    307.45100      1.75313    205.44030      0.55629
   583    219.85700      1.68168    214.82830      0.58097
   603    155.60260      1.56593    222.40700      0.63832
   623    107.41030      1.42255    229.26040      0.65945
   643    103.30050      1.42198    235.95830      0.64154
   663    100.03860      1.40622    240.27890      0.62365
   683     94.77672      1.36133    238.77360      0.63048
   703    111.60110      1.44500    233.04660      0.63307
   723    119.83630      1.47582    226.56520      0.61044
   743    126.48720      1.53123    225.73930      0.60513
   763    113.21190      1.47482    225.97370      0.63814
   783     97.51932      1.41010    230.73230      0.66482
   803     90.69982      1.38086    234.19650      0.66227
   823     91.20631      1.39054    237.92110      0.64009
   843    102.48690      1.44740    237.65210      0.60418
   863    110.72500      1.46313    236.56750      0.59533
   883    132.57700      1.53526    236.39470      0.52354
   903    122.07040      1.54353    237.32410      0.56098
   923    113.05910      1.50768    234.20270      0.58218
   943    108.54550      1.49429    229.96580      0.62481
   963    108.87530      1.48313    226.17500      0.63744
   983    105.30190      1.47462    226.63810      0.65143
  1003     98.23657      1.44271    229.99580      0.64713
  1023     91.63924      1.42548    236.31000      0.62748
  1043     88.88988      1.42814    239.11380      0.63298
  1063     79.56116      1.36172    242.21740      0.58307
  1083     80.93362      1.35575    240.85100      0.59139
  1103     83.57983      1.39779    239.34550      0.61064
  1123     85.62823      1.41980    240.33490      0.61293
  1144     87.79959      1.43789    243.82340      0.56845
  1163     82.27119      1.39396    245.16710      0.54926
  1183     85.92343      1.39686    245.64560      0.56241
  1203    125.81050      1.57235    249.03160      0.48174
  1223    110.91100      1.52651    247.03810      0.55507
  1243    123.48600      1.56907    248.51650      0.54400
  1263    157.64660      1.71034    251.11290      0.45382
  1283     95.67556      1.50147    246.79860      0.56615
  1303     83.04558      1.40077    246.52010      0.58805
  1323     83.54462      1.41585    245.27200      0.60712
  1343     85.64322      1.44040    245.27380      0.62148
  1363     82.93313      1.40757    246.02100      0.60539
  1383     85.58003      1.46699    245.07120      0.64131
  1403     90.08725      1.48249    247.48870      0.59007
  1423     84.20331      1.45374    245.27990      0.63020
  1443     91.20731      1.49095    247.09340      0.60928
  1463     89.65914      1.47122    245.11530      0.64077
  1483     85.18551      1.44510    246.46370      0.62056
  1503     86.05275      1.44267    244.96600      0.64965
  1523     91.69772      1.49345    245.63420      0.64168
  1543     87.33482      1.48458    246.65870      0.65693
  1563     88.63406      1.50179    248.23500      0.65778
  1583     91.50407      1.52208    248.54080      0.63646
  1604     87.60028      1.48604    248.98350      0.66598
  1624     89.87868      1.50616    249.54640      0.66938
  1644     90.31129      1.47368    252.52520      0.67157
  1664     85.70833      1.47810    252.89900      0.67706
  1684     87.24402      1.48127    254.00860      0.67568
  1704     90.16285      1.51876    254.18880      0.67946
  1724     97.00478      1.54348    261.49000      0.59643
  1744    147.49870      1.62197    268.72380      0.36907
  1764    186.55710      1.67714    268.94630      0.35241
  1783    179.35270      1.62930    269.46860      0.34075
  1803    186.31720      1.68546    269.43140      0.33243
  1823    183.56100      1.64902    269.85930      0.33740
  1843    180.86000      1.63375    266.40320      0.38035
  1863    167.54100      1.60836    268.16170      0.33879
  1883    162.86850      1.66862    269.35360      0.37068
  1903    172.62620      1.69623    265.30890      0.37526
  1923    183.05100      1.70756    266.45650      0.39052
  1943    179.41830      1.66338    267.60940      0.39179
  1963    131.58270      1.62532    262.73820      0.52515
  1983     90.12991      1.55625    257.01230      0.64520
  2003     87.04354      1.49412    254.91800      0.68722
  2023     93.50887      1.57305    253.78270      0.67238
  2043     87.23161      1.52713    253.18730      0.69078
  2063     91.82471      1.54444    254.89770      0.66023
  2084     94.42506      1.56881    255.49740      0.66160
  2104    129.92810      1.65981    258.10070      0.58327
  2124    163.81340      1.71074    255.30780      0.54091
  2144    219.52410      1.81628    249.10970      0.51391
  2164    249.39590      1.93449    247.62440      0.54070
  2184    345.04270      2.13227    232.39460      0.47935
  2204    426.95270      2.19119    223.30830      0.39002
  2224    469.29850      2.19270    219.11950      0.33870
  2244    476.12660      2.19614    219.25040      0.34093
  2264    467.41070      2.20521    222.12340      0.36997
  2284    414.65780      2.21693    226.88560      0.38332
  2304    398.69010      2.21407    228.30390      0.42575
  2324    369.78860      2.18162    230.29800      0.48177
  2344    335.97410      2.17017    233.54120      0.50161
  2364    343.42170      2.18513    234.20630      0.47201
  2384    337.38820      2.18044    236.70910      0.46961
  2405    280.04810      2.10458    242.82970      0.48728
  2425    197.94450      1.91787    237.72560      0.64599
  2445    154.78160      1.85661    218.33810      0.75640
  2465    181.75220      1.92820    203.11330      0.73491
  2485    329.98980      2.25003    186.41360      0.60848
  2505    489.34910      2.26175    163.24160      0.28771
  2525    553.23050      2.17442    158.63670      0.19336
  2545    574.40950      2.10959    158.07640      0.18634
  2565    599.89700      2.02970    162.74720      0.21028
  2585    596.77530      2.03394    176.17850      0.25215
  2605    577.21450      2.10980    195.84570      0.27678
  2623    521.19790      2.23208    213.04110      0.24402
  2643    457.66520      2.29863    220.48010      0.25948
  2663    475.17210      2.28470    224.36670      0.28157
  2683    547.33440      2.18621    226.83650      0.27116
  2703    463.73300      2.28922    234.42230      0.30904
  2723    345.53290      2.27958    240.85910      0.33576
  2743    320.75950      2.24784    239.75660      0.35388
  2763    429.76110      2.31688    229.12180      0.36381
  2783    511.44450      2.28145    206.40270      0.41892
  2803    567.23820      2.23689    186.92010      0.34660
  2823    564.37920      2.23858    182.72480      0.33996
  2843    551.01710      2.25660    191.84780      0.34544
  2863    575.75500      2.21838    172.43660      0.27052
  2883    583.13390      2.22475    164.69420      0.24560
  2902    581.64900      2.23806    156.44580      0.23318
  2922    503.99840      2.33598    193.95910      0.43707
  2942    526.47160      2.29003    218.64210      0.34892
  2961    529.84860      2.28779    227.45720      0.30635
  2981    409.25600      2.35840    237.00750      0.35207
  3001    290.78340      2.19720    250.52540      0.34526
  3021    318.43590      2.27204    237.18440      0.30481
  3042    351.02330      2.32505    246.12290      0.34190
  3062    264.74110      2.13732    253.58350      0.36826
  3082    317.12920      2.26989    252.12740      0.33871
  3102    431.76460      2.37683    245.94490      0.32374
  3122    442.54440      2.37978    247.15170      0.34313
  3142    310.19480      2.26373    260.55590      0.38220
  3155    322.80200      2.28557    258.28910      0.36424
  3175    312.28820      2.27304    255.37030      0.37131
  3196    365.11300      2.35626    247.41440      0.35293
  3216    393.20440      2.39063    242.62470      0.33219
  3236    393.74290      2.39696    244.64090      0.34861
  3257    378.77240      2.37728    244.98340      0.36126
  3273    355.05210      2.35601    242.35670      0.42759
  3293    355.14380      2.35822    231.67080      0.49346
  3313    313.27350      2.30931    229.26040      0.54532
  3333    290.89120      2.27258    217.42170      0.62931
  3353    263.31770      2.20130    232.50070      0.66737
  3373    248.22750      2.16344    250.30510      0.61037
  3393    257.93100      2.16166    253.10920      0.60178
  3413    278.27090      2.21493    244.36520      0.60444
  3433    278.42310      2.22161    244.63250      0.63359
  3453    261.96360      2.18432    253.89450      0.57151
  3474    285.48040      2.24572    261.96570      0.42811
  3494    289.85180      2.25743    267.66540      0.41100
  3514    195.12700      2.02999    275.35630      0.42199
  3534    106.28060      1.70063    273.00370      0.60736
  3554     96.59524      1.72665    273.93970      0.62707
  3574     99.34917      1.70321    271.52190      0.67271
  3594    101.06990      1.75104    273.83090      0.64405
  3614    106.09410      1.76910    273.49640      0.58785
  3634    139.72030      1.84180    273.68490      0.52966
  3654    259.40360      2.23393    269.04600      0.34630
  3674    290.31140      2.29851    261.12980      0.32513
  3694    231.96080      2.12423    266.75450      0.32737
  3711    215.84430      2.05733    280.34720      0.36955
  3731    214.72360      2.02491    285.88210      0.43196
  3751    221.63940      2.06422    282.07720      0.44752
  3770    237.91540      2.11163    275.74280      0.61845
  3791    277.21350      2.25695    251.90070      0.68616
  3811    291.21790      2.30604    235.97220      0.73558
  3831    294.49700      2.32523    221.08480      0.72512
  3851    313.35170      2.36030    208.72410      0.72445
  3871    320.94950      2.39250    205.46900      0.72379
  3891    325.96570      2.39242    199.88630      0.72119
  3911    318.38970      2.37740    204.60130      0.75054
  3931    311.62500      2.37979    197.91700      0.70823
  3951    311.59460      2.38650    176.24070      0.64023
  3971    321.77220      2.40136    176.77560      0.56310
  3991    361.13490      2.48017    172.12030      0.52825
  4011    390.53280      2.50934    175.58710      0.49395
  4031    392.58860      2.52174    165.67200      0.48681
  4051    413.48970      2.54446    170.27990      0.51593
  4071    468.13490      2.56618    168.78000      0.47661
  4090    499.23240      2.56080    167.70590      0.42503
  4110    467.61030      2.56471    166.84180      0.39390
  4130    422.47550      2.56125    166.90520      0.40796
  4151    408.18660      2.54632    186.26130      0.45948
  4171    389.85620      2.53425    193.90390      0.53135
  4191    344.52110      2.47800    196.61650      0.63219
  4211    327.78760      2.45250    198.16490      0.71285
  4231    348.31410      2.46669    191.75630      0.71548
  4251    378.95450      2.51780    192.34310      0.68869
  4271    362.84490      2.50286    193.94190      0.71415
  4291    363.59770      2.51770    190.71580      0.70330
  4311    401.41200      2.55857    176.14100      0.61703
  4331    438.68260      2.58198    167.91570      0.53863
  4351    493.22200      2.59785    155.08700      0.43499
  4371    574.64530      2.55545    148.68240      0.32889
  4391    652.43530      2.45077    141.26210      0.22093
  4411    689.71840      2.31722    138.13100      0.19694
  4431    694.99660      2.32581    138.91970      0.19129
  4451    716.08580      2.26281    145.05510      0.19245
  4471    761.77090      2.05650    148.95610      0.19900
  4491    789.72300      1.90735    152.69190      0.19730
  4511    794.54850      1.86649    154.32830      0.19397
  4531    763.83730      2.07199    157.42730      0.21375
  4551    687.18390      2.35286    156.85290      0.24162
  4570    670.71010      2.39874    150.31220      0.22379
  4589    696.54350      2.29761    145.94290      0.21239
  4610    738.68740      2.12241    146.81630      0.17080
  4629    730.25670      2.14945    149.42230      0.17201
  4649    785.50200      1.98229    157.57240      0.19555
  4669    840.20270      1.61472    167.48410      0.19810
  4688    849.31670      1.47257    164.96350      0.17969
  4708    845.84810      1.48207    168.11050      0.18840
  4728    819.79880      1.70858    179.41980      0.23748
  4747    793.89840      1.90332    195.37620      0.27668
  4768    722.06300      2.20354    213.98790      0.30323
  4788    606.29850      2.49299    231.54620      0.48815
  4808    464.80230      2.57465    251.28230      0.62554
  4827    443.24720      2.56693    249.12270      0.68121
  4848    428.76670      2.58413    248.24270      0.68925
  4868    408.30240      2.56417    257.35540      0.71655
  4888    338.11600      2.38837    285.59360      0.72820
  4908    332.11920      2.42651    287.53340      0.72856
  4928    295.74400      2.38036    295.58110      0.68560
  4948    248.26740      2.22616    301.66900      0.66147
  4968    259.37600      2.24395    305.78760      0.69934
  4988    267.14590      2.21599    305.92870      0.69060
