   160    113.93310      1.31062    246.51570      0.37897
   720    303.78560      1.38363    227.53880      0.32361
  1120    277.66140      1.21485    222.08530      0.32880
  1520    305.61030      0.97330    218.34200      0.29960
  1820    302.98700      0.66676    218.27490      0.25866
  2200    282.84660      0.41514    186.39600      0.15537
  2540    231.67100      0.40610    180.76850      0.26723
  2920    274.49650      0.73432    201.32660      0.22900
  3320    308.78840      0.89487    197.65200      0.26492
  3700     74.58995      0.11294    207.11330      0.19090
  4040     29.22568      0.03819    204.53830      0.19010
  4400    438.44650      1.10857    200.87170      0.21397
