   830    319.14050      2.41711    289.23130      0.77627
   866    331.56920      2.43555    283.79340      0.79840
   906    315.20650      2.35405    277.61900      0.81802
   945    303.91300      2.35869    282.65180      0.79048
   984    294.63840      2.38188    286.14790      0.64776
  1023    310.67370      2.40120    274.15570      0.63029
  1062    342.48370      2.47789    261.76450      0.55948
  1101    376.39910      2.56494    250.04280      0.52450
  1139    286.64260      2.34945    264.41430      0.66750
  1178    341.59440      2.51253    249.59210      0.57953
  1217    265.01240      2.29358    260.92250      0.71932
  1255    437.24380      2.65387    209.34610      0.44368
  1294    424.59500      2.65417    218.77030      0.45848
  1333    258.60380      2.26533    266.10610      0.52095
  1373    211.14400      2.14031    277.51670      0.44832
  1411    216.30280      2.17071    274.08610      0.45005
  1449    212.20850      2.14572    278.63350      0.47195
  1489    311.96100      2.46621    220.20070      0.80329
  1527    221.22470      2.16266    272.05070      0.46745
  1565    249.52010      2.28648    261.95800      0.51030
  1599    668.71210      2.39420    185.71130      0.39752
  1637    274.85040      2.37406    244.41010      0.64126
  1676    218.10400      2.19992    272.11430      0.46868
  1715    183.76600      2.01913    272.85870      0.54592
  1753    702.35030      2.42759    103.88270      0.16560
  1792    916.89750      0.92300    104.59570      0.12068
  1831    862.14540      1.29512    118.24150      0.13010
  1870    501.25730      2.65720    151.66530      0.43766
  1908    195.97210      2.05563    268.85360      0.58886
  1946    219.41580      2.16110    277.08510      0.45580
  1985    541.62980      2.58264    158.66440      0.73309
  2024    492.74530      2.66380    107.27270      0.33239
  2063    189.13110      2.01280    260.41960      0.70598
  2102    428.79610      2.62113    138.81460      0.42273
