   166      0.00000      0.00000    202.41710      0.20394
   189      0.00000      0.00000    220.21970      0.29947
   232      0.00000      0.00000    196.18980      0.30246
   271      0.00000      0.00000    181.43440      0.22235
   310      0.00000      0.00000    185.28820      0.27838
   346      0.00000      0.00000    194.77970      0.28522
   380      0.00000      0.00000    188.35960      0.26227
   417      0.00000      0.00000    188.74530      0.24635
   456      0.00000      0.00000    206.11710      0.26735
   494      2.86251      0.00587    209.09360      0.21823
   529      7.10620      0.01308    197.61660      0.22349
   568     11.29452      0.01973    202.84770      0.18964
   604     16.10358      0.02590    199.28630      0.19052
   643     21.82786      0.03376    201.77980      0.25272
   680     25.59777      0.04158    205.51800      0.22727
   719     30.99126      0.04656    208.16370      0.20979
   758     36.38210      0.05502    206.55050      0.22745
   795     41.39019      0.06627    206.82420      0.24607
   834     45.75424      0.07472    206.75780      0.27093
   873     51.35313      0.07875    210.99970      0.25685
   912     55.99462      0.08986    215.20700      0.27993
   950     61.27197      0.09606    215.53600      0.28337
   989     67.40598      0.10802    215.71700      0.25127
  1028     73.36158      0.11584    205.45940      0.23596
  1067     80.85040      0.11434    205.92770      0.22162
  1106     86.25834      0.12875    205.89060      0.23243
  1144     90.35347      0.13353    199.08310      0.28191
  1183     97.80660      0.14078    206.52800      0.23455
  1222    101.86920      0.15099    206.33480      0.22847
  1261    107.14350      0.15351    210.52350      0.21235
  1300    111.91070      0.16245    205.82110      0.28204
  1338    118.25790      0.17297    210.65800      0.28588
  1377    105.02690      0.22229    220.48060      0.31341
  1416    109.89510      0.23645    220.99680      0.28963
  1455    113.88640      0.24766    221.58170      0.29910
  1494    118.07980      0.27301    222.87190      0.27502
  1532    124.94230      0.27291    226.60870      0.29381
  1569    142.22850      0.24492    226.96180      0.32846
  1608    146.32670      0.24225    227.05040      0.32384
  1646    103.16710      0.43077    231.96950      0.38661
  1685    125.90850      0.41883    228.64900      0.35050
  1723    129.88180      0.46352    227.52290      0.33138
  1764    114.80660      0.48560    216.69360      0.41751
  1801    128.83790      0.50801    234.63750      0.35422
