   845    329.54680      2.42869    286.04510      0.81476
   895    315.79460      2.37769    283.46730      0.80093
   931    315.30650      2.39141    283.82680      0.76108
   969    304.34000      2.35840    286.66210      0.64825
  1008    308.27000      2.38431    275.08100      0.63467
  1048    309.79830      2.38533    266.16180      0.63953
  1088    377.70040      2.57499    250.21840      0.52204
  1127    332.46560      2.50973    254.72540      0.62266
  1166    386.44880      2.59819    244.18940      0.48520
  1205    267.50920      2.30425    257.64240      0.70307
  1244    409.52140      2.63347    219.99680      0.43659
  1283    434.41790      2.66846    216.51450      0.44630
  1321    261.67260      2.29381    263.07930      0.57014
  1358    221.19460      2.20674    276.27010      0.44607
  1399    246.97710      2.30441    273.55280      0.45730
  1443    214.88260      2.15635    279.82170      0.44242
  1484    262.03170      2.32179    264.87520      0.51718
  1525    224.74410      2.20263    273.25560      0.46165
  1564    278.65510      2.38629    257.50890      0.51134
  1600    652.00840      2.43541    183.30150      0.39131
  1642    293.73130      2.39707    246.17450      0.60369
  1681    218.13710      2.15576    265.67110      0.65090
  1720    192.66880      2.06930    258.05210      0.78762
  1759    809.00270      1.95934    101.67390      0.17479
  1798    921.09850      0.83911    107.31850      0.12234
  1838    846.86780      1.50803    121.36880      0.14774
  1881    335.55780      2.51772    171.01820      0.73058
  1921    227.92220      2.17032    275.91700      0.46118
  1959    218.89450      2.13365    272.27190      0.42525
  1999    517.00860      2.64137    125.74260      0.52385
  2035    416.20350      2.61118    118.99540      0.51950
  2075    205.81620      2.09600    240.14230      0.83598
  2114    268.67120      2.33747    183.29410      0.89976
