   847    332.02360      2.43198    286.18930      0.81716
   875    327.16170      2.43189    282.34450      0.79607
   915    315.39350      2.39411    288.39590      0.72995
   954    307.06780      2.36338    287.11500      0.65560
   994    278.08150      2.31614    283.65880      0.64468
  1034    297.10350      2.34426    278.54390      0.60626
  1073    360.96190      2.52477    252.22550      0.52498
  1113    389.24730      2.60081    244.79750      0.48689
  1152    344.34390      2.54100    250.41540      0.64192
  1191    317.94430      2.48321    253.59950      0.60848
  1229    343.07360      2.54077    230.74950      0.58109
  1269    457.60020      2.68590    214.12120      0.36457
  1308    296.99870      2.41064    241.71800      0.64399
  1347    252.41760      2.29857    274.90300      0.44199
  1384    217.07380      2.19205    277.29570      0.44523
  1424    212.91980      2.15680    277.93980      0.45073
  1463    215.66850      2.16491    277.59070      0.47961
  1502    351.19220      2.54236    243.15510      0.52785
  1541    269.78730      2.34794    265.20150      0.46181
  1579    262.69750      2.31262    267.08110      0.47773
  1618    187.95820      2.01044    263.74610      0.60273
  1657    253.60920      2.24559    263.43820      0.53514
  1697    178.50720      1.97145    281.72600      0.43067
  1736    464.91220      2.68090    109.03700      0.48486
  1775    907.60550      1.06897    100.70220      0.11039
  1809    900.92270      1.15934    104.82360      0.11789
  1857    519.03450      2.66120    140.97260      0.39266
  1898    229.38840      2.21219    219.24710      0.89000
  1931    223.41890      2.16537    273.52550      0.48185
  1970    184.47050      1.98858    268.92260      0.52354
  2008    477.49170      2.65682    107.72570      0.41637
  2047    273.84320      2.30875    199.52660      0.87787
  2086    280.05380      2.34416    191.71870      0.89141
  2125    231.28540      2.16294    223.35690      0.87719
