   184      0.00000      0.00000    225.94630      0.32940
   211      0.00000      0.00000    211.63890      0.24776
   252      0.00000      0.00000    212.64510      0.22421
   291      0.00000      0.00000    212.00260      0.18837
   330      0.00000      0.00000    210.60880      0.19985
   369      0.00000      0.00000    209.96050      0.24874
   408      0.00000      0.00000    209.30660      0.21306
   450      0.00000      0.00000    207.76130      0.22325
   489      0.00000      0.00000    207.22250      0.22505
   527      0.00000      0.00000    215.88710      0.24273
   566      0.00000      0.00000    211.50090      0.21906
   605      2.17436      0.00464    208.63540      0.20223
   644      6.68808      0.01247    208.81430      0.20133
   682     11.40528      0.01893    208.21410      0.21428
   721     16.96028      0.02614    202.50760      0.25127
   762     21.57961      0.03445    205.85420      0.22913
   801     26.31738      0.04099    207.23880      0.20272
   840     31.47816      0.04853    202.88790      0.22230
   879     37.62339      0.05421    201.63670      0.24398
   918     43.45213      0.06320    201.39220      0.23985
   956     47.56272      0.07700    203.49760      0.23693
   995     52.58130      0.07799    207.69870      0.22794
  1034     57.54988      0.09299    207.75080      0.21742
  1073     63.88200      0.09604    203.95740      0.25235
  1112     68.48769      0.10501    202.26430      0.22018
  1151     75.68949      0.12183    195.90210      0.23518
  1191     82.11004      0.13082    194.68620      0.24892
  1230     88.81913      0.13578    188.94170      0.20175
  1269     92.53001      0.13930    189.53910      0.19094
  1310    100.12110      0.13553    184.97870      0.15895
  1349    106.60880      0.15723    190.59640      0.18352
  1390    108.92760      0.16434    206.76650      0.20684
  1429    114.74440      0.17457    212.23430      0.20913
  1468    116.41710      0.18924    219.30610      0.21831
  1506    119.07680      0.20593    221.51870      0.27414
  1546    108.33860      0.25101    233.33830      0.19841
  1586    115.91940      0.25898    233.65610      0.19999
  1624    118.13650      0.26633    233.32530      0.22629
  1663    136.50310      0.25241    229.46080      0.30636
  1702    150.35210      0.24260    212.40360      0.26323
  1741    163.37930      0.28091    180.71560      0.23634
  1780    134.13480      0.33181    238.16380      0.31311
  1819    128.53820      0.44965    234.53470      0.51847
