   823    323.76620      2.44418    243.27750      0.91975
   866    304.33640      2.38109    265.06110      0.71702
   905    318.44530      2.38797    241.15190      0.78441
   944    627.84370      2.59914    210.92320      0.49578
   983    603.02060      2.62878    224.33850      0.36370
  1009    753.00090      2.17793    214.91930      0.45503
  1048    285.30550      2.34359    252.56840      0.73201
  1088    250.59160      2.21435    258.82030      0.76988
  1128    266.40340      2.33796    256.00200      0.77176
  1166    335.37710      2.47243    262.80030      0.61258
  1207    370.16390      2.56121    261.71790      0.55833
  1246    298.20730      2.43441    248.54620      0.73265
  1285    390.15350      2.61523    245.74770      0.70818
  1325    236.31650      2.25237    241.93340      0.78692
  1364    517.22090      2.67290    237.75110      0.43982
  1403    382.33760      2.61596    234.78210      0.57546
  1442    858.94660      1.33080    132.80130      0.20570
  1511    391.42600      2.61147    220.15890      0.68104
  1551    563.15170      2.68851    157.93720      0.29803
  1590    722.39610      2.12866    180.75650      0.41401
  1629    556.52270      2.58342    192.41400      0.64001
  1668    406.28110      2.60869    218.92450      0.67335
  1707    654.35210      2.45522    194.17940      0.27117
  1746    631.96640      2.50127    185.61720      0.31590
  1772    793.74490      1.83401    171.92640      0.26333
  1812    862.47670      1.34858    136.75870      0.18884
  1855    626.94200      2.55980    169.30550      0.24310
  1896    499.41590      2.71524    123.55740      0.45062
  1937    626.52780      2.62511    119.95320      0.22098
  1979    715.87820      2.28478    145.28340      0.41412
  2018    623.22680      2.57303    175.29980      0.58120
  2058    794.63610      1.81771    193.29630      0.45405
  2107    805.67830      1.63308    186.79970      0.40646
  2146    749.80980      2.12618    215.19510      0.25957
  2193    417.90440      2.60187    216.69200      0.40179
  2231    340.15920      2.46068    230.23940      0.51003
  2273    398.97080      2.60702    212.26110      0.52743
  2313    448.17760      2.65590    209.19840      0.46231
  2353    414.12490      2.46358    239.85620      0.42977
  2392    309.50830      2.36891    258.54040      0.40428
  2431    511.20970      2.51493    257.11960      0.34073
