   179      0.00000      0.00000    230.66400      0.35264
   226      0.00000      0.00000    213.53920      0.22472
   263      0.00000      0.00000    214.03440      0.21051
   305      0.00000      0.00000    214.08540      0.20480
   349      0.00000      0.00000    208.87680      0.21057
   388      0.00000      0.00000    210.76160      0.22078
   427      0.00000      0.00000    208.77380      0.20332
   466      0.00000      0.00000    207.64910      0.21666
   505      0.00000      0.00000    210.69810      0.24389
   544      0.00000      0.00000    215.14540      0.22458
   583      0.00000      0.00000    211.14450      0.21550
   622      4.03386      0.00812    208.90060      0.20956
   661      8.68543      0.01533    208.06240      0.22652
   700     13.98097      0.02241    206.98360      0.21936
   741     19.26296      0.03009    204.99210      0.23107
   780     23.90730      0.03652    205.95920      0.21673
   819     28.28359      0.04557    207.84660      0.19967
   858     33.86610      0.05188    203.63550      0.21786
   898     40.76876      0.06259    198.36200      0.25532
   937     45.59332      0.07168    202.18760      0.24611
   979     50.87216      0.07617    206.30310      0.22555
  1018     56.53479      0.08622    204.67410      0.24230
  1058     62.55959      0.09907    201.85370      0.25865
  1098     65.15760      0.10643    207.43060      0.20014
  1139     75.94611      0.11657    188.60700      0.19825
  1179     74.06371      0.13178    215.02740      0.24007
  1218     87.66897      0.12764    180.37050      0.19624
  1258     92.13140      0.14023    186.26500      0.21490
  1298     95.04824      0.14205    189.99480      0.17115
  1338    105.03810      0.14838    183.28540      0.17252
  1377    105.64520      0.16693    206.07890      0.17929
  1416    112.08900      0.17687    211.38360      0.19610
  1457    115.86110      0.18314    218.59560      0.19538
  1496    120.10780      0.19214    222.25260      0.25369
  1535    111.43600      0.24841    226.65620      0.30055
  1574    112.21180      0.26001    229.88620      0.22362
  1613    115.64860      0.26052    234.25970      0.21082
  1652    137.28560      0.25255    220.13930      0.30611
  1691    156.22550      0.24133    199.17940      0.27555
  1730    162.03290      0.25735    183.46950      0.25750
  1769    138.88830      0.35781    227.84930      0.39755
  1808    134.89700      0.42941    227.34350      0.42867
