   180      0.00000      0.00000    215.62880      0.29772
   221      0.00000      0.00000    192.79080      0.28935
   242      0.00000      0.00000    189.89720      0.26701
   290      0.00000      0.00000    183.63990      0.26098
   326      0.00000      0.00000    181.21160      0.20636
   365      0.00000      0.00000    199.50770      0.28920
   404      0.00000      0.00000    183.17030      0.18815
   442      0.00000      0.00000    203.28820      0.25309
   478      1.05501      0.00231    209.78430      0.20276
   516      5.24943      0.00983    205.88220      0.19589
   557     10.12300      0.01738    200.99440      0.19458
   592     14.66918      0.02441    198.37090      0.18423
   630     19.93599      0.03140    200.28480      0.21980
   669     24.36698      0.03919    203.77390      0.24406
   706     29.41382      0.04555    204.25100      0.24786
   745     34.81116      0.05345    207.89340      0.23115
   784     39.47161      0.06191    205.98050      0.23087
   822     44.53556      0.07008    203.62850      0.29060
   861     49.78145      0.07476    211.91620      0.22768
   900     54.78326      0.08572    213.58190      0.27614
   939     60.49135      0.09288    217.13430      0.26207
   978     65.32990      0.10589    217.59850      0.25292
  1017     72.11617      0.11279    206.37610      0.23355
  1056     79.01144      0.11347    205.95530      0.21795
  1095     84.33989      0.12562    203.41210      0.23367
  1133     89.53115      0.13759    205.45680      0.22592
  1172     95.50062      0.13612    206.39740      0.20986
  1211    101.03330      0.14269    206.35070      0.22681
  1249    106.16580      0.15953    208.01280      0.25615
  1289    110.31680      0.16691    208.10560      0.26958
  1328    116.29550      0.17533    209.77590      0.27805
  1367    109.23320      0.21370    222.52790      0.28833
  1405    107.48810      0.23986    219.02260      0.31026
  1443    120.48140      0.22829    218.33470      0.29555
  1482    116.84370      0.26466    222.92730      0.29938
  1520    120.58870      0.27535    225.86860      0.25355
  1558    137.39450      0.25715    227.95390      0.32043
  1597    147.33570      0.24076    224.71960      0.35768
  1636    128.49170      0.36854    227.83060      0.36103
  1673    118.43590      0.44301    232.15120      0.33218
  1712    129.95590      0.45371    227.64940      0.33330
  1751    112.44310      0.50779    230.04080      0.36881
  1790    122.75580      0.51648    232.12170      0.34478
  1828    138.12240      0.52022    225.39040      0.37025
