  2506    161.00580      1.67688    279.49010      0.45915
  2554    195.75540      1.85349    248.88800      0.71581
  2593    391.20430      2.11742    269.71140      0.52609
  2631    260.60080      2.01868    261.20500      0.66132
  2671    212.37440      1.88428    269.85100      0.60412
  2710    211.95290      1.90337    274.07480      0.64586
  2749    214.71540      1.90464    277.33410      0.68405
  2788    264.09100      2.06462    240.25440      0.73317
  2827    436.72260      2.29457    207.90650      0.42463
  2865    481.65900      2.30232    178.74670      0.42606
  2904    735.43080      1.29899    182.86110      0.19294
  2963    408.56420      2.32357    214.79950      0.50334
  3002    484.87740      2.33557    210.69850      0.32379
  3041    196.92940      1.82725    278.99930      0.76220
  3080    193.80680      1.82325    290.37990      0.65731
  3115    190.32540      1.80913    288.39520      0.69491
