   159    160.63860      1.47546    223.20110      0.60814
   185    163.14980      1.49248    225.43150      0.58133
   203    140.81630      1.44719    224.07750      0.58188
   223    113.58530      1.37809    220.03370      0.60506
   243    144.94730      1.47686    208.80160      0.58302
   263    182.61820      1.56301    205.60570      0.54078
   283    244.51420      1.64155    205.22860      0.49647
   303    285.63770      1.66580    208.74670      0.46997
   320    324.49840      1.65882    211.48660      0.44268
   337    328.10170      1.65924    211.96140      0.45780
   357    358.04420      1.64894    211.25310      0.44934
   377    390.32010      1.61741    208.89350      0.47314
   397    413.58530      1.57333    206.88600      0.47636
   417    406.64360      1.61118    203.89770      0.50340
   437    401.85550      1.61787    202.36660      0.52432
   456    402.21890      1.64605    202.40580      0.52237
   476    399.69730      1.62776    201.44210      0.51692
   496    391.50740      1.66573    195.30620      0.52713
   516    381.35860      1.69600    192.47330      0.52743
   536    358.06730      1.73078    193.93320      0.54234
   556    328.34840      1.75022    202.39340      0.55152
   576    251.51430      1.72345    210.73020      0.57150
   596    184.37570      1.63868    220.03360      0.61860
   616    109.57370      1.41386    226.08290      0.66552
   636    105.29420      1.42548    232.74940      0.65638
   655    101.00360      1.41063    238.89480      0.63536
   675    103.38920      1.41353    239.34340      0.64681
   695    104.15170      1.42415    236.66620      0.61000
   715    118.36950      1.48015    228.85780      0.61036
   735    122.22600      1.49695    220.25320      0.60129
   755    116.04110      1.45617    224.70730      0.61916
   775    100.16860      1.41553    228.42770      0.66730
   795     92.17729      1.40371    233.90800      0.65043
   815     91.10299      1.38818    236.36850      0.65990
   835     95.99425      1.42492    237.65440      0.63675
   855    113.42600      1.46473    236.24600      0.61561
   875    127.45520      1.52812    235.81680      0.57955
   895    127.35100      1.53596    236.12660      0.55263
   915    117.61160      1.50351    235.90660      0.57309
   935    107.26350      1.47704    231.47890      0.61374
   955    106.94030      1.47900    227.31730      0.63803
   975    107.97040      1.47973    225.17120      0.65928
   995    101.95960      1.45914    227.42500      0.65254
  1015     95.02287      1.45581    231.13380      0.67123
  1035     85.91927      1.39431    238.64700      0.61356
  1055     87.45841      1.40269    240.80480      0.60155
  1075     81.20651      1.37574    241.49890      0.59698
  1095     83.64032      1.40068    240.53130      0.59432
  1114     82.80711      1.39844    241.31280      0.57409
  1134     85.16213      1.42526    243.21720      0.59035
  1154     83.74841      1.40787    243.91540      0.56920
  1177     87.53278      1.42856    246.59740      0.57484
  1197    119.43480      1.57525    248.25970      0.50634
  1217    122.71270      1.56865    248.52320      0.51465
  1237    108.41180      1.53682    246.95040      0.55471
  1257    159.32070      1.69657    250.12840      0.48602
  1276    117.13370      1.54274    247.78960      0.55878
  1296     88.28265      1.45291    247.12890      0.60264
  1316     86.23117      1.45525    247.31340      0.60462
  1336     86.57407      1.45503    246.34310      0.58745
  1356     83.51312      1.43272    245.46660      0.61280
  1376     82.87464      1.43915    246.07460      0.60636
  1396     91.53392      1.50060    246.17300      0.62397
  1416     85.31457      1.45631    245.64170      0.61730
  1436     87.68571      1.48880    246.46770      0.60372
  1454     89.07410      1.47265    247.02150      0.61659
  1476     87.43552      1.48991    245.37520      0.63089
  1496     85.64403      1.47544    246.17520      0.62598
  1516     85.41209      1.45767    247.10130      0.61472
  1536     86.20756      1.47091    246.97570      0.62599
  1555     87.43471      1.47854    247.86400      0.62557
  1575     86.31814      1.48749    247.90570      0.65936
  1596     85.58421      1.46539    247.84150      0.66641
  1616     86.88886      1.47622    250.51910      0.67138
  1636     90.05786      1.51939    251.67290      0.68852
  1656     87.19903      1.47483    252.00640      0.69203
  1676     89.00322      1.50531    252.66220      0.67713
  1696     89.61745      1.52319    254.46970      0.64147
  1716     90.64385      1.49626    257.30180      0.64416
  1736    127.26880      1.57651    266.79380      0.43511
  1756    185.15120      1.67178    268.27140      0.36527
  1776    181.91840      1.66104    268.50130      0.37616
  1796    180.78530      1.63120    269.14350      0.34765
  1816    184.87160      1.64775    269.09270      0.34784
  1836    183.15040      1.65380    269.19960      0.34635
  1856    176.50520      1.65598    268.56990      0.36411
  1876    162.62050      1.65898    269.78120      0.37139
  1896    166.96710      1.69606    268.30720      0.38021
  1916    182.30780      1.70245    266.93700      0.36785
  1936    182.71930      1.68731    267.41880      0.38932
  1956    150.71930      1.65391    266.09820      0.45589
  1976     96.83056      1.54633    260.78590      0.55910
  1996     92.58945      1.56521    254.63860      0.70427
  2016     89.71735      1.52550    255.39700      0.66326
  2036     88.00408      1.52799    254.58820      0.67577
  2056     92.66508      1.55060    254.36160      0.67631
  2077     94.53471      1.56888    255.02580      0.67347
  2097    116.43240      1.65194    257.68190      0.62784
  2117    150.83280      1.67920    257.42040      0.54339
  2137    195.39980      1.76040    253.63430      0.52294
  2157    233.04300      1.89401    249.41020      0.53714
  2178    319.86570      2.10791    237.40540      0.48994
  2198    397.23020      2.18783    229.14090      0.44072
  2218    455.17070      2.18905    220.44390      0.35003
  2238    485.65110      2.18289    219.82190      0.32194
  2258    484.37230      2.18984    221.05520      0.31938
  2278    430.19240      2.21750    226.65260      0.38013
  2298    420.80540      2.20923    225.90750      0.38729
  2319    367.08180      2.19449    230.12360      0.46703
  2339    346.54350      2.18773    231.56000      0.49222
  2359    347.64740      2.19145    234.22480      0.48552
  2379    338.28030      2.17817    236.37670      0.47308
  2399    311.21050      2.14198    239.33130      0.48170
  2419    219.38650      1.97615    240.94970      0.60380
  2439    165.74770      1.85419    224.11270      0.73357
  2459    165.79000      1.90262    207.67270      0.75936
  2479    274.11040      2.16461    190.62880      0.64083
  2499    441.78910      2.28600    168.60750      0.40346
  2519    546.51760      2.18931    159.71630      0.19091
  2539    563.33030      2.14585    157.78890      0.18850
  2559    589.57870      2.04942    161.57430      0.20891
  2579    603.51890      2.01077    170.10480      0.22592
  2599    590.77770      2.06052    189.52150      0.28549
  2619    534.43400      2.22523    209.83790      0.25672
  2639    470.84020      2.28936    219.22350      0.27610
  2659    473.66840      2.28528    223.69610      0.27454
  2681    545.16330      2.19671    225.93550      0.26990
  2701    483.74010      2.26873    233.61500      0.31500
  2721    356.39880      2.28170    239.67770      0.34568
  2742    322.45060      2.23505    240.58290      0.34552
  2762    427.17030      2.31241    231.09310      0.35044
  2782    510.23370      2.28369    207.06940      0.41997
  2802    565.19120      2.22633    189.89330      0.34574
  2822    563.25800      2.24525    182.39380      0.34409
  2842    551.53170      2.25835    192.32920      0.33861
  2862    570.61030      2.24365    172.42190      0.27946
  2882    588.89830      2.20050    164.51530      0.24228
  2903    579.21430      2.23636    156.26180      0.24353
  2923    499.00660      2.34305    194.94090      0.43475
  2943    526.72740      2.28739    219.43020      0.34655
  2963    526.87710      2.29572    225.69080      0.32193
  2983    381.34520      2.33338    240.47010      0.33870
  3006    263.91360      2.14620    248.86100      0.35911
  3026    329.15600      2.27673    242.63940      0.33585
  3046    329.93640      2.29640    248.27360      0.34725
  3066    262.66610      2.16396    255.62830      0.35256
  3087    354.89300      2.33658    250.50890      0.33814
  3106    465.36400      2.37380    243.80230      0.31013
  3126    372.91780      2.35103    253.75440      0.36493
  3156    323.49970      2.28408    257.94610      0.35570
  3179    316.28130      2.27310    253.96240      0.36204
  3200    375.32890      2.37224    241.72360      0.34485
  3220    392.19080      2.39051    242.56300      0.34506
  3240    396.65640      2.39725    241.64100      0.34028
  3260    365.78600      2.34422    245.09450      0.38904
  3277    355.02160      2.35536    239.82530      0.45360
  3302    341.69380      2.35369    233.14920      0.54035
  3323    310.37610      2.31327    224.55490      0.61028
  3343    271.38430      2.23305    223.26660      0.65288
  3363    254.97830      2.18119    237.71920      0.67515
  3383    244.59630      2.11182    257.32310      0.58104
  3403    269.88430      2.18749    248.62380      0.60226
  3423    279.16790      2.23191    241.73490      0.63664
  3443    263.07470      2.19493    253.87850      0.60513
  3463    265.66700      2.20826    260.41210      0.49871
  3484    287.81640      2.26055    268.14340      0.44253
  3504    258.08490      2.20046    273.79100      0.39309
  3524    150.11210      1.89449    275.75090      0.49316
  3544     93.52657      1.68047    272.24950      0.67151
  3564     99.39840      1.73450    272.01980      0.67162
  3583    100.96800      1.73426    273.61850      0.62070
  3603    106.28950      1.77536    273.26220      0.64058
  3623    106.93850      1.75834    273.12420      0.59157
  3643    200.16250      2.09112    275.76960      0.42164
  3663    285.38640      2.26044    260.41360      0.31158
  3683    256.47690      2.20073    272.72570      0.37201
  3703    216.47750      2.05780    281.64530      0.42707
  3723    217.21030      2.03498    281.72920      0.41058
  3743    214.32290      2.05385    286.19770      0.43456
  3763    229.68950      2.07202    275.68280      0.55896
  3783    265.15730      2.20947    259.26670      0.65989
  3803    283.17630      2.29223    242.22200      0.72376
  3823    295.71370      2.32974    225.87280      0.71695
  3844    312.15710      2.37304    209.32650      0.71274
  3864    313.26980      2.35823    208.10060      0.73341
  3884    331.84920      2.40990    199.31280      0.70164
  3904    317.61160      2.38371    206.25890      0.75445
  3924    307.91530      2.35867    198.99630      0.73143
  3943    314.58180      2.38396    180.82930      0.65362
  3965    314.96440      2.40224    177.67300      0.60392
  3986    349.56350      2.46423    173.35530      0.53988
  4006    388.09950      2.51057    165.20930      0.47446
  4026    395.95290      2.52635    172.31920      0.48886
  4046    400.15780      2.52567    167.52530      0.50765
  4066    454.16750      2.56248    165.31940      0.47942
  4086    491.60050      2.56323    164.98460      0.40019
  4106    489.75620      2.56267    167.73350      0.38259
  4127    430.15770      2.56672    164.03030      0.38073
  4147    406.12200      2.54901    184.50260      0.44457
  4166    399.94320      2.54292    187.79270      0.44677
  4187    352.56970      2.49085    195.07280      0.60540
  4207    328.84200      2.44795    193.96610      0.68146
  4227    343.59050      2.47084    189.77130      0.70668
  4248    372.00840      2.50728    191.32170      0.67656
  4268    358.81100      2.49515    195.34730      0.71831
  4288    364.49420      2.50823    190.66860      0.69907
  4308    390.18300      2.53590    178.87310      0.65984
  4328    436.25900      2.57433    169.26810      0.52978
  4348    492.62380      2.59622    157.60110      0.44796
  4368    559.33730      2.56777    150.77700      0.37875
  4388    646.28180      2.43432    142.05290      0.23710
  4409    683.91160      2.34747    138.83650      0.20314
  4429    694.66160      2.31432    138.24770      0.18793
  4449    718.59340      2.21093    144.09070      0.19231
  4469    759.11100      2.04436    148.48700      0.20083
  4489    783.47720      1.91400    152.39530      0.19321
  4509    792.36210      1.91449    154.28120      0.19594
  4529    762.20420      2.09842    156.94210      0.19842
  4549    694.81930      2.32515    156.95290      0.24990
  4569    672.24140      2.39498    150.37730      0.25167
  4591    708.15670      2.22866    145.78920      0.19548
  4609    740.74900      2.10948    146.47700      0.16567
  4634    747.96120      2.08874    153.03550      0.19295
  4654    799.35420      1.87781    159.42170      0.19317
  4674    848.15890      1.56969    166.11120      0.19011
  4694    847.45250      1.44613    166.30440      0.19550
  4714    854.59530      1.44919    170.00970      0.17675
  4734    804.71180      1.84685    184.04950      0.25873
  4754    787.97920      1.92080    201.09210      0.27231
  4774    677.37710      2.33014    221.05980      0.39752
  4794    553.39310      2.55671    236.01130      0.50834
  4813    450.78030      2.52685    254.43550      0.67732
  4833    434.85110      2.58424    247.96670      0.66869
  4853    422.24750      2.58280    248.13600      0.68869
  4873    396.45390      2.54316    263.53790      0.74866
  4893    328.92430      2.39790    288.97020      0.70980
  4913    316.02160      2.40203    292.32680      0.64899
  4933    290.26390      2.37125    294.57750      0.65059
  4953    246.56120      2.21735    301.78250      0.63215
  4973    258.52010      2.22392    305.70750      0.71216
  4993    276.93230      2.26614    304.80780      0.71409
