   830    303.63220      2.36034    269.49060      0.70062
   867    300.60600      2.37439    264.13940      0.74001
   906    317.88350      2.42003    247.17360      0.81174
   945    639.18960      2.59936    207.77640      0.51627
   984    595.41890      2.65496    223.92530      0.36460
  1014    845.86200      1.58242    212.29010      0.47961
  1053    282.60460      2.32876    253.86730      0.74167
  1090    247.85080      2.21982    259.88350      0.77649
  1129    261.54060      2.26943    257.43580      0.75690
  1168    337.85350      2.49993    262.43040      0.60136
  1205    368.21880      2.57517    262.03680      0.56846
  1244    306.94200      2.45801    250.06080      0.71962
  1283    374.09050      2.59129    251.00520      0.67480
  1322    245.11620      2.28261    237.37220      0.78754
  1360    465.80550      2.67718    239.07700      0.46876
  1399    325.85480      2.53240    239.61560      0.57031
  1437    744.01400      2.13542    147.94490      0.33803
  1476    257.75500      2.36927    236.60970      0.70120
  1515    378.99150      2.59109    206.45380      0.67887
  1554    525.98080      2.71236    162.09180      0.32715
  1593    796.01640      1.71491    170.64840      0.36410
  1632    594.86640      2.54603    191.60020      0.59802
  1671    420.13920      2.57175    206.81070      0.61960
  1710    652.92860      2.45888    191.80970      0.27257
  1749    644.14030      2.46875    185.21780      0.31219
  1776    768.56450      1.95419    178.44980      0.25132
  1813    860.03910      1.38770    136.48620      0.19230
  1850    683.09470      2.46167    167.40490      0.20204
  1888    524.72960      2.71948    114.02360      0.31832
  1927    697.68550      2.49756    113.88090      0.15196
  1967    686.59200      2.50404    122.35600      0.16409
  2005    572.77200      2.64640    208.61220      0.52946
  2044    645.13950      2.50679    192.34560      0.48216
  2083    835.32700      1.44468    171.97280      0.39667
  2121    746.49250      2.10148    209.20070      0.28291
  2159    542.03100      2.68428    206.28440      0.36552
  2196    416.50730      2.62757    217.20260      0.39977
  2233    341.97780      2.48927    230.80220      0.51962
  2272    408.69610      2.61310    214.26080      0.50825
  2310    425.42150      2.63553    209.67730      0.45667
  2349    418.78010      2.50854    238.34840      0.46817
  2388    358.16380      2.44091    257.06050      0.37536
  2425    539.78550      2.47129    256.36360      0.32464
