   186      0.00000      0.00000    224.70110      0.33078
   210      0.00000      0.00000    212.21500      0.26153
   250      0.00000      0.00000    213.99670      0.22732
   289      0.00000      0.00000    212.28290      0.18591
   328      0.00000      0.00000    211.82940      0.19470
   367      0.00000      0.00000    209.89190      0.24965
   406      0.00000      0.00000    209.65750      0.23167
   448      0.00000      0.00000    207.30460      0.22965
   487      0.00000      0.00000    207.04470      0.23149
   526      0.00000      0.00000    215.60380      0.23704
   565      0.00000      0.00000    211.40210      0.22295
   604      2.06309      0.00441    208.96350      0.20250
   641      6.32394      0.01172    209.50190      0.20671
   680     11.10090      0.01884    208.46190      0.21404
   719     16.60577      0.02616    202.73120      0.26207
   758     21.19387      0.03426    204.85240      0.21812
   797     25.85806      0.03991    206.98510      0.19875
   835     30.81168      0.04863    204.24560      0.20566
   875     36.91238      0.05698    201.94560      0.22725
   914     43.11051      0.06378    200.44960      0.24746
   953     47.66148      0.07211    203.78030      0.22761
   992     52.76285      0.08130    207.34460      0.21831
  1031     57.50282      0.08933    206.81510      0.23158
  1070     63.63736      0.09953    203.03160      0.24938
  1109     66.82819      0.11132    205.36500      0.20033
  1149     76.30976      0.11775    193.13060      0.22349
  1188     79.88089      0.13677    200.96000      0.26530
  1229     88.67878      0.13523    187.69440      0.19672
  1268     92.35278      0.13246    189.56520      0.18820
  1307     99.59984      0.14536    185.68050      0.15054
  1345    105.00490      0.15411    187.70040      0.18125
  1384    107.00840      0.16783    206.82000      0.20018
  1424    113.93390      0.17159    210.85200      0.21472
  1464    116.02960      0.18371    219.84490      0.20266
  1503    119.91280      0.20130    221.34870      0.27062
  1542    109.21860      0.24438    229.68480      0.24981
  1583    116.29460      0.24755    232.14490      0.20955
  1622    118.11620      0.25007    233.40390      0.22671
  1661    136.03860      0.24599    231.17740      0.28597
  1701    151.01880      0.25426    211.59220      0.27105
  1740    163.99240      0.25822    180.57130      0.22723
  1779    136.02580      0.32491    238.50400      0.30176
  1818    129.72360      0.44642    234.24570      0.48072
