  2519    153.75290      1.68219    276.05630      0.52085
  2553    189.78240      1.83144    252.67780      0.69873
  2592    383.45630      2.11616    269.18690      0.53120
  2636    265.78430      2.04617    269.38870      0.57408
  2675    197.24290      1.82374    269.30560      0.64699
  2716    210.76710      1.89755    275.31920      0.64803
  2755    215.03110      1.89941    271.96270      0.73888
  2795    248.09480      2.02857    253.80720      0.74788
  2835    433.08110      2.29315    209.99480      0.50419
  2874    549.82370      2.21377    171.06590      0.25191
  2913    546.50120      2.20873    203.19360      0.34906
  2960    402.19610      2.32197    213.39510      0.50851
  2997    466.68350      2.33448    213.41000      0.37979
  3036    190.42020      1.84004    291.40620      0.66214
  3077    192.53320      1.80902    290.99990      0.65347
  3112    189.86190      1.78879    289.65740      0.67519
