   848    331.95780      2.43514    283.57500      0.85807
   877    324.78120      2.41986    278.54190      0.84741
   916    315.29750      2.40420    285.28520      0.71039
   957    313.17190      2.38355    279.65570      0.77988
   995    281.80450      2.32693    284.06760      0.66714
  1033    302.01130      2.37116    278.01300      0.60977
  1072    362.04170      2.54603    252.70300      0.52281
  1111    386.40260      2.59681    246.06570      0.48320
  1150    324.44510      2.45995    253.45250      0.65403
  1189    323.34750      2.49078    248.92810      0.61554
  1228    333.38340      2.50240    232.41400      0.61456
  1267    466.57620      2.69265    212.72090      0.37346
  1307    303.34770      2.42964    239.01350      0.61049
  1346    256.43160      2.26622    269.90640      0.47969
  1386    227.29990      2.20457    276.82610      0.42607
  1425    214.45670      2.15332    278.46850      0.45193
  1465    227.33590      2.21572    275.12630      0.48607
  1504    317.31760      2.48965    249.14880      0.53949
  1543    311.15430      2.45233    260.50490      0.47807
  1582    270.86970      2.33057    262.03200      0.50635
  1621    193.78710      2.07645    261.77690      0.62720
  1659    253.36050      2.24815    264.25370      0.54546
  1698    173.53030      1.94620    281.31060      0.43135
  1738    485.75150      2.68995    106.51260      0.39360
  1777    905.71220      1.06228    101.20020      0.11095
  1805    920.42790      0.87250    106.00200      0.12457
  1860    498.17760      2.66201    148.02990      0.40304
  1899    216.41000      2.17024    228.01160      0.90351
  1935    241.60280      2.21742    277.24080      0.43017
  1973    201.94260      2.06929    258.41360      0.62426
  2014    479.26460      2.66101    103.15440      0.34888
  2052    211.81510      2.10840    245.71280      0.75224
  2091    377.14870      2.58169    159.73820      0.75468
  2131    222.56110      2.13910    248.23240      0.80250
