   168      0.00000      0.00000    236.20820      0.34583
   212      0.00000      0.00000    210.97260      0.25114
   249      0.00000      0.00000    214.09590      0.21734
   288      0.00000      0.00000    212.16760      0.19177
   327      0.00000      0.00000    212.05010      0.19470
   366      0.00000      0.00000    209.80860      0.24645
   407      0.00000      0.00000    209.99590      0.21716
   446      0.00000      0.00000    208.08990      0.21407
   488      0.00000      0.00000    207.06060      0.22464
   528      0.00000      0.00000    215.81840      0.24907
   567      0.00000      0.00000    211.46140      0.20878
   606      2.28753      0.00490    208.62560      0.21323
   649      7.19149      0.01310    208.92140      0.21396
   687     12.15450      0.02025    207.26260      0.23657
   726     17.71941      0.02794    201.94810      0.26275
   763     21.70225      0.03514    206.00060      0.21589
   802     26.30481      0.04283    206.92360      0.21211
   842     31.84434      0.04725    203.15180      0.21797
   880     37.51356      0.05729    201.37680      0.22974
   919     43.41595      0.06564    201.66500      0.24341
   960     48.36727      0.07198    202.91580      0.22731
  1000     53.27974      0.08031    207.98470      0.21407
  1039     58.19920      0.08777    208.23130      0.22409
  1078     63.87835      0.09868    205.37430      0.22260
  1116     70.84747      0.10981    197.73870      0.22189
  1155     75.03748      0.11984    199.94020      0.25207
  1194     83.64829      0.12630    190.24760      0.22738
  1233     88.82542      0.14181    190.58110      0.19173
  1272     92.19434      0.14068    189.88520      0.18295
  1308     99.66058      0.14424    185.16890      0.16130
  1346    105.05680      0.15287    188.23060      0.19508
  1385    107.24100      0.16504    207.04110      0.20671
  1423    114.01330      0.16996    210.52050      0.20797
  1463    115.98520      0.18717    219.61400      0.21421
  1502    120.17270      0.20038    220.36420      0.27187
  1541    109.62890      0.24765    229.52310      0.23863
  1580    114.76470      0.26604    232.81290      0.21540
  1620    117.14700      0.27319    234.39480      0.21383
  1658    135.62300      0.25126    230.85080      0.30635
  1698    151.87810      0.24874    209.09690      0.25506
  1737    163.68200      0.26613    181.48650      0.23325
  1776    141.75600      0.29173    235.76920      0.32655
  1817    131.44870      0.43599    230.19780      0.46800
