   162    400.34740      2.01830    147.52400      0.35288
   182    401.44880      2.00947    157.88820      0.37020
   201    396.79780      2.00859    147.65400      0.39001
   221    400.50790      1.99745    152.94310      0.38594
   239    417.41550      1.98604    149.70370      0.34271
   258    437.09120      1.96502    147.51140      0.29813
   278    460.45410      1.90870    132.21220      0.23659
   297    476.24080      1.88241    143.04340      0.22258
   317    490.01130      1.84354    138.90940      0.22043
   340    502.49510      1.81294    130.88000      0.19874
   360    478.05150      1.87267    130.06250      0.24567
   380    457.76910      1.88359    142.96770      0.29998
   400    443.67550      1.89897    139.39150      0.32984
   420    433.80420      1.90155    141.38350      0.35029
   440    413.12090      1.92252    142.88890      0.41596
   460    350.04220      1.93326    169.02510      0.56944
   480    301.47970      1.90040    179.17630      0.58831
   501    298.08770      1.89900    160.81830      0.52131
   521    276.82960      1.86937    168.58160      0.54342
   540    248.47420      1.82920    181.75790      0.58552
   560    244.24970      1.80389    190.79720      0.56029
   581    266.55710      1.83902    184.74190      0.49327
   602    285.99160      1.86020    162.40930      0.42407
   622    250.20540      1.80468    190.26380      0.55803
   642    218.31350      1.74196    204.24160      0.61296
   662    204.33920      1.70721    203.69710      0.58246
   682    197.41440      1.69838    205.64520      0.54797
   702    169.47230      1.61233    212.00040      0.49388
   722    131.27820      1.45359    241.34560      0.49545
   742    121.28170      1.41524    246.81330      0.49741
   759    150.06740      1.53912    235.63710      0.56860
   777    182.87410      1.60397    230.94060      0.71516
   797    219.61170      1.71095    205.71550      0.79249
   817    235.44880      1.73767    188.65840      0.78890
   838    245.63540      1.74096    178.68820      0.76195
   857    229.58790      1.71670    183.23850      0.82011
   877    221.04650      1.69677    188.89700      0.79429
   897    190.84480      1.63160    193.29060      0.77431
   917    179.50450      1.57676    205.22140      0.80231
   937    169.97510      1.56706    213.91820      0.85357
   957    161.77710      1.53442    219.39960      0.83732
   977    155.06410      1.50766    226.09110      0.80299
   997    143.21330      1.41882    242.36840      0.77787
  1018    137.18600      1.42022    253.19640      0.75330
  1038    139.55040      1.45181    257.09730      0.74712
  1058    135.75960      1.43581    262.95400      0.72059
  1078    127.25290      1.39106    266.61110      0.66403
  1097    127.65730      1.39247    272.79970      0.62697
  1117    123.69860      1.34540    269.19290      0.63421
  1137    136.39530      1.42300    250.52750      0.61032
  1157    145.46540      1.44493    246.97850      0.62684
  1177    159.29160      1.49986    235.36000      0.58758
  1197    163.83540      1.49560    224.07970      0.56549
  1217    174.43500      1.53152    224.77740      0.56328
  1237    194.99560      1.58265    209.21010      0.49449
  1259    199.91150      1.59512    226.44670      0.49779
  1279    194.76840      1.54136    225.42910      0.53483
  1299    187.43290      1.54353    207.98550      0.58307
  1319    203.31920      1.57682    222.84190      0.63557
  1339    268.07500      1.62907    223.44290      0.59460
  1359    321.39690      1.57434    239.14370      0.47228
  1377    319.75690      1.57288    256.10040      0.38209
  1396    309.48320      1.57847    258.03330      0.33122
  1413    327.96990      1.54863    241.47630      0.26803
  1433    288.38010      1.58386    248.94060      0.28121
  1453    235.41890      1.57421    264.06770      0.31790
  1473    221.83080      1.55959    264.58530      0.32184
  1493    218.76010      1.54678    267.45830      0.31263
  1513    189.55910      1.49614    268.84890      0.30173
  1533    146.62520      1.39826    272.86100      0.31394
  1553    111.10880      1.27127    277.08380      0.35049
  1573    104.06740      1.22242    274.31100      0.33570
  1593    101.53220      1.20970    279.26970      0.36784
  1613     99.23376      1.19402    274.67100      0.34282
  1633     99.48071      1.19523    279.94140      0.34722
  1653     99.02303      1.17298    276.83700      0.35046
  1673    101.12480      1.18539    276.03270      0.36657
  1693     98.41269      1.16927    267.81740      0.31603
  1713     95.40662      1.15588    264.57650      0.31837
  1733     93.78792      1.16879    263.36360      0.35516
  1753     90.40170      1.16907    263.14430      0.36402
  1773     89.78072      1.14498    252.21360      0.32393
  1793     86.48951      1.10895    262.93190      0.34318
  1813     84.09698      1.09598    264.62430      0.34747
  1833     84.47192      1.08363    269.94470      0.36295
  1853     80.19181      1.08135    256.93840      0.32536
  1873     76.28662      1.03736    260.67150      0.31918
  1894     75.31288      1.03222    256.45900      0.32229
  1914     75.74635      1.02416    266.52490      0.33695
  1934     81.64382      1.07100    255.73980      0.31380
  1954     76.99828      1.01983    250.83110      0.30976
  1974     76.13715      1.02115    253.57110      0.29993
  1994     77.62419      1.03368    253.40520      0.30412
  2014     89.39508      1.09878    254.76420      0.30068
  2033    198.98650      1.34710    244.44590      0.28278
  2053    294.91460      1.32355    241.90540      0.26849
  2073    298.21600      1.30459    243.88350      0.27301
  2093    324.37550      1.23022    239.36190      0.25039
  2113    323.71700      1.22783    240.28880      0.26616
  2133    336.21970      1.20363    238.23460      0.22929
  2153    323.03770      1.22624    237.75320      0.24795
  2173    309.10060      1.23052    242.87370      0.27100
  2193    328.18040      1.19521    238.19330      0.25308
  2204    330.02150      1.18403    235.39300      0.26156
  2223    330.11220      1.19505    233.83650      0.24294
  2243    306.24440      1.23237    237.70520      0.26532
  2264    315.47110      1.20284    234.14110      0.25496
  2275    313.43640      1.20039    235.74690      0.26320
  2301    318.93200      1.17207    232.04370      0.25471
  2315    343.06310      1.12998    225.25780      0.27152
  2333    324.11870      1.12314    232.83180      0.25494
  2353    325.79620      1.10642    231.94690      0.26040
  2383    319.75650      1.12189    227.90250      0.25734
  2400    297.45130      1.15402    232.10080      0.28928
  2419    313.67110      1.11107    227.97090      0.26864
  2439    297.53690      1.12433    230.91930      0.25434
  2455    306.31640      1.10663    226.18650      0.25163
  2483    292.61670      1.10389    229.57110      0.27229
  2493    305.21260      1.07888    225.11180      0.25918
  2508    308.81610      1.06142    225.94220      0.26077
  2527    304.48830      1.06759    220.83500      0.31220
  2547    305.22070      1.03282    217.78740      0.29053
  2567    322.86250      0.99065    211.41530      0.26538
  2592    343.76140      0.89757    204.94620      0.24214
  2612    341.31260      0.88679    197.09980      0.30773
  2632    331.35720      0.90660    191.55030      0.33194
  2648    327.78730      0.89310    185.95400      0.32891
  2672    329.97000      0.90148    157.46940      0.28662
  2691    329.40380      0.90497    168.20740      0.27276
  2711    352.94520      0.82258    147.95810      0.21922
  2730    370.74320      0.66918    161.31010      0.22173
  2750    378.17090      0.59740    157.06780      0.21905
  2771    371.27510      0.59727    154.35470      0.23194
  2789    368.24720      0.59726    142.43010      0.20618
  2810    366.54570      0.57064    140.13270      0.20220
  2830    358.87090      0.59525    146.86140      0.22936
  2850    358.94100      0.59107    137.48710      0.20655
  2870    357.33990      0.54899    145.91140      0.21721
  2889    357.03660      0.53239    143.58910      0.20878
  2909    353.08260      0.51862    145.62520      0.22213
  2929    349.65140      0.54082    147.32810      0.24219
  2949    349.29320      0.51251    151.49110      0.24712
  2969    350.63130      0.48259    150.66230      0.24386
  2988    350.56200      0.44929    144.16620      0.22889
  3007    344.52290      0.45417    154.10100      0.21464
  3028    339.50990      0.48397    148.06140      0.19995
  3048    333.72570      0.48712    151.04480      0.20807
  3068    330.37990      0.51577    149.11830      0.20206
  3088    327.54610      0.50643    151.78050      0.21630
  3107    327.75740      0.47296    148.34000      0.20264
  3128    327.93820      0.46287    145.18060      0.20388
  3148    325.91920      0.43376    143.38570      0.19286
  3168    323.34750      0.42021    142.89950      0.18920
  3187    320.56790      0.43179    138.81330      0.17690
  3207    317.22170      0.41351    138.49530      0.18254
  3227    313.45770      0.42010    145.09810      0.19412
  3247    311.04940      0.38531    152.08810      0.20213
  3267    306.59130      0.38443    156.17380      0.18985
  3287    302.62350      0.41169    157.83790      0.19051
  3305    300.15430      0.39498    159.79680      0.20026
  3325    297.76620      0.37295    165.00170      0.20759
  3344    294.95410      0.37168    170.37080      0.20743
  3364    291.41350      0.38908    166.87900      0.22026
  3384    291.16900      0.38866    160.02080      0.19049
  3404    290.14370      0.39019    156.20110      0.17243
  3425    289.62380      0.36418    155.36730      0.17580
  3444    287.64380      0.35602    152.86430      0.18641
  3464    284.21800      0.34582    155.48960      0.18263
  3484    279.56790      0.35881    155.12160      0.18432
  3505    275.05190      0.37277    156.82790      0.19061
  3525    271.72220      0.35113    158.98170      0.19260
  3545    269.71560      0.34370    157.58270      0.19424
  3564    262.61210      0.38202    161.32920      0.22658
  3584    253.07970      0.41961    171.95590      0.25057
  3604    246.58820      0.41565    178.00460      0.23132
  3624    238.61150      0.46934    177.97430      0.21003
  3644    231.91710      0.48199    180.51030      0.20621
  3664    222.05580      0.53982    178.42820      0.21609
  3684    214.18240      0.55496    178.61380      0.22106
  3704    205.69120      0.58127    179.37220      0.23815
  3722    193.69440      0.62011    174.82410      0.22534
  3742    164.41640      0.67754    183.65850      0.34745
  3762    128.98330      0.69629    198.81350      0.45192
  3782    115.84940      0.68823    203.11960      0.48644
  3802    119.19000      0.68071    201.08810      0.48331
  3822    110.76540      0.67129    205.01780      0.53133
  3842     98.30585      0.65758    204.21130      0.57896
  3861     95.84264      0.64776    204.19860      0.58623
  3881     88.63145      0.63401    207.54500      0.59706
  3901     68.15854      0.60172    219.87900      0.58604
  3921     59.56797      0.57798    227.97590      0.57080
  3941     70.78687      0.58679    230.12440      0.55403
  3957     65.62736      0.57765    229.11950      0.52585
  3978     60.00467      0.56610    227.22830      0.54807
  3997     70.97935      0.57229    225.83990      0.52582
  4017     91.49236      0.57954    223.42230      0.48853
  4037    111.91520      0.57571    216.93310      0.46571
  4057    138.42710      0.54357    207.90200      0.39920
  4078    137.07650      0.53841    204.34040      0.38628
  4098    140.08740      0.50894    205.76090      0.38121
  4118    105.94810      0.53785    215.29090      0.45247
  4138     96.42118      0.53052    219.64970      0.44333
  4158     97.85149      0.52059    219.19180      0.44558
  4177    105.89490      0.50812    216.43130      0.40102
  4197    121.93590      0.48283    206.81980      0.35108
  4217    127.58780      0.46636    196.14000      0.34379
  4237    129.78190      0.45938    184.43240      0.37423
  4257    127.06200      0.45120    181.81020      0.38511
  4277    112.04720      0.46660    191.47450      0.45736
  4297     82.56138      0.47068    204.72070      0.53895
  4316     50.44348      0.44048    214.59960      0.57371
  4336     41.94029      0.42093    217.94810      0.58794
  4355     41.63126      0.41533    221.58540      0.55604
  4374     59.28151      0.42678    220.77540      0.52392
  4393     68.06701      0.42241    220.92210      0.47207
  4413     55.00160      0.40920    223.26310      0.52513
  4433     54.11884      0.40054    224.44840      0.53117
  4452     78.07728      0.39787    222.65460      0.43810
  4472     66.75874      0.39209    223.25020      0.48275
  4492     79.51942      0.37824    219.57680      0.38591
  4512     95.12455      0.34760    216.34980      0.27852
  4532     94.51579      0.33397    211.67390      0.35169
  4552     94.42043      0.31622    208.10720      0.34405
  4572     83.43501      0.32896    216.97210      0.33573
  4592     74.35437      0.33288    219.24550      0.42133
  4612     62.49676      0.33143    220.47620      0.46999
  4632     66.68812      0.31903    222.35860      0.41345
  4652     70.19722      0.30434    223.02130      0.32749
  4672     67.29780      0.29754    222.70010      0.37079
  4692     68.99377      0.28846    222.64210      0.35298
  4712     76.95950      0.26695    199.99980      0.34708
  4733     84.02541      0.24838    181.03750      0.24829
  4754     78.07938      0.25469    184.40340      0.29077
  4773     62.26497      0.26493    198.48350      0.42568
  4792     44.64275      0.26145    212.77140      0.51621
  4812     40.57213      0.25089    214.06030      0.51323
  4832     60.69494      0.22708    206.82590      0.42323
  4852     69.45309      0.19248    195.00420      0.34518
  4872     69.70033      0.17213    187.31530      0.31304
  4892     64.44764      0.18367    182.13290      0.30183
  4911     63.89064      0.16811    173.84360      0.25079
  4931     66.57242      0.13776    168.28560      0.18478
  4951     66.82450      0.11548    164.13580      0.15567
  4971     62.70370      0.11979    161.99040      0.16300
  4991     58.41834      0.12148    161.73770      0.17252
