   167      0.00000      0.00000    202.69540      0.21728
   197      0.00000      0.00000    222.37070      0.28687
   247      0.00000      0.00000    188.50460      0.26752
   275      0.00000      0.00000    182.49590      0.22008
   314      0.00000      0.00000    183.86220      0.25073
   354      0.00000      0.00000    198.18210      0.29721
   387      0.00000      0.00000    182.45020      0.23648
   423      0.00000      0.00000    192.53900      0.25589
   462      0.00000      0.00000    205.16960      0.27108
   501      3.58774      0.00714    208.31540      0.20672
   540      7.97458      0.01431    200.42460      0.18480
   579     12.56127      0.02119    202.46980      0.20569
   617     18.21028      0.02799    198.73500      0.19701
   659     23.67689      0.03645    201.85800      0.24452
   698     28.32428      0.04468    202.63480      0.26382
   737     33.65232      0.05060    207.87030      0.22448
   776     38.55608      0.06226    206.49580      0.23916
   815     43.92698      0.06715    206.75260      0.27251
   853     48.90756      0.07720    213.23270      0.21126
   894     53.91186      0.08193    212.21010      0.27012
   933     59.69745      0.09615    217.26600      0.25481
   972     64.73289      0.10173    216.03430      0.26060
  1010     71.36330      0.11158    207.11810      0.23599
  1049     77.37262      0.11735    206.27670      0.21844
  1088     83.46379      0.11905    203.72730      0.23542
  1127     89.04077      0.13246    205.28970      0.22912
  1164     94.52917      0.13548    205.32390      0.24632
  1203     99.85368      0.14096    205.96880      0.22608
  1242    105.55090      0.15437    209.35250      0.23344
  1281    109.47870      0.14919    207.96140      0.26311
  1322    115.71930      0.16860    208.36550      0.28267
  1361    112.86510      0.20385    220.71460      0.29273
  1400    106.62340      0.23135    220.55120      0.30415
  1440    123.65680      0.22481    216.01030      0.30194
  1480    116.13180      0.27012    220.26250      0.31411
  1518    120.42460      0.27702    226.71910      0.25593
  1557    137.70670      0.25274    229.10600      0.29796
  1596    147.26240      0.24175    225.47940      0.34433
  1634    134.41790      0.33684    228.53590      0.34401
  1675    119.63100      0.43998    233.14170      0.33548
  1715    129.11890      0.46596    227.60050      0.33442
  1754    106.58850      0.51292    230.11120      0.40303
  1794    123.17600      0.52459    232.38500      0.32883
  1835    145.63360      0.50303    227.01730      0.35662
