   852    328.32110      2.42179    285.59160      0.85214
   869    332.64500      2.45417    283.33100      0.79523
   908    314.85960      2.40542    280.79790      0.72231
   948    302.65800      2.38490    290.12700      0.70181
   987    285.77690      2.33133    287.04210      0.66816
  1027    310.16330      2.41587    272.87910      0.62870
  1064    355.25710      2.51871    256.68360      0.50839
  1103    382.76690      2.59171    248.89770      0.50750
  1144    307.37590      2.43201    260.90470      0.69535
  1183    334.54400      2.50211    253.62600      0.52865
  1221    290.36700      2.38568    248.97940      0.69716
  1260    459.70210      2.68386    209.19350      0.39840
  1299    392.61140      2.61671    221.21240      0.48301
  1336    252.09820      2.25108    275.18560      0.49697
  1375    214.23280      2.17278    278.12830      0.44821
  1414    212.89640      2.13792    264.62950      0.61451
  1453    205.15670      2.10620    279.33320      0.45576
  1491    334.38470      2.52070    236.49540      0.63498
  1529    219.95940      2.16623    262.34110      0.60817
  1569    231.26550      2.22162    272.42000      0.48662
  1607    404.26860      2.63459    209.53230      0.65051
  1651    282.88400      2.36832    254.11980      0.55795
  1692    181.33460      1.96195    261.30110      0.71805
  1732    414.72210      2.64101    122.66200      0.65031
  1771    909.78090      1.04551     99.82848      0.11471
  1823    827.23720      1.77262    118.09940      0.14250
  1846    781.22970      2.04501    120.16780      0.14467
  1878    383.72030      2.59999    159.62050      0.61743
  1916    211.01280      2.12801    271.37580      0.49994
  1958    220.18570      2.12385    271.86190      0.41771
  1996    581.38060      2.55827    134.64020      0.54311
  2034    427.39800      2.62904    117.05450      0.48594
  2073    194.56320      2.02939    247.32190      0.79695
  2112    284.68520      2.35302    176.90440      0.86912
