   833    296.55580      2.34526    270.35850      0.68206
   891    328.69300      2.44214    247.91790      0.75298
   927    539.43500      2.69262    213.30410      0.50879
   966    825.58010      1.72384    217.66790      0.42935
  1019    859.02720      1.52263    212.26570      0.48644
  1070    260.40910      2.21703    254.99910      0.80319
  1110    257.72680      2.27177    259.34020      0.74441
  1149    284.25640      2.39253    260.86510      0.66073
  1188    335.71640      2.51715    263.26950      0.58022
  1225    421.12330      2.62283    258.14480      0.57770
  1264    279.67210      2.38618    254.59600      0.70539
  1303    410.92780      2.64933    219.83740      0.71236
  1342    312.40790      2.48958    246.96750      0.51905
  1380    581.15660      2.61960    224.77670      0.40377
  1418    397.27040      2.63443    229.86820      0.57827
  1457    619.44430      2.57167    164.24720      0.34963
  1480    260.63730      2.36098    243.96170      0.62175
  1520    379.84710      2.62226    193.92320      0.66352
  1559    432.20490      2.69253    174.83110      0.46310
  1598    758.62290      1.96334    167.15580      0.36279
  1644    488.34550      2.67183    206.42870      0.64281
  1686    604.49480      2.65188    186.69280      0.46424
  1725    838.66810      1.55571    175.52380      0.26598
  1765    805.21990      1.80991    167.27100      0.25360
  1804    868.79360      1.26507    141.60860      0.21035
  1843    667.37900      2.50701    159.46800      0.24898
  1881    513.97470      2.72070    116.35000      0.33073
  1920    670.44070      2.58504    113.41120      0.16298
  1960    514.24110      2.71537    133.53190      0.39026
  1999    429.35550      2.64251    205.68320      0.65434
  2038    514.08390      2.67674    201.57140      0.57001
  2077    825.49010      1.49989    184.43010      0.42232
  2116    810.76950      1.58588    201.69230      0.31961
  2155    607.46160      2.61090    207.07880      0.31388
  2195    416.43230      2.63691    218.37480      0.42724
  2235    338.57930      2.48435    230.18160      0.50291
  2271    422.05430      2.64264    212.11380      0.48633
  2311    437.61650      2.65365    209.07460      0.46121
  2350    414.65680      2.49626    238.96890      0.42835
  2389    342.11580      2.41207    258.23300      0.38644
  2426    525.63610      2.49601    256.81020      0.33222
