   155      0.00000      0.00000    225.69050      0.34800
   193      0.00000      0.00000    222.11830      0.32512
   232      0.00000      0.00000    213.69920      0.22802
   272      0.00000      0.00000    215.26720      0.21521
   309      0.00000      0.00000    213.99040      0.20038
   342      0.00000      0.00000    210.26570      0.20478
   381      0.00000      0.00000    210.53760      0.24038
   420      0.00000      0.00000    209.50470      0.19921
   459      0.00000      0.00000    207.51160      0.22785
   498      0.00000      0.00000    208.54290      0.24205
   537      0.00000      0.00000    215.94450      0.23181
   577      0.00000      0.00000    211.10380      0.22125
   616      3.29342      0.00686    208.36760      0.21542
   654      7.83079      0.01465    209.28470      0.20088
   701     14.11115      0.02206    207.08130      0.21950
   739     18.60656      0.02926    204.11780      0.24284
   779     23.68249      0.03936    206.27040      0.22544
   818     28.28776      0.04466    208.32760      0.19672
   856     33.53616      0.05248    203.51930      0.21769
   896     40.71244      0.06023    198.01840      0.25764
   935     45.43203      0.06748    202.43470      0.23767
   973     50.18966      0.07709    203.38160      0.25763
  1011     55.57867      0.08454    206.27160      0.22379
  1050     60.62952      0.09387    203.99930      0.24852
  1089     64.49369      0.10192    206.70960      0.20067
  1128     74.51648      0.10809    189.34250      0.20015
  1167     71.29315      0.13312    215.46240      0.22558
  1206     86.07603      0.12649    186.68150      0.18933
  1244     88.41520      0.13978    189.30020      0.20052
  1283     94.80767      0.14626    189.05320      0.19410
  1323    103.58860      0.14351    181.82010      0.16170
  1361    106.21170      0.16175    198.90500      0.17946
  1400    110.18440      0.17232    208.29080      0.21427
  1439    114.63900      0.17948    214.17920      0.20746
  1477    117.52680      0.18011    221.82460      0.20827
  1516    114.24750      0.22963    223.35230      0.29195
  1554    108.89650      0.25558    230.11090      0.18804
  1593    114.62400      0.25522    230.92620      0.22051
  1631    125.37820      0.26710    226.47300      0.31259
  1671    144.37970      0.24284    215.49610      0.28496
  1709    150.27690      0.26391    212.93090      0.30995
  1748    162.32100      0.28866    181.86110      0.25223
  1787    127.89430      0.38238    237.24740      0.30483
  1827    123.18200      0.46167    229.54580      0.45985
