   824    320.62860      2.42987    248.24600      0.87502
   863    298.81930      2.34911    268.59960      0.70206
   901    336.21490      2.42479    240.06820      0.71207
   940    621.24900      2.63176    214.73930      0.44249
   978    636.35970      2.58816    226.26690      0.36910
  1006    688.94970      2.41836    217.92370      0.45052
  1045    287.11980      2.33713    251.50360      0.74360
  1084    260.78010      2.28486    258.83140      0.80247
  1123    245.26720      2.22065    258.36690      0.80535
  1163    330.71960      2.49861    261.56410      0.63896
  1202    355.85860      2.54943    264.05330      0.55184
  1241    341.01360      2.52525    249.66780      0.68475
  1279    334.20970      2.52904    255.18430      0.66664
  1319    284.19110      2.40930    233.15200      0.76095
  1357    399.74240      2.62216    241.98290      0.46029
  1396    318.30190      2.51662    239.23350      0.56976
  1434    619.89830      2.54454    165.16040      0.44530
  1473    282.05530      2.40899    236.62730      0.66588
  1512    389.46640      2.58870    216.79440      0.67967
  1548    594.78300      2.65310    154.12380      0.28615
  1589    694.04970      2.25135    183.42210      0.42614
  1628    543.52860      2.60822    192.02500      0.64804
  1667    405.01470      2.59746    219.13780      0.66051
  1706    654.98770      2.46863    195.38420      0.25834
  1741    683.48510      2.36791    184.66410      0.28384
  1777    763.50520      2.01964    180.28610      0.25924
  1814    858.25560      1.37953    136.83920      0.19166
  1851    680.10720      2.44996    167.53950      0.20348
  1890    512.80650      2.72113    115.06550      0.32110
  1929    695.08450      2.50055    115.10290      0.15548
  1968    698.17270      2.48292    122.24470      0.16751
  2008    629.92850      2.56634    206.35740      0.52665
  2047    703.29820      2.30588    190.43890      0.46382
  2086    816.61520      1.62293    171.27130      0.40116
  2125    681.03940      2.39184    215.23810      0.30861
  2164    506.32620      2.68597    213.58960      0.32723
  2202    414.19930      2.61852    216.01220      0.41716
  2240    369.66910      2.56039    221.06060      0.48297
  2279    370.78440      2.55892    222.29400      0.55287
  2318    454.64580      2.64745    212.25480      0.46733
  2356    413.76210      2.46320    237.29520      0.45637
  2394    297.56430      2.36468    257.33370      0.41267
  2433    512.79800      2.51448    256.87580      0.33011
