  2505    343.04620      2.28471    281.76330      0.39960
  2544    238.10860      2.08162    288.48690      0.42198
  2584    193.29360      1.88940    291.16990      0.46582
  2623    242.55410      2.09482    291.77050      0.46499
  2660    254.65350      2.11285    294.27990      0.47651
  2698    190.64700      1.86994    297.83700      0.52306
  2737    283.35620      2.21284    301.64850      0.43830
  2776    300.44580      2.24562    297.38880      0.50773
  2816    330.63860      2.32318    299.13850      0.44155
  2854    291.12860      2.24449    296.52340      0.52680
  2893    248.09470      2.12806    297.01820      0.52927
  2933    193.10090      1.88173    295.05410      0.62839
  2972    388.93200      2.45095    239.29220      0.54790
  3011    504.82360      2.53997    112.25460      0.39480
  3050    809.97910      1.66690    102.34810      0.12051
  3092    841.09610      1.36708     99.93533      0.11314
  3130    712.32230      2.21404     99.83787      0.16299
  3169    202.00130      2.01078    271.72190      0.81173
  3208    868.09580      0.88592     99.46724      0.10030
  3245    723.15490      2.01705    104.59460      0.27380
  3284    195.31560      1.98016    309.18760      0.52087
  3323    201.58610      2.01871    315.41820      0.50614
