  2531    165.17940      1.76302    267.92200      0.52181
  2563    241.90000      2.02383    227.91440      0.81115
  2601    392.15860      2.08119    269.07880      0.49992
  2640    266.53360      2.02508    269.15830      0.57910
  2679    198.86420      1.80875    270.56590      0.64350
  2717    211.77500      1.89586    275.12110      0.64706
  2757    214.71920      1.90541    270.40460      0.72712
  2796    250.19350      2.01339    253.97800      0.72001
  2834    441.66560      2.29014    208.77280      0.46466
  2873    548.22530      2.20888    171.36050      0.24184
  2912    572.28230      2.14072    200.73660      0.33926
  2955    363.95150      2.30073    211.08590      0.55484
  2994    474.25200      2.32671    214.26560      0.37487
  3033    206.63930      1.91227    279.77720      0.72861
  3071    185.72270      1.77286    291.42150      0.64521
  3108    189.29140      1.76545    294.58770      0.66183
