   180      0.00000      0.00000    230.05460      0.34773
   217      0.00000      0.00000    212.75050      0.24782
   261      0.00000      0.00000    213.77510      0.21127
   299      0.00000      0.00000    213.60630      0.19214
   338      0.00000      0.00000    210.07170      0.20812
   377      0.00000      0.00000    210.49620      0.23648
   415      0.00000      0.00000    209.24080      0.22506
   454      0.00000      0.00000    207.53900      0.22364
   493      0.00000      0.00000    207.26310      0.24126
   532      0.00000      0.00000    216.02810      0.23179
   571      0.00000      0.00000    211.13010      0.20863
   610      2.72004      0.00582    208.81150      0.20794
   648      7.04401      0.01315    209.11390      0.20700
   686     11.94800      0.02043    207.95220      0.21234
   724     17.44865      0.02767    202.19110      0.26004
   765     21.97773      0.03618    205.66830      0.22784
   804     26.60769      0.04267    207.02350      0.21572
   843     31.71652      0.04940    202.94360      0.21152
   883     38.04054      0.05800    200.63520      0.23834
   922     43.55385      0.06782    201.11390      0.24421
   961     48.42092      0.07610    202.66720      0.23484
   999     53.16166      0.08184    208.35330      0.20292
  1038     57.99474      0.08743    207.82830      0.22393
  1077     63.55481      0.10459    205.37330      0.22170
  1117     71.18305      0.11195    196.22640      0.20665
  1157     74.63496      0.12241    203.30390      0.25108
  1196     84.16443      0.13068    187.69440      0.21730
  1235     88.81049      0.13805    190.70860      0.19787
  1275     93.47708      0.13972    190.44100      0.18683
  1315    102.30340      0.14539    183.85320      0.14812
  1353    107.52920      0.15612    193.58120      0.19567
  1392    108.95450      0.16860    206.61060      0.20309
  1431    114.89490      0.17307    212.19980      0.20494
  1470    117.02550      0.17826    219.77210      0.20862
  1509    118.55160      0.21334    220.98600      0.29166
  1548    108.36860      0.25436    233.68760      0.18856
  1585    116.91350      0.24085    232.22510      0.21565
  1625    119.12750      0.26519    232.12840      0.25509
  1664    136.67800      0.25097    229.35710      0.28309
  1703    149.82900      0.25981    212.49240      0.27630
  1742    163.30070      0.25939    181.25840      0.24729
  1781    132.38040      0.33746    239.10090      0.30014
  1822    126.18390      0.45135    229.09590      0.46441
