   845    314.82550      2.38883    261.48680      0.67833
   870    307.88540      2.38021    256.87020      0.73783
   909    315.00090      2.39959    249.78060      0.79623
   949    656.12590      2.55418    203.74480      0.54418
   988    566.27310      2.68187    225.41290      0.37484
  1027    693.07540      2.41157    218.62490      0.51156
  1062    277.44140      2.29816    252.16570      0.76983
  1102    251.61400      2.26740    261.05960      0.77774
  1140    256.98390      2.28212    258.16250      0.76115
  1179    315.49390      2.46105    263.95130      0.60689
  1219    419.94960      2.62369    260.51020      0.54345
  1257    294.44270      2.44011    249.58200      0.74529
  1296    390.87460      2.58626    231.03770      0.71817
  1334    252.74050      2.30490    252.81980      0.61861
  1375    560.16520      2.63375    232.57170      0.41846
  1414    462.08390      2.67637    227.61260      0.55680
  1453    689.28200      2.40653    155.79860      0.28358
  1483    252.92360      2.36931    242.67840      0.64183
  1522    378.42280      2.61538    189.75090      0.63661
  1561    398.12410      2.66689    184.13200      0.55950
  1600    717.00110      2.18786    169.56230      0.38944
  1647    395.98440      2.64019    213.89540      0.71566
  1676    427.19720      2.66729    208.46800      0.63867
  1716    710.53300      2.26665    182.61840      0.29527
  1755    708.44020      2.27249    179.29990      0.29397
  1794    859.96590      1.44365    136.41470      0.21084
  1833    786.61560      2.00013    143.15720      0.20989
  1872    429.58180      2.66631    151.51890      0.63103
  1911    684.56410      2.54708    113.85740      0.16444
  1950    528.54840      2.69641    148.40540      0.44222
  1989    547.81320      2.64349    184.10230      0.62297
  2024    536.51500      2.67107    190.04700      0.59853
  2063    708.59200      2.33211    192.74940      0.46385
  2099    821.46400      1.56193    160.52170      0.40395
  2139    798.32530      1.85141    217.06870      0.25065
  2178    462.02830      2.67266    217.63710      0.38605
  2218    397.51630      2.60318    215.71310      0.46214
  2256    498.75830      2.68949    202.53680      0.28595
  2295    364.59460      2.54616    217.56180      0.54466
  2334    398.11230      2.56888    233.29790      0.51037
  2372    375.40940      2.43554    249.81100      0.37685
  2411    542.96750      2.44043    260.20620      0.32086
  2450    429.98750      2.55770    263.34530      0.37665
