   420      0.00000      0.00000    215.23890      0.23512
   580      2.59960      0.00895    232.40840      0.40083
  1040     53.80887      0.15242    223.05060      0.31064
  1420    320.49370      0.95185    214.86440      0.28847
  1860    294.05150      0.67413    215.99750      0.27591
  2260    230.16760      0.33607    197.26190      0.21590
  2640    270.91610      0.51609    187.84750      0.23966
  3080    147.46640      0.30640    197.25260      0.31010
  3500    390.37610      0.54085    209.09890      0.19063
  3900    419.87950      0.77864    203.24350      0.20018
  4280    462.43860      0.96242    199.45030      0.20207
