   857    300.57190      2.34144    275.25920      0.64039
   872    324.46350      2.42510    248.26960      0.78492
   910    312.11880      2.38835    245.30350      0.83193
   948    647.51010      2.56076    203.21380      0.54765
   987    580.85880      2.66889    224.77180      0.35905
  1026    727.83200      2.31097    217.36020      0.50633
  1063    270.73520      2.27439    251.21640      0.76901
  1101    251.65710      2.24652    263.78810      0.75525
  1138    262.70390      2.31923    258.50220      0.75778
  1177    307.02180      2.44136    263.31390      0.63703
  1214    400.12040      2.60857    261.81670      0.54780
  1253    286.35590      2.39985    249.16080      0.72417
  1292    400.25120      2.62090    239.46730      0.70194
  1330    240.33320      2.26854    251.46390      0.67378
  1368    531.26340      2.66420    235.37250      0.43703
  1407    463.30530      2.65372    224.97980      0.55430
  1446    815.90530      1.70839    132.93630      0.23080
  1504    428.62880      2.65418    214.31880      0.71272
  1540    582.83770      2.67974    154.68110      0.34076
  1579    419.80350      2.66343    184.88560      0.69198
  1617    598.34170      2.56852    191.44440      0.59599
  1653    309.23380      2.47535    223.55570      0.73044
  1684    562.18150      2.68737    192.60300      0.51824
  1723    827.95030      1.57427    176.26750      0.26508
  1762    786.03210      1.91102    170.90410      0.26379
  1801    868.47860      1.24601    142.03500      0.22485
  1840    670.77840      2.49432    154.03140      0.25076
  1879    498.43080      2.71986    121.23610      0.40432
  1918    669.86520      2.58097    114.17100      0.16910
  1957    474.46910      2.70328    144.08760      0.47820
  1996    412.97520      2.64317    200.96410      0.68038
  2035    472.63250      2.61376    204.96750      0.60607
  2071    722.46730      2.26279    192.71650      0.46251
  2109    810.60230      1.60475    190.73340      0.39225
  2148    710.07120      2.31683    214.96680      0.24847
  2185    446.02020      2.65610    216.75530      0.36248
  2223    369.78850      2.57183    221.68230      0.51237
  2262    480.41210      2.67872    204.19230      0.35197
  2298    374.01290      2.55805    214.83720      0.52632
  2337    401.09770      2.56564    236.77750      0.52901
  2376    376.33140      2.42849    253.20130      0.32786
  2415    574.08620      2.45105    258.51410      0.32121
  2453    407.98280      2.54896    263.60890      0.37801
