   150    150.28990      1.45479    223.70680      0.60706
   189    164.50990      1.49432    225.21060      0.58934
   206    130.85800      1.42348    223.43380      0.59854
   227    117.69110      1.39253    218.93450      0.58954
   247    152.09180      1.49831    206.92730      0.57424
   267    193.31170      1.57520    204.54440      0.54513
   287    251.87350      1.65047    205.24500      0.49641
   307    292.48460      1.66561    210.07580      0.45625
   326    329.71840      1.66041    212.06650      0.44481
   346    338.38940      1.66332    211.51280      0.45325
   366    367.86620      1.64523    210.56000      0.45400
   386    406.50270      1.57537    207.01530      0.47521
   406    411.54760      1.59278    205.53190      0.48984
   426    400.48400      1.62805    203.62860      0.50528
   446    401.91930      1.62636    201.18820      0.52437
   466    403.34460      1.64444    200.82930      0.51966
   486    394.90430      1.67763    197.75000      0.52784
   506    390.39460      1.68072    193.56720      0.53001
   526    371.08700      1.71392    193.23990      0.53467
   546    341.61720      1.74431    197.67980      0.55091
   566    289.64200      1.74971    206.88190      0.54996
   586    210.24650      1.67741    215.19830      0.59943
   606    146.42650      1.53670    224.62020      0.62905
   625    108.53220      1.43756    229.62530      0.66663
   645    102.38980      1.42489    235.33300      0.65519
   665     94.53002      1.36224    238.90830      0.64363
   685    100.84940      1.41672    240.01000      0.59026
   705    114.00560      1.45330    233.15930      0.64040
   725    121.34500      1.47525    226.59020      0.61118
   745    124.50350      1.51521    224.31480      0.60615
   767    109.85790      1.46696    227.31010      0.64131
   787     95.17958      1.40439    231.99550      0.65368
   807     90.41605      1.37307    235.95110      0.65087
   826     94.49860      1.41605    237.57580      0.64743
   846    106.17850      1.43948    237.33650      0.61534
   869    114.95170      1.49778    236.33190      0.58760
   889    134.98230      1.55203    235.96580      0.54525
   909    119.38150      1.50148    237.16150      0.55827
   929    111.22380      1.50200    233.42830      0.60200
   951    108.46360      1.49171    228.12150      0.63825
   971    104.92490      1.45762    225.37990      0.65154
   991    104.50560      1.47554    226.70300      0.65345
  1012     96.86937      1.44804    231.20420      0.66367
  1032     89.08379      1.42628    236.12730      0.65773
  1052     88.72359      1.43878    241.88710      0.59506
  1073     81.23278      1.34859    241.35840      0.60192
  1093     84.84269      1.41297    240.79280      0.57676
  1112     82.35307      1.39083    240.43850      0.59577
  1132     86.94699      1.40424    242.13430      0.58128
  1152     86.17068      1.41130    243.37250      0.58461
  1173     88.53748      1.44559    244.78030      0.55390
  1193    112.56590      1.53320    247.83710      0.52214
  1213    127.54960      1.59597    248.56370      0.52010
  1233    105.16060      1.52218    248.93450      0.53177
  1253    153.18900      1.67667    250.59060      0.46000
  1273    133.05070      1.61420    248.40120      0.52635
  1293     84.72231      1.43116    247.37190      0.57010
  1313     85.68439      1.43751    245.35070      0.60672
  1333     84.84834      1.44347    246.29130      0.58481
  1353     86.52245      1.45495    245.80340      0.60460
  1373     82.53664      1.42229    245.80230      0.62311
  1392     86.04079      1.45789    246.76960      0.61575
  1413     84.93712      1.43604    246.81480      0.61463
  1433     87.66595      1.49361    245.05400      0.64518
  1453     88.73326      1.46416    247.22650      0.59922
  1473     89.21893      1.48515    245.45460      0.63747
  1493     87.20753      1.47012    246.26630      0.62312
  1513     84.33392      1.43938    245.88400      0.64853
  1533     91.17616      1.49992    246.52690      0.64296
  1553     88.84608      1.48177    247.09340      0.66268
  1573     85.65031      1.47264    248.19930      0.66102
  1593     89.34454      1.49349    249.71710      0.65753
  1613     87.00253      1.47962    250.52220      0.65876
  1633     91.22928      1.52291    250.86250      0.68693
  1653     85.58799      1.48092    252.50460      0.69332
  1674     91.22454      1.53793    254.85250      0.65575
  1694     88.33582      1.49012    252.86950      0.70495
  1714     92.43089      1.52089    256.65350      0.66238
  1734    125.65460      1.60272    266.04750      0.47438
  1754    178.10520      1.68422    268.21350      0.38441
  1774    178.42340      1.64443    268.15740      0.38625
  1794    182.54700      1.67593    269.14240      0.35584
  1814    185.27870      1.66754    268.53120      0.36502
  1834    182.05130      1.62277    267.73180      0.32956
  1854    176.71560      1.63022    269.17310      0.34302
  1874    162.72060      1.65590    269.73560      0.35813
  1895    171.37680      1.71669    268.16680      0.36593
  1915    179.66360      1.69518    267.50340      0.36937
  1935    186.13400      1.72523    266.58980      0.38499
  1955    155.39290      1.66747    264.35400      0.44412
  1975    101.59670      1.58730    258.76780      0.63724
  1995     89.65353      1.53855    255.12960      0.66892
  2015     89.84234      1.51595    254.35590      0.66381
  2035     94.95328      1.59596    254.70740      0.65445
  2055     90.38382      1.54094    253.85810      0.67374
  2075     97.78623      1.60702    255.09960      0.66889
  2095    109.05160      1.63899    257.92330      0.59798
  2115    142.54200      1.64235    257.02510      0.54904
  2135    193.01280      1.76213    253.21810      0.53414
  2155    229.94870      1.88673    250.28650      0.51316
  2175    305.52130      2.08127    239.54610      0.51144
  2195    384.54350      2.17742    227.55560      0.44369
  2215    452.77010      2.19742    220.11550      0.36221
  2235    485.57560      2.17923    219.59680      0.32155
  2255    485.52860      2.18527    220.32760      0.34496
  2276    431.72380      2.21474    225.47460      0.37662
  2296    428.95110      2.22153    224.11190      0.38385
  2317    373.66990      2.20368    230.64600      0.47578
  2337    354.64780      2.19436    231.43190      0.48280
  2356    341.46290      2.17625    234.47410      0.49689
  2376    351.30590      2.18973    235.34710      0.46440
  2396    312.34340      2.14414    239.58170      0.48468
  2416    235.28250      2.02245    241.46680      0.56474
  2436    176.76310      1.90374    226.07350      0.72855
  2456    154.74380      1.85335    211.02890      0.77139
  2476    252.73930      2.12752    192.99370      0.67529
  2495    408.65200      2.28606    172.55890      0.47173
  2516    536.58640      2.20482    160.42490      0.19113
  2535    552.74240      2.17759    157.42030      0.19035
  2555    585.20920      2.09344    160.56870      0.19146
  2575    604.12840      1.99508    167.40710      0.21099
  2595    591.67850      2.06998    185.59300      0.27732
  2616    541.96530      2.21140    206.59820      0.25943
  2636    477.23730      2.28309    218.32580      0.26961
  2656    460.59860      2.29515    223.70580      0.27125
  2676    538.56160      2.20420    224.49160      0.26432
  2696    516.95180      2.23685    231.56790      0.27962
  2716    396.87700      2.30637    238.65960      0.32839
  2736    322.36930      2.24739    240.05750      0.36625
  2756    392.51620      2.31183    234.84970      0.35488
  2776    482.32720      2.30398    213.85280      0.42914
  2796    562.91140      2.21865    192.68640      0.34570
  2816    555.56100      2.24177    188.95480      0.37186
  2836    564.86770      2.23509    189.98770      0.33209
  2856    556.56090      2.26105    176.32780      0.30479
  2876    590.33250      2.18563    170.70840      0.25961
  2896    593.42320      2.20006    158.66300      0.21082
  2917    505.18130      2.34441    184.78860      0.41960
  2937    520.52770      2.30215    210.11500      0.39865
  2957    550.92660      2.24263    225.95810      0.30737
  2977    450.03890      2.36307    233.28980      0.34032
  2997    304.90340      2.21599    248.30670      0.35847
  3017    293.32020      2.21073    239.42010      0.30238
  3037    362.52220      2.32880    245.27640      0.34087
  3057    282.79390      2.20496    254.30190      0.36082
  3077    294.94090      2.20492    255.66200      0.34966
  3099    416.48160      2.37710    247.17660      0.32470
  3119    462.66090      2.37714    245.70590      0.31340
  3139    334.35320      2.29017    257.19380      0.38231
  3160    312.89760      2.26351    258.01830      0.37555
  3182    320.89650      2.27815    253.04480      0.35948
  3201    377.45310      2.37965    241.60710      0.34380
  3221    397.26150      2.39646    242.49970      0.33394
  3241    396.08940      2.39551    241.94070      0.35658
  3261    370.78230      2.36247    246.43260      0.38249
  3278    337.71700      2.33278    244.53580      0.41924
  3294    355.62440      2.36997    231.74780      0.51188
  3314    311.26780      2.30685    224.90590      0.54195
  3335    285.75500      2.26499    219.42200      0.62658
  3355    264.32300      2.21262    232.50450      0.67419
  3375    249.47000      2.11625    249.53270      0.61410
  3395    258.90190      2.15958    254.03610      0.57856
  3415    277.79130      2.22024    245.85390      0.60970
  3435    280.95060      2.24020    246.75950      0.61211
  3455    265.56570      2.20118    254.80080      0.56482
  3476    281.76840      2.23569    262.85530      0.40963
  3495    281.00970      2.24990    266.91560      0.40628
  3518    175.50070      1.92367    275.39500      0.46646
  3538    103.97560      1.73729    273.48270      0.60990
  3558     94.29155      1.68378    273.35060      0.63173
  3578     99.37907      1.73254    272.96190      0.63988
  3598    102.75780      1.73989    274.61070      0.59837
  3619    103.83950      1.76031    272.46760      0.63016
  3639    168.31920      1.96593    273.76540      0.48580
  3659    279.88600      2.25632    263.93580      0.34635
  3679    259.21060      2.21691    264.63030      0.34300
  3699    218.47950      2.03703    278.82030      0.38439
  3719    209.92770      2.04322    285.12480      0.42550
  3739    209.92460      2.02815    286.87300      0.42227
  3759    229.75460      2.09877    280.91400      0.51164
  3779    255.18930      2.19153    266.79490      0.67866
  3799    285.72120      2.27580    241.23680      0.69920
  3819    295.28900      2.30733    229.13800      0.71606
  3839    299.97560      2.30259    214.77650      0.72862
  3859    309.64380      2.36655    208.07230      0.72109
  3879    325.85960      2.37689    204.01110      0.72940
  3899    316.98450      2.36705    205.16520      0.75104
  3919    310.83790      2.36499    203.49170      0.74805
  3939    311.85010      2.38241    188.27740      0.68579
  3959    315.27080      2.38640    172.64260      0.60622
  3980    346.42210      2.46709    172.60630      0.51920
  4000    371.18370      2.48952    166.21620      0.49774
  4020    392.06300      2.52358    178.28940      0.52443
  4040    391.32180      2.52268    168.41630      0.49922
  4060    445.08070      2.56096    163.68950      0.48994
  4080    494.61830      2.56348    164.11180      0.42795
  4100    493.65440      2.56154    169.02080      0.40410
  4120    434.24360      2.56236    165.45400      0.39267
  4140    413.42090      2.55798    176.54590      0.41792
  4160    408.57760      2.54782    183.28250      0.44396
  4180    367.85330      2.50949    194.87520      0.57497
  4200    333.27020      2.44860    195.01460      0.66162
  4220    322.37320      2.42321    198.92310      0.74765
  4241    374.23210      2.51053    190.92450      0.66777
  4261    367.10560      2.51364    197.07390      0.72904
  4281    370.65150      2.51983    191.39100      0.68699
  4301    378.90230      2.52713    185.94710      0.69395
  4321    420.34120      2.56850    169.77050      0.53986
  4341    457.99840      2.59062    162.39400      0.48293
  4361    524.39890      2.59223    154.62790      0.42819
  4381    616.41710      2.50355    143.11750      0.28492
  4401    675.03000      2.36739    138.69530      0.20870
  4422    684.98270      2.34679    137.97170      0.18257
  4442    709.11960      2.25076    140.28290      0.18264
  4462    740.87990      2.13307    146.76360      0.19279
  4482    777.17690      1.94560    150.97280      0.19381
  4502    792.72710      1.88668    156.14980      0.20201
  4522    789.78140      1.93531    156.01590      0.19488
  4542    716.79960      2.28289    157.39860      0.24183
  4562    679.62910      2.36741    152.12000      0.23591
  4583    680.22960      2.34839    146.92360      0.23030
  4603    734.06360      2.14848    146.32470      0.17044
  4623    732.17210      2.14601    148.28510      0.16286
  4643    767.06350      2.02737    156.07720      0.20124
  4663    819.21720      1.79994    163.39120      0.19596
  4683    852.46010      1.48642    164.08870      0.19258
  4703    843.08340      1.44381    167.64470      0.18244
  4723    833.83370      1.59546    174.82600      0.22369
  4743    798.22170      1.89918    191.61090      0.27683
  4764    726.73870      2.19055    211.46550      0.28318
  4784    636.69710      2.43971    226.74740      0.45146
  4804    483.58690      2.59385    247.57130      0.61587
  4826    445.00450      2.56733    250.05860      0.66837
  4846    428.38270      2.59453    248.95410      0.69400
  4866    414.19210      2.57664    255.31810      0.72669
  4885    348.84750      2.43330    283.17700      0.71450
  4905    332.07150      2.41042    288.89740      0.68940
  4925    297.51270      2.36636    295.39980      0.67187
  4945    242.13240      2.20482    302.68790      0.67232
  4965    255.75460      2.24222    303.85300      0.69226
  4985    270.82190      2.26924    306.01950      0.70880
