  2501    361.55160      2.31113    282.13230      0.37963
  2539    249.37150      2.13105    286.27010      0.43550
  2579    219.65280      2.03576    289.72130      0.44957
  2620    234.79440      2.03917    291.69790      0.45067
  2659    253.36030      2.10648    292.15350      0.48348
  2699    191.07280      1.87408    299.38900      0.51872
  2738    281.77630      2.22055    296.43760      0.47277
  2778    300.94870      2.24754    295.62590      0.48832
  2818    335.69170      2.32392    298.38020      0.44345
  2857    276.35900      2.20447    301.08290      0.48337
  2896    244.71760      2.11952    289.09760      0.66555
  2935    205.27080      1.98193    291.48380      0.64545
  2974    406.37700      2.47336    234.79090      0.53810
  3013    512.58670      2.54007    109.95420      0.34000
  3052    799.91110      1.73644    102.21910      0.12409
  3096    837.08530      1.40805     99.94389      0.11406
  3136    596.35760      2.48296    103.25330      0.27530
  3176    194.89210      1.96983    280.47090      0.68969
  3216    868.02370      0.89594    102.05970      0.09684
  3255    333.23710      2.41840    228.69360      0.89585
  3283    196.39410      2.00909    309.79720      0.49505
  3322    198.77430      2.00059    316.33210      0.46998
