   842    315.90050      2.39866    258.08140      0.68211
   893    326.87700      2.42395    246.17850      0.77427
   935    596.40140      2.66260    215.19850      0.44929
   973    709.84590      2.39145    222.59350      0.35443
  1013    839.69790      1.61081    212.19810      0.48043
  1052    286.11940      2.34619    250.34740      0.74391
  1092    245.67440      2.21216    261.55250      0.74578
  1132    269.25240      2.33512    259.37440      0.74139
  1172    331.67120      2.51506    264.00450      0.61846
  1211    395.45980      2.59305    262.93740      0.52229
  1250    282.74040      2.38124    249.96850      0.72892
  1290    402.27520      2.63837    242.99940      0.69915
  1331    242.71470      2.24879    251.36380      0.67597
  1371    519.27480      2.67571    234.84410      0.41919
  1411    488.51100      2.67211    227.27190      0.53008
  1450    733.40080      2.21047    145.18580      0.27792
  1490    312.35810      2.50597    216.89110      0.69455
  1530    455.19210      2.68259    167.37760      0.56847
  1569    317.48010      2.45822    217.51080      0.65846
  1608    613.00200      2.53110    192.52150      0.52749
  1643    507.11700      2.66650    201.49190      0.63869
  1694    690.34890      2.46016    185.89050      0.29416
  1735    798.77760      1.78655    183.19700      0.24295
  1786    797.20780      1.81082    156.36510      0.28598
  1825    852.20440      1.42715    142.24540      0.20302
  1864    476.90590      2.68747    176.44630      0.55249
  1903    593.00890      2.67288    120.08820      0.33569
  1943    584.79130      2.66847    128.40430      0.28038
  1982    744.56810      2.11746    159.86170      0.45647
  2023    562.19390      2.65851    182.88820      0.58920
  2062    727.50790      2.23593    193.78750      0.45854
  2096    807.71850      1.69256    159.80100      0.39822
  2135    753.59700      2.05888    217.80080      0.27586
  2174    483.35890      2.68139    216.30940      0.34093
  2213    414.19980      2.63620    214.17090      0.45532
  2252    503.56300      2.68846    202.56580      0.27563
  2291    363.34630      2.53980    217.28380      0.53979
  2330    416.57650      2.62460    229.13610      0.52501
  2369    380.21870      2.42755    241.99240      0.41905
  2408    528.78050      2.47967    260.43400      0.33637
  2447    458.01210      2.54749    260.75380      0.37972
