   857    329.76560      2.41551    284.38010      0.80094
   864    331.91040      2.41982    285.62220      0.78841
   904    312.67050      2.38262    288.55240      0.76526
   942    307.07510      2.36855    288.73900      0.68362
   981    294.65730      2.34611    285.56440      0.69179
  1021    304.86000      2.34947    274.22060      0.65601
  1060    335.86300      2.47308    266.05560      0.56337
  1099    377.52740      2.58090    250.26270      0.52195
  1138    292.86800      2.38364    263.17560      0.65947
  1177    348.83610      2.54410    253.27810      0.54237
  1216    265.60570      2.31268    263.48080      0.71212
  1254    440.33390      2.66400    210.24420      0.41457
  1293    423.67870      2.65789    219.32390      0.46277
  1332    258.48100      2.28402    270.39770      0.50807
  1371    216.71770      2.18876    276.84160      0.44533
  1410    218.92210      2.14310    270.90400      0.45920
  1450    208.61420      2.12631    279.91640      0.45121
  1488    286.44230      2.42587    259.21870      0.53270
  1528    225.17210      2.21679    271.84230      0.46867
  1566    237.49890      2.25692    266.68350      0.50432
  1605    493.25860      2.65974    195.99440      0.55187
  1656    267.63210      2.33023    261.65300      0.53038
  1694    176.64700      1.96228    271.98690      0.58574
  1734    443.63910      2.66638    112.41850      0.52474
  1773    908.76460      1.02883    100.19280      0.11735
  1816    845.06300      1.71238    110.12720      0.12965
  1840    851.36680      1.43426    121.31600      0.14566
  1892    257.61380      2.31720    203.69610      0.87676
  1936    237.79690      2.20430    276.61710      0.45030
  1976    241.05130      2.25328    226.15450      0.85841
  2015    483.97000      2.66388    103.45400      0.35470
  2054    197.57740      2.04515    255.64040      0.72874
  2093    396.53620      2.59770    145.97650      0.59128
  2133    236.08200      2.18243    253.00750      0.72618
