   843    316.01670      2.40012    258.95200      0.67963
   885    321.97530      2.42149    242.22030      0.80898
   926    524.33380      2.69214    214.27290      0.52920
   965    830.28780      1.68988    216.29440      0.42962
  1017    856.12820      1.52076    211.68360      0.48859
  1061    276.93230      2.32272    254.90530      0.75937
  1100    252.34440      2.26022    260.66730      0.77142
  1139    255.00300      2.27303    259.21050      0.74554
  1178    307.45190      2.43286    263.74550      0.60835
  1216    412.50220      2.62267    261.57630      0.55682
  1255    288.41250      2.42486    250.74930      0.73095
  1293    396.98240      2.62555    237.98860      0.70676
  1332    244.68210      2.28519    252.35140      0.66089
  1370    521.91630      2.67205    235.20160      0.43695
  1410    485.76930      2.67493    228.75430      0.50639
  1448    776.81410      1.97336    140.15910      0.26082
  1495    336.92350      2.56413    203.08290      0.72622
  1533    479.41730      2.70720    169.01330      0.49016
  1571    314.98460      2.48916    220.07100      0.67774
  1609    598.59670      2.55924    193.62060      0.53786
  1642    540.10820      2.63321    200.53990      0.61804
  1687    621.94790      2.62342    185.43430      0.43351
  1726    840.70290      1.50460    176.34590      0.25212
  1763    795.93160      1.83114    169.03980      0.26222
  1802    866.69410      1.26816    142.37860      0.22568
  1841    670.03320      2.47266    155.94800      0.24839
  1880    514.63320      2.72144    118.08400      0.37223
  1919    670.13760      2.58633    113.73440      0.16798
  1958    478.23430      2.70428    140.04880      0.44759
  1997    414.76470      2.64799    201.89720      0.68500
  2036    473.35100      2.61725    205.12230      0.61122
  2074    773.28160      1.97958    188.21950      0.44393
  2113    817.83960      1.53983    197.37490      0.33635
  2152    661.72970      2.50465    184.43380      0.46780
  2180    470.36210      2.67956    217.10890      0.36293
  2219    394.14810      2.60966    216.94010      0.49032
  2258    494.41720      2.68550    202.93740      0.33571
  2297    373.05690      2.56968    215.25540      0.53130
  2335    396.05500      2.59045    236.10070      0.54312
  2374    369.19350      2.41346    252.10920      0.36181
  2412    552.38630      2.48469    260.64120      0.33863
  2451    425.00970      2.55125    227.66680      0.73593
