   837    296.64680      2.35135    267.15290      0.68508
   884    325.50580      2.43700    242.34430      0.80676
   924    485.88250      2.68786    217.75040      0.62241
   963    835.24460      1.69272    214.18290      0.45124
  1010    784.66630      2.00301    214.28220      0.45620
  1049    287.48390      2.35268    251.25710      0.72311
  1087    255.47990      2.25831    258.59330      0.77726
  1126    258.74310      2.27289    259.26750      0.74422
  1165    333.49570      2.47057    262.79780      0.61598
  1204    364.63810      2.56679    264.72100      0.52253
  1243    323.50270      2.50229    249.85820      0.71635
  1281    350.87830      2.53549    252.11150      0.67394
  1320    265.45360      2.35735    233.87450      0.76639
  1359    451.09430      2.65890    240.10480      0.45042
  1398    326.81320      2.52635    240.14810      0.58209
  1438    777.73940      1.92731    142.82320      0.29976
  1477    251.43600      2.35068    240.55210      0.66608
  1516    380.52570      2.58983    202.02680      0.66296
  1555    506.20000      2.72041    163.57410      0.30868
  1594    804.13020      1.64834    167.74140      0.34704
  1633    615.42930      2.49941    191.07800      0.58816
  1672    428.65840      2.63082    211.61960      0.64094
  1711    657.94320      2.45501    190.17520      0.28027
  1750    652.83690      2.45352    184.29710      0.31371
  1782    758.91730      2.05219    172.44440      0.29035
  1821    844.70170      1.45576    142.81040      0.21256
  1860    537.85600      2.67445    172.76700      0.40938
  1898    514.60930      2.71550    125.09960      0.45930
  1936    633.78040      2.61968    118.97070      0.18851
  1974    698.10200      2.45477    128.33960      0.24004
  2013    659.00840      2.50523    179.11480      0.58414
  2052    793.03840      1.83068    190.31140      0.44756
  2091    809.85630      1.72558    160.66050      0.39677
  2130    698.41110      2.33530    218.40410      0.28580
  2169    487.46350      2.68579    216.03340      0.32623
  2208    411.80010      2.63426    215.58710      0.44537
  2247    468.95610      2.67810    207.96140      0.36207
  2285    356.18790      2.53363    223.93570      0.56460
  2324    455.73270      2.65147    219.08960      0.49353
  2361    392.10250      2.59526    242.35490      0.50515
  2400    376.31810      2.47311    260.04450      0.40179
  2439    509.52670      2.52251    257.69560      0.34041
