  2530    250.38530      2.12930    286.33060      0.41451
  2550    232.55490      2.08321    291.82170      0.38964
  2590    190.72030      1.89189    292.87810      0.43925
  2629    249.50140      2.08337    291.89520      0.44829
  2667    236.14030      2.08575    295.46740      0.47543
  2706    193.11900      1.86866    297.56050      0.51625
  2745    289.72790      2.21542    291.34240      0.51579
  2784    315.77150      2.30476    297.95210      0.49460
  2823    331.60160      2.33488    297.92460      0.48878
  2863    261.18800      2.13803    299.84240      0.50303
  2902    222.58270      2.00681    296.90850      0.54847
  2941    264.09110      2.17437    268.94600      0.70900
  2980    420.02810      2.48629    224.18260      0.54867
  3019    572.94950      2.49450    105.67950      0.18772
  3058    807.51390      1.66891    101.71930      0.12320
  3093    839.04790      1.36957     99.88568      0.11340
  3132    683.14760      2.28505    100.18730      0.16456
  3172    200.12720      1.98422    277.27880      0.73407
  3210    868.16750      0.86067     99.56267      0.09885
  3248    599.00920      2.41746    125.97830      0.59185
  3277    195.15670      1.97438    304.97030      0.51288
  3315    195.64690      1.98077    315.37250      0.49210
