   828    321.73030      2.42043    289.26550      0.78216
   865    333.96330      2.43745    284.34210      0.78782
   900    320.08230      2.42063    286.30310      0.80089
   939    308.32970      2.36231    292.80130      0.73870
   977    292.65640      2.34025    285.98860      0.63722
  1016    306.67300      2.38035    277.58660      0.67084
  1054    316.91000      2.39656    261.34110      0.69725
  1093    378.67910      2.57837    250.60550      0.52455
  1131    292.54670      2.39186    264.17020      0.66055
  1169    379.31810      2.59194    245.14960      0.49497
  1208    262.33770      2.31643    271.68790      0.66046
  1247    429.20250      2.66131    216.26550      0.41027
  1286    433.77970      2.67048    218.33230      0.45749
  1323    251.67760      2.24858    259.03350      0.53423
  1364    213.08270      2.17432    277.03750      0.46677
  1402    232.36560      2.19636    274.14880      0.44816
  1436    212.92660      2.14988    280.84810      0.42836
  1475    295.30900      2.42135    257.24140      0.55274
  1514    227.37240      2.20807    265.14470      0.54408
  1552    470.34250      2.62864    244.12440      0.40647
  1592    483.31890      2.64917    218.62510      0.52892
  1631    227.92070      2.22513    250.45080      0.68717
  1669    230.10400      2.19400    269.89180      0.52780
  1708    178.01460      1.94686    282.66140      0.45476
  1748    668.24400      2.51873    103.37800      0.15363
  1787    914.64740      0.93407    103.81020      0.11686
  1825    844.07640      1.59523    119.05460      0.14206
  1850    702.23110      2.35783    123.50340      0.22188
  1887    283.72410      2.39148    191.39280      0.81917
  1925    223.59450      2.17284    276.88500      0.43913
  1962    209.46530      2.11505    272.46600      0.43220
  2000    498.32030      2.64936    123.71400      0.52585
  2039    366.37590      2.55273    133.84050      0.69309
  2077    210.26790      2.10436    236.03600      0.84927
  2116    270.64060      2.33407    183.48600      0.86128
