   480    343.07640      1.44025    225.53280      0.25670
   800     20.72995      0.09126    228.66610      0.54731
  1180    238.59560      1.23117    224.13940      0.42288
  1620    269.14070      1.00160    214.21290      0.31290
  2020    305.15080      0.47553    193.98970      0.20922
  2440    241.72910      0.42819    190.09270      0.21884
  2860    218.83340      0.84295    211.47300      0.27397
  3280    121.04680      0.25215    197.86040      0.26029
  3720    392.89970      0.78984    207.22060      0.18627
  4100     21.75510      0.02755    207.07790      0.20422
  4460    437.65870      1.09902    211.90220      0.23158
