   163    393.12720      2.02291    147.78650      0.35324
   187    397.66650      2.01234    153.31240      0.34783
   197    402.48820      2.00555    151.50860      0.36290
   216    398.65320      1.99923    151.17630      0.40438
   237    416.73030      1.98654    148.91790      0.34727
   255    433.64610      1.95929    148.89200      0.30440
   275    454.75730      1.93899    127.72090      0.22201
   295    471.70970      1.88339    145.08950      0.22832
   314    488.30170      1.85041    139.04820      0.22255
   334    499.77030      1.83221    125.10680      0.19023
   354    487.54410      1.84171    136.73740      0.24697
   374    464.62010      1.88175    141.20590      0.29634
   394    443.96420      1.90481    139.37590      0.32361
   414    442.32740      1.90219    135.14890      0.32146
   433    423.68240      1.91221    151.65730      0.40401
   452    377.63170      1.93647    157.67830      0.51366
   470    312.94520      1.91014    175.55630      0.57377
   490    301.95230      1.89694    168.80560      0.57323
   510    279.92660      1.86914    176.61100      0.56931
   529    265.42140      1.85176    172.72130      0.55297
   549    230.27570      1.78444    192.14310      0.59473
   569    259.72000      1.84413    187.19960      0.52768
   589    287.01050      1.85899    180.59480      0.47259
   609    274.93330      1.84751    171.65250      0.46977
   629    236.98610      1.77553    195.95050      0.57349
   650    219.13810      1.74595    202.52050      0.59077
   670    206.98360      1.73157    201.40480      0.57458
   690    180.52210      1.63718    202.98200      0.49532
   710    151.77260      1.52698    231.30840      0.50030
   728    127.14340      1.43214    244.59390      0.51677
   751    132.43000      1.44211    234.77770      0.50923
   771    165.84250      1.57400    237.71570      0.68711
   791    208.19960      1.67868    208.90900      0.79009
   810    233.80030      1.73590    193.54080      0.78575
   830    246.96490      1.75240    177.38540      0.75730
   850    229.11030      1.71002    185.61130      0.80254
   870    227.04760      1.70108    175.27520      0.74969
   890    199.76800      1.65269    188.90140      0.78110
   910    181.63110      1.59928    201.58040      0.79088
   930    167.05000      1.55720    213.32330      0.85890
   949    168.33210      1.55753    213.04200      0.85809
   969    157.69340      1.51095    222.01040      0.83252
   989    149.35010      1.49211    234.90190      0.78478
  1008    139.40080      1.43533    250.31370      0.75887
  1028    139.83890      1.44710    256.18230      0.74234
  1052    136.08750      1.43658    262.22440      0.74793
  1072    130.27560      1.42093    266.31800      0.67153
  1091    124.50610      1.38396    272.28070      0.62701
  1111    129.69530      1.41214    272.24180      0.61736
  1131    128.89060      1.38306    264.07970      0.64471
  1150    143.61100      1.45592    249.79410      0.62398
  1170    153.35240      1.46178    215.24390      0.52049
  1190    162.74450      1.50145    221.04420      0.55182
  1210    169.93320      1.51250    220.05870      0.55186
  1230    186.33870      1.56163    222.43410      0.54044
  1250    198.13510      1.59291    217.35390      0.47594
  1269    190.87750      1.57459    225.74720      0.49985
  1289    181.02910      1.54620    228.39730      0.56963
  1309    194.44010      1.55076    219.84340      0.62498
  1329    232.34820      1.61334    226.53540      0.60580
  1348    283.17700      1.61597    241.09500      0.51870
  1368    327.42470      1.56080    243.95360      0.36783
  1394    299.62740      1.58394    265.02650      0.35251
  1412    329.53200      1.53551    243.51670      0.28133
  1432    290.60650      1.57794    254.50450      0.31276
  1452    237.37760      1.57401    263.74860      0.35255
  1472    213.70170      1.54420    256.61080      0.31823
  1492    217.00990      1.54860    260.63370      0.32474
  1512    192.17880      1.50894    268.85970      0.31601
  1532    145.87700      1.37982    271.37080      0.32000
  1552    112.36610      1.28642    276.14100      0.32559
  1572    105.37010      1.23673    274.12810      0.35562
  1592    103.85580      1.20083    280.09170      0.33836
  1612     98.85501      1.18495    271.70140      0.32101
  1632     98.22694      1.18735    280.21540      0.34885
  1652     98.24278      1.17752    278.27490      0.35402
  1672    100.99760      1.19441    276.76150      0.35833
  1692     99.62422      1.18028    266.84870      0.33971
  1712     95.39811      1.16799    263.86220      0.34198
  1732     91.91010      1.13296    258.95330      0.34428
  1752     88.86111      1.14192    263.82510      0.34103
  1772     88.21924      1.12497    252.60140      0.30486
  1792     86.53438      1.10567    264.15750      0.30991
  1811     85.33961      1.09732    259.06770      0.33344
  1831     84.45315      1.07988    270.71730      0.34802
  1851     79.36320      1.06287    255.92830      0.33218
  1871     78.75217      1.08254    259.03620      0.31852
  1890     79.23509      1.06909    258.53180      0.33301
  1909     75.73642      1.03372    264.02100      0.36230
  1929     75.35405      1.02270    260.13850      0.30791
  1949     80.85894      1.06922    251.10840      0.27767
  1969     75.39368      1.02668    257.93950      0.30649
  1989     77.97853      1.03663    254.55460      0.29944
  2009     80.72475      1.04997    254.95640      0.30387
  2029    164.84730      1.30303    248.66480      0.30196
  2049    283.73680      1.34372    242.38340      0.26959
  2069    312.89340      1.29148    241.24940      0.25815
  2089    322.60410      1.25589    239.25780      0.25853
  2109    329.73070      1.24433    236.67040      0.23906
  2129    336.47560      1.20216    238.25900      0.24395
  2149    329.24660      1.21877    236.57410      0.23885
  2168    314.79750      1.21750    241.32690      0.26377
  2188    317.05060      1.20781    241.70960      0.27525
  2211    331.10490      1.18127    234.93740      0.24715
  2231    332.09580      1.18336    232.31300      0.24993
  2251    300.95000      1.22592    238.39710      0.26372
  2273    318.55450      1.20217    234.37910      0.25966
  2293    313.04720      1.19523    232.55000      0.25015
  2303    327.24470      1.16124    230.66980      0.24746
  2319    344.70850      1.11298    225.41490      0.26815
  2339    325.73910      1.11100    232.61110      0.25814
  2359    332.54790      1.09075    230.76050      0.25402
  2371    321.73420      1.11000    230.75120      0.25605
  2390    308.57230      1.13796    231.47720      0.25430
  2411    314.24730      1.11239    229.24980      0.24627
  2427    304.93340      1.09855    229.23650      0.26143
  2447    303.86570      1.12046    226.32410      0.25466
  2471    294.80060      1.12321    227.68960      0.26862
  2492    302.87650      1.08705    225.03070      0.25699
  2507    315.76950      1.04412    223.39040      0.26011
  2526    305.47780      1.05646    221.68320      0.29009
  2546    305.00660      1.04371    218.34080      0.29405
  2566    323.86340      0.98194    211.47770      0.27667
  2593    342.73160      0.90727    204.51010      0.25223
  2613    338.84900      0.90769    198.47610      0.30529
  2633    330.94030      0.90124    191.83990      0.32635
  2651    327.87130      0.89502    183.97470      0.33259
  2669    331.04480      0.87411    170.21360      0.30014
  2689    326.81360      0.91783    169.32220      0.27268
  2709    350.72510      0.82936    147.63880      0.21598
  2729    372.14150      0.67999    156.26420      0.21624
  2748    376.01580      0.57969    163.12350      0.23955
  2768    369.70280      0.60873    161.76120      0.24527
  2786    367.55130      0.59248    148.61400      0.21792
  2805    362.46380      0.58115    155.21920      0.23565
  2825    363.73880      0.58423    137.71350      0.20130
  2845    357.91360      0.61471    135.45200      0.20241
  2865    356.56530      0.59048    141.47930      0.21134
  2884    359.75980      0.53480    134.14010      0.18951
  2904    353.41960      0.53965    145.64470      0.20959
  2924    351.75210      0.54894    142.59890      0.22558
  2944    348.28420      0.53402    151.20460      0.24779
  2964    350.69790      0.48352    152.08590      0.23741
  2984    348.88310      0.48841    148.95950      0.23271
  3004    345.52160      0.47118    149.37260      0.21424
  3024    335.98350      0.48216    162.90560      0.22040
  3044    335.23080      0.49058    151.73780      0.20669
  3064    330.19150      0.50909    151.27440      0.20830
  3084    327.14130      0.51562    152.92500      0.21551
  3105    329.30980      0.45694    148.44620      0.19991
  3124    328.76340      0.44085    143.82370      0.19379
  3144    326.58980      0.43138    143.11820      0.19434
  3164    323.88010      0.43566    141.55570      0.18697
  3184    320.60250      0.43989    139.41600      0.17624
  3205    316.40610      0.44724    138.50730      0.17592
  3224    313.42740      0.42338    145.14130      0.19291
  3244    311.31130      0.38602    152.05920      0.20267
  3264    306.99630      0.39024    157.39780      0.19618
  3284    303.73160      0.40022    157.06450      0.18966
  3309    299.78050      0.37600    161.40850      0.19982
  3328    297.58980      0.37382    167.43800      0.19534
  3348    293.30580      0.38206    170.71180      0.21153
  3368    291.28170      0.39471    164.37660      0.21838
  3388    291.81770      0.38501    156.78970      0.18880
  3408    292.16360      0.33711    154.33660      0.17374
  3428    289.49740      0.36494    153.97330      0.18026
  3448    286.92370      0.35407    154.48200      0.18949
  3468    282.43520      0.36685    155.93470      0.18533
  3488    279.14900      0.34575    157.14140      0.17797
  3508    275.10940      0.35060    158.23450      0.18725
  3528    271.49980      0.34694    159.64470      0.19863
  3548    269.23870      0.35510    155.18630      0.19978
  3567    260.95070      0.40026    162.90250      0.23281
  3587    252.17180      0.41340    173.40750      0.24716
  3607    243.84070      0.43534    179.24320      0.22130
  3627    236.98910      0.47896    179.11820      0.21509
  3647    230.04760      0.50947    178.59590      0.20792
  3668    219.97240      0.55189    178.63580      0.23250
  3686    212.95320      0.56667    179.30350      0.22266
  3707    203.47940      0.59345    178.46700      0.23473
  3727    185.51210      0.64686    176.95530      0.24199
  3748    155.61850      0.68097    187.77300      0.38405
  3768    119.11120      0.69346    201.46960      0.46658
  3787    116.76030      0.68663    202.42300      0.47930
  3807    119.85920      0.67770    201.04840      0.47833
  3827    107.07020      0.66710    204.11410      0.54200
  3846     94.64640      0.65233    205.45900      0.57857
  3866     96.97333      0.64821    203.05400      0.58437
  3886     83.81322      0.62921    210.92460      0.59028
  3906     63.11475      0.59626    221.86590      0.59779
  3926     60.78087      0.57884    230.03740      0.54011
  3946     68.09080      0.58284    229.16610      0.50978
  3964     63.91809      0.57291    228.29310      0.55931
  3983     58.28837      0.56203    225.91560      0.55826
  4003     83.30676      0.57845    225.67540      0.50146
  4023     93.54611      0.58070    221.09830      0.49027
  4043    121.06040      0.56695    214.39130      0.45489
  4063    138.83920      0.54218    205.06180      0.39982
  4083    144.00720      0.51427    203.09790      0.37064
  4103    132.75050      0.51450    208.52200      0.40216
  4120    101.39180      0.54089    215.85330      0.45023
  4141     95.66304      0.52999    219.50590      0.44131
  4160     99.16412      0.52022    218.32000      0.43375
  4180    109.09570      0.50671    216.05580      0.38909
  4200    122.83290      0.47919    205.43660      0.35380
  4220    127.98730      0.46667    194.43960      0.36693
  4240    131.06210      0.44747    183.36370      0.37716
  4260    125.78520      0.45207    182.47830      0.38004
  4280    108.70730      0.46251    193.86620      0.47500
  4300     77.08981      0.46876    207.07710      0.53826
  4320     47.55630      0.43471    214.81260      0.57805
  4340     40.70826      0.41837    220.39250      0.55078
  4360     48.42611      0.42143    221.06230      0.54605
  4380     61.90955      0.42672    221.15510      0.47791
  4400     62.83195      0.41777    221.70800      0.51419
  4420     49.80868      0.40309    223.17940      0.54602
  4436     58.13214      0.40300    224.36710      0.50872
  4456     77.68076      0.39572    222.75400      0.41169
  4476     67.94083      0.38729    223.51870      0.47416
  4496     86.30604      0.36918    218.80180      0.34967
  4515     93.68417      0.34769    216.86890      0.31089
  4535     94.96816      0.32728    209.48070      0.35376
  4555     93.52991      0.31439    208.58520      0.34137
  4575     81.66935      0.33083    216.54490      0.36109
  4594     72.02891      0.33452    220.15630      0.40924
  4614     61.94324      0.33032    220.67400      0.46574
  4634     67.36291      0.31777    223.18960      0.38936
  4654     70.00483      0.30240    223.67530      0.34166
  4674     67.14046      0.29858    222.67610      0.35609
  4694     69.96664      0.28693    220.40050      0.37222
  4714     78.72470      0.26415    197.19570      0.33714
  4734     83.31305      0.25123    181.80670      0.25937
  4752     78.74426      0.25074    184.36170      0.30184
  4772     63.35270      0.26442    197.67370      0.43635
  4793     43.12904      0.26065    213.69690      0.51523
  4813     42.54022      0.24968    214.49950      0.48939
  4833     61.71157      0.22961    206.73970      0.41444
  4853     69.38553      0.18957    194.38490      0.34935
  4873     69.67406      0.17077    187.30880      0.30447
  4893     64.73983      0.17808    181.56270      0.29418
  4913     63.13445      0.17407    173.32580      0.24124
  4933     66.79059      0.13560    168.15970      0.17506
  4953     65.84841      0.12223    164.06210      0.15343
  4972     62.80325      0.11531    161.62760      0.16460
  4992     58.34390      0.12304    161.61320      0.17220
