  2517    150.98620      1.66411    276.94760      0.51664
  2549    181.51650      1.79915    261.39600      0.60723
  2588    315.54030      2.10685    268.82580      0.55625
  2627    222.37210      1.91648    288.32190      0.36853
  2666    229.89490      1.92552    270.93870      0.58229
  2705    225.95420      1.94059    271.95600      0.63124
  2742    208.34830      1.88069    280.79100      0.65791
  2781    252.63800      2.02922    257.28050      0.68892
  2819    395.17970      2.28738    213.29740      0.52181
  2858    389.72160      2.31501    185.30000      0.59815
  2896    655.18400      1.79704    175.63620      0.22712
  2935    447.18950      2.34002    176.49070      0.40581
  2974    409.82940      2.33218    210.73030      0.48354
  3013    538.76780      2.28763    206.41520      0.26172
  3051    195.14810      1.82509    283.18720      0.69996
  3090    189.11200      1.77681    299.65290      0.59872
