  2533    162.42230      1.75554    267.42730      0.54382
  2536    169.24390      1.77411    264.46510      0.56407
  2575    276.66690      2.06086    238.35190      0.75371
  2614    350.90210      2.12812    269.47860      0.48799
  2654    228.67290      1.93872    275.14800      0.55982
  2692    240.42030      1.96362    270.67860      0.60973
  2730    214.19470      1.90114    273.64690      0.68236
  2768    195.32530      1.82947    275.71080      0.68374
  2807    364.55960      2.24171    227.98510      0.59696
  2846    313.84480      2.20408    215.67160      0.80722
  2885    578.59700      2.09383    179.02840      0.28823
  2924    439.89590      2.31925    204.42210      0.45721
  2951    360.32940      2.29446    206.95710      0.59963
  2990    472.21460      2.32740    213.57460      0.39402
  3030    235.64630      2.01404    272.84270      0.74627
  3069    183.97500      1.75657    292.21330      0.64155
  3106    187.95800      1.78344    295.76840      0.64377
