  2499    366.58830      2.29493    283.46750      0.37288
  2542    230.04010      2.08089    291.94420      0.38844
  2581    215.36830      2.00446    290.26280      0.45029
  2619    231.71060      2.05022    293.13770      0.43604
  2657    256.49300      2.13166    292.77560      0.46879
  2697    194.96070      1.89489    296.79370      0.54273
  2736    281.38450      2.21139    301.58820      0.43888
  2774    296.98940      2.24164    296.84020      0.49402
  2813    328.19130      2.31955    298.59810      0.47480
  2852    292.63830      2.22691    299.96920      0.48297
  2890    247.67380      2.13120    296.26770      0.54279
  2930    187.38850      1.86652    297.17130      0.62597
  2969    352.36570      2.37821    248.71110      0.63560
  3008    487.26600      2.53909    116.81840      0.43096
  3048    812.94710      1.67428    102.21260      0.12268
  3087    853.15190      1.27951     99.59033      0.11610
  3126    753.67270      2.07080     99.24162      0.11722
  3163    213.16700      2.04705    252.96140      0.91810
  3202    863.42790      0.85580    100.53250      0.09328
  3244    754.23180      1.91389    101.56970      0.18903
  3285    192.98160      1.95444    309.41010      0.49691
  3324    193.83650      1.96922    316.86830      0.46837
