  2518    286.78000      2.22188    281.90630      0.43385
  2558    239.22000      2.10779    291.83130      0.42240
  2592    193.25420      1.91452    292.77660      0.44469
  2631    249.95560      2.09123    299.09880      0.39874
  2670    219.93070      1.99080    295.74900      0.52372
  2709    194.51690      1.89271    297.57140      0.53674
  2748    289.75540      2.23189    293.02730      0.51463
  2787    313.26910      2.28550    303.07080      0.42812
  2826    314.59250      2.29399    298.14970      0.47292
  2865    263.70440      2.16978    301.18190      0.49360
  2904    215.67500      1.98697    297.39760      0.55528
  2943    297.56400      2.29836    249.14610      0.77175
  2982    412.46620      2.48221    223.33250      0.63287
  3021    592.38130      2.47836    105.46200      0.17398
  3061    815.32530      1.66275    101.44940      0.12034
  3100    839.24550      1.42083     99.46262      0.11789
  3138    555.39730      2.53188    104.79450      0.31146
  3177    195.66730      1.96144    277.50540      0.70625
  3214    869.28380      0.85087    101.14910      0.09912
  3253    354.37250      2.47147    194.47330      0.95326
  3275    191.49510      1.96142    307.06660      0.48427
  3314    197.26110      2.00552    315.68260      0.47018
