  2521    273.96480      2.15404    278.11360      0.49087
  2560    237.95880      2.11410    293.63250      0.38547
  2597    191.45870      1.91714    299.80180      0.38728
  2635    252.03300      2.09817    291.25360      0.44518
  2674    209.92180      1.96035    298.84750      0.49619
  2713    199.63630      1.94452    296.99120      0.52815
  2752    300.77830      2.22696    292.42210      0.51052
  2790    323.18670      2.30743    297.52880      0.50459
  2829    308.05740      2.27817    298.67900      0.48446
  2868    254.43750      2.12860    301.09230      0.49895
  2907    203.06190      1.94491    299.92470      0.54401
  2946    305.41690      2.28114    256.30830      0.69001
  2985    375.18630      2.44039    223.96210      0.73513
  3024    637.95340      2.39879    104.49440      0.13138
  3063    826.77260      1.56372    101.43590      0.11771
  3102    838.18510      1.46770     99.09590      0.11940
  3141    492.92300      2.56805    108.56780      0.43825
  3179    198.24680      1.99591    275.48660      0.70934
  3218    870.19540      0.80940    102.73560      0.09654
  3258    236.21180      2.14871    280.72310      0.61382
  3291    192.45560      1.94487    313.43940      0.47457
