   150      0.00000      0.00000    202.73510      0.22816
   191      0.00000      0.00000    218.28460      0.30534
   228      0.00000      0.00000    195.26320      0.29630
   267      0.00000      0.00000    181.48120      0.23542
   303      0.00000      0.00000    181.01890      0.27709
   334      0.00000      0.00000    181.90410      0.22192
   373      0.00000      0.00000    194.67130      0.27389
   411      0.00000      0.00000    186.29250      0.23388
   450      0.00000      0.00000    205.45210      0.25585
   488      2.15026      0.00442    209.54090      0.20750
   525      6.31823      0.01135    201.87890      0.19011
   563     10.74671      0.01805    201.52640      0.19784
   605     16.28217      0.02685    199.46510      0.18644
   644     21.94200      0.03397    202.54880      0.23766
   682     25.68884      0.04064    205.21190      0.22397
   720     30.97337      0.04592    208.70100      0.23621
   759     36.54011      0.05664    206.80690      0.21789
   798     42.01596      0.06538    207.89310      0.24168
   836     46.25246      0.06970    207.52210      0.24676
   875     51.55625      0.08100    211.89510      0.24008
   914     56.14119      0.09119    215.69090      0.26967
   953     61.79665      0.09522    216.75790      0.25706
   991     67.51403      0.11221    215.34220      0.24233
  1030     74.03572      0.10916    205.60380      0.23589
  1069     80.80652      0.11811    205.98660      0.22987
  1108     86.87681      0.12795    203.79140      0.23020
  1147     90.91319      0.13630    202.44860      0.25720
  1185     97.91363      0.14167    205.73240      0.24008
  1225    102.69360      0.14339    206.82550      0.23397
  1264    107.08380      0.16028    207.87180      0.24931
  1303    112.33320      0.16885    207.34290      0.26726
  1342    117.81470      0.17963    212.05580      0.26950
  1381    104.78310      0.23332    220.45690      0.30922
  1420    110.51760      0.23723    219.85220      0.28895
  1459    113.60550      0.26027    222.86870      0.30309
  1498    118.35680      0.27600    222.76000      0.28285
  1537    127.92430      0.27980    225.30880      0.33622
  1575    142.44880      0.25418    226.56670      0.32246
  1615    145.04860      0.24937    227.46560      0.33190
  1655     93.92583      0.44660    233.19410      0.36408
  1694    135.72480      0.42352    227.12260      0.31841
  1733    131.31650      0.47592    226.99580      0.34737
  1771     99.12539      0.52750    232.66220      0.45705
  1810    151.18050      0.43339    228.23030      0.34927
