  2502    163.38850      1.66900    279.70950      0.45417
  2552    188.33230      1.83770    255.94930      0.65723
  2591    367.98790      2.04403    268.23580      0.53934
  2630    254.99790      2.00571    269.35240      0.58142
  2669    224.62470      1.91496    269.79930      0.61229
  2708    213.32090      1.88679    273.35960      0.65731
  2745    209.81380      1.89297    279.59430      0.69128
  2786    258.58490      2.02790    249.66760      0.70304
  2825    422.59330      2.29722    212.23840      0.45293
  2864    465.95840      2.31244    180.04750      0.45053
  2903    735.29880      1.30671    181.26270      0.18819
  2962    412.82310      2.33055    213.51860      0.50646
  3000    473.81150      2.33624    212.53770      0.34641
  3040    192.26120      1.81250    285.97240      0.69675
  3079    192.29810      1.78909    288.55150      0.67850
  3117    188.76010      1.80676    288.47770      0.71786
