   182      0.00000      0.00000    218.78800      0.28779
   215      0.00000      0.00000    200.26350      0.33715
   257      0.00000      0.00000    187.56230      0.29693
   301      0.00000      0.00000    179.97380      0.27455
   337      0.00000      0.00000    184.51700      0.25844
   375      0.00000      0.00000    192.52900      0.27560
   414      0.00000      0.00000    188.29370      0.23820
   453      0.00000      0.00000    205.32950      0.26591
   493      2.74310      0.00560    209.56510      0.21223
   535      7.38548      0.01334    199.97170      0.19413
   574     11.98042      0.02097    204.01930      0.20213
   613     17.45840      0.02909    197.36430      0.21967
   652     23.00434      0.03458    201.24530      0.24048
   691     26.91966      0.04192    204.68730      0.22292
   728     32.10676      0.04884    205.70040      0.24359
   768     37.62501      0.05875    207.20840      0.21847
   807     42.83920      0.06899    208.66730      0.25768
   846     47.96626      0.07464    208.17170      0.24919
   884     52.74019      0.07899    212.27880      0.25660
   924     57.71293      0.09392    217.95230      0.24921
   963     63.10142      0.10057    215.95670      0.28226
  1002     69.92215      0.11060    206.00450      0.25819
  1041     76.31283      0.11552    207.31590      0.20982
  1081     82.46729      0.12142    204.03290      0.23027
  1121     87.99307      0.13085    204.24390      0.22505
  1160     93.98743      0.13546    206.22600      0.22409
  1199     99.33311      0.14269    206.04560      0.23385
  1238    105.49970      0.14290    209.09860      0.21976
  1277    108.67720      0.15981    206.65050      0.27481
  1316    114.73680      0.17301    208.77750      0.27837
  1354    115.53430      0.19195    216.06300      0.29929
  1393    105.74680      0.23916    219.24760      0.31635
  1432    120.06860      0.22672    217.98740      0.29035
  1471    114.97990      0.25782    221.01900      0.31011
  1511    120.46350      0.26869    225.10350      0.25892
  1552    131.95630      0.25123    226.47020      0.37136
  1592    146.84810      0.24025    224.55740      0.33919
  1631    140.51060      0.28353    227.25630      0.34561
  1669    114.22910      0.45439    231.23400      0.33860
  1708    130.17840      0.45609    227.58730      0.31668
  1747    119.38910      0.49408    229.27610      0.35882
  1786    121.08030      0.51227    229.58370      0.37567
  1825    134.14900      0.52711    225.89330      0.36954
