   837    313.50550      2.36160    289.03420      0.78578
   887    320.49870      2.40165    284.22600      0.80128
   924    316.02730      2.36787    286.00730      0.75440
   963    314.59510      2.38838    287.09040      0.65089
  1002    297.58540      2.32209    264.96240      0.67222
  1041    303.47060      2.38082    275.62280      0.63723
  1081    377.96150      2.56891    251.32600      0.51754
  1120    378.79230      2.57001    245.26590      0.51081
  1159    375.90650      2.56983    243.94590      0.53174
  1198    277.87070      2.34462    261.86830      0.68060
  1237    375.19130      2.59924    225.95290      0.50989
  1276    422.46390      2.66004    217.03760      0.41241
  1315    248.78010      2.29081    264.51060      0.64467
  1356    219.24520      2.18278    276.04620      0.45032
  1391    250.32110      2.26508    271.98810      0.44560
  1431    217.44200      2.16623    276.68060      0.45231
  1471    271.41690      2.36905    261.73180      0.56045
  1511    255.94110      2.28534    246.98450      0.67139
  1550    432.04670      2.62805    248.47530      0.41528
  1589    396.61410      2.59786    234.84070      0.54361
  1628    221.76770      2.15760    247.74330      0.68463
  1667    239.53510      2.21386    253.29860      0.65638
  1706    185.32420      2.04031    280.59460      0.47478
  1744    597.91780      2.63950    104.22670      0.26130
  1783    909.18890      1.04627    104.31660      0.11768
  1810    892.88410      1.26705    104.32600      0.12408
  1856    535.14040      2.65157    138.51350      0.36759
  1891    259.83660      2.30680    199.85560      0.85975
  1932    225.33310      2.17663    274.23830      0.50944
  1972    185.41650      1.99694    268.47980      0.54009
  2011    474.26630      2.65584    106.40610      0.39430
  2051    222.03470      2.15671    226.94410      0.85575
  2090    343.79420      2.51213    165.05400      0.79769
  2129    235.15370      2.20729    242.53770      0.80718
