  2526    157.33120      1.71818    268.39740      0.56935
  2550    183.01430      1.82341    260.12520      0.61924
  2589    336.26050      2.12850    269.80280      0.54046
  2628    233.81700      1.93737    270.25270      0.58128
  2667    230.30800      1.93913    270.44630      0.59608
  2707    225.15610      1.95089    272.61690      0.65066
  2746    211.20020      1.87883    279.51930      0.67192
  2782    254.00100      2.02899    253.87290      0.70369
  2822    406.72020      2.29334    213.45360      0.50649
  2861    424.76710      2.32123    182.91200      0.52644
  2899    683.67060      1.67984    176.83030      0.19329
  2937    447.03930      2.33990    177.47690      0.39342
  2975    414.43050      2.33169    210.40290      0.49979
  3014    527.41390      2.30615    206.41020      0.26960
  3053    192.44460      1.81156    283.24220      0.70779
  3092    189.09050      1.79183    297.48590      0.62403
