   155    156.38580      1.47176    221.97500      0.62263
   182    163.35300      1.49513    226.51460      0.58899
   209    122.40160      1.40492    221.74100      0.60688
   228    118.23980      1.38153    218.94940      0.59303
   248    155.69930      1.49847    206.58020      0.57591
   269    197.14950      1.58549    204.61130      0.53532
   289    255.98560      1.65291    205.74650      0.49226
   309    296.12100      1.66592    210.29350      0.46683
   329    327.63150      1.65949    211.79710      0.44934
   348    344.28790      1.65662    210.78670      0.45732
   368    373.81820      1.63184    209.74240      0.46529
   388    407.86010      1.58420    206.78180      0.48001
   408    409.79990      1.60539    204.27690      0.49693
   428    400.37090      1.62894    202.31060      0.51722
   448    400.02820      1.64040    202.18910      0.51755
   468    406.56530      1.63534    201.85990      0.51773
   488    396.25160      1.66921    197.76190      0.51902
   508    383.00650      1.69295    192.93800      0.52991
   528    368.80100      1.71630    194.41900      0.53493
   548    340.16790      1.74395    198.21570      0.54958
   568    284.13990      1.74896    206.52390      0.56345
   588    201.55210      1.66766    216.02940      0.60299
   608    138.71140      1.51952    225.73850      0.62640
   628    107.18300      1.43180    230.80130      0.65102
   648    103.32410      1.42621    237.55120      0.62175
   668     98.88165      1.41555    239.99350      0.63964
   688     98.91916      1.38943    237.88250      0.63187
   708    113.06250      1.44295    232.30990      0.62314
   728    120.62180      1.47181    226.92450      0.61059
   748    130.33330      1.53995    224.45880      0.62678
   768    110.87590      1.49746    227.64220      0.64307
   788     92.67184      1.36664    232.06390      0.64931
   808     91.41436      1.38156    235.34100      0.65875
   828     93.50740      1.39755    239.09500      0.62618
   848    107.82360      1.46398    236.59580      0.60407
   867    114.38020      1.49301    237.34140      0.58132
   886    135.16090      1.55241    235.49020      0.55902
   906    134.09370      1.56244    236.55220      0.58657
   925    110.86450      1.49167    233.63120      0.60362
   945    103.10660      1.45445    229.32250      0.61922
   966    113.16830      1.52344    226.52220      0.64460
   986    115.64440      1.53753    225.83710      0.66968
  1005     97.20390      1.44491    229.45230      0.66136
  1025     91.44192      1.44083    234.74800      0.63835
  1045     91.63820      1.44265    240.81360      0.60703
  1065     81.41036      1.37538    242.04170      0.58276
  1085     82.40323      1.37612    241.94950      0.56731
  1105     85.78014      1.42709    239.65210      0.59425
  1126     85.57512      1.42125    241.56420      0.57956
  1146     85.87307      1.41990    243.34000      0.58740
  1164     83.84680      1.41920    245.02480      0.54824
  1184     87.53470      1.41684    245.48950      0.54448
  1204    127.29400      1.57587    249.24860      0.49910
  1224    108.95090      1.52644    247.79870      0.54701
  1244    127.19950      1.60327    248.71780      0.53269
  1264    152.19480      1.67306    250.59180      0.48204
  1284     96.54141      1.48542    246.69940      0.57691
  1304     86.98888      1.45594    245.76650      0.59970
  1324     83.16880      1.41905    245.86040      0.59860
  1344     86.79409      1.47035    246.53470      0.61986
  1364     84.88502      1.45996    245.13320      0.62357
  1385     81.11816      1.40000    246.09010      0.60609
  1405     87.47482      1.45757    245.49040      0.63865
  1425     86.55061      1.46791    246.66710      0.61135
  1445     84.58606      1.44615    245.56600      0.64092
  1467     87.09660      1.46957    246.19910      0.62693
  1487     86.69160      1.47608    245.20780      0.64068
  1507     87.93848      1.49524    245.58860      0.63062
  1527     87.00471      1.46492    246.07120      0.64041
  1547     85.05284      1.44286    247.55160      0.64461
  1568     87.02229      1.47087    249.78660      0.60544
  1588     88.47122      1.48122    249.04970      0.65958
  1608     86.71467      1.48258    250.77110      0.62969
  1628     86.59278      1.48162    252.02210      0.66647
  1648     91.02779      1.51060    252.13270      0.68034
  1669     87.79087      1.49012    253.93830      0.68009
  1689     89.21839      1.51522    254.00750      0.65649
  1709     90.77844      1.51907    255.90070      0.64404
  1730    117.57730      1.62559    264.76760      0.48794
  1750    164.88120      1.65878    269.30650      0.35714
  1770    180.42400      1.65086    268.69000      0.34325
  1790    179.13420      1.63096    268.80760      0.37137
  1810    180.16600      1.60125    269.42800      0.32830
  1830    184.53420      1.64943    267.28100      0.34148
  1850    178.38160      1.64978    269.69950      0.34778
  1870    164.37370      1.66084    269.32780      0.36777
  1890    162.21910      1.66767    268.44190      0.39143
  1910    177.31340      1.70015    265.18150      0.37341
  1929    193.09430      1.73902    266.59470      0.38185
  1949    167.99700      1.64944    267.99590      0.40384
  1969    115.11740      1.58887    261.84480      0.55792
  1989     88.38196      1.52641    254.10060      0.70740
  2009     90.45496      1.56216    255.37880      0.65688
  2029     87.38568      1.50549    255.27870      0.63168
  2049     87.43755      1.52286    255.10330      0.65741
  2070     95.61459      1.57663    255.68990      0.64991
  2090     99.76706      1.58719    255.60580      0.68621
  2110    137.60600      1.66598    258.93830      0.55150
  2130    179.16490      1.71449    255.23810      0.51048
  2150    230.60290      1.88118    247.44950      0.53523
  2170    283.36000      2.05085    242.47880      0.53585
  2190    358.78180      2.14616    232.46430      0.46326
  2210    446.29270      2.19179    219.81070      0.36676
  2230    481.40700      2.18314    217.51460      0.33171
  2250    483.53110      2.18256    220.48810      0.33611
  2270    453.77540      2.21122    223.35540      0.37578
  2290    423.42710      2.21983    225.65540      0.39359
  2310    376.51090      2.19415    229.51800      0.44727
  2330    375.58540      2.20211    229.49620      0.47463
  2350    324.85800      2.14100    234.57110      0.50348
  2370    344.39360      2.17659    233.63100      0.47754
  2390    332.66310      2.17487    237.42300      0.48327
  2410    255.63990      2.05275    242.81280      0.51768
  2430    188.36500      1.93052    231.68440      0.68279
  2450    144.98480      1.82462    215.96590      0.76849
  2470    212.97020      2.02936    197.86410      0.70539
  2490    371.92210      2.28218    179.88260      0.56292
  2510    518.70170      2.22700    161.35000      0.24305
  2530    548.34670      2.17569    157.72270      0.19022
  2550    576.45970      2.09930    159.04030      0.19141
  2570    602.17680      2.00547    165.02950      0.21200
  2590    599.80540      2.00773    181.07140      0.26765
  2614    553.78660      2.17936    206.83790      0.25144
  2633    482.52040      2.28199    217.33630      0.26693
  2653    458.72830      2.29603    223.63600      0.27205
  2674    535.30380      2.21663    224.32000      0.24628
  2692    538.93600      2.19429    230.66660      0.26503
  2712    402.67680      2.30158    238.34110      0.31667
  2732    336.54440      2.27230    240.70530      0.32848
  2752    366.30280      2.30044    238.46600      0.33385
  2772    468.63820      2.31529    216.16280      0.42469
  2792    553.90290      2.24443    194.25030      0.37261
  2812    557.62490      2.23824    187.60650      0.36343
  2832    567.82070      2.23329    185.67690      0.33897
  2852    546.94430      2.26425    182.59090      0.31866
  2872    583.07320      2.20965    173.88770      0.27538
  2892    603.52160      2.18146    157.35830      0.19640
  2912    531.73570      2.30963    178.05800      0.36803
  2932    504.65770      2.33311    205.58510      0.42725
  2952    552.36200      2.24463    223.42830      0.31387
  2972    487.53730      2.33716    227.95990      0.33707
  2992    335.68540      2.28462    246.20470      0.35568
  3012    245.76330      2.06937    249.66010      0.32973
  3032    348.00320      2.31461    244.17020      0.33869
  3052    281.36380      2.18819    252.06950      0.34762
  3072    264.44920      2.13759    258.10650      0.36133
  3092    375.31200      2.35417    249.31980      0.33761
  3112    477.53340      2.37149    244.10550      0.30936
  3132    373.99850      2.35654    254.72360      0.37485
  3151    330.97470      2.28572    258.38540      0.36454
  3171    311.99210      2.26878    255.58490      0.34649
  3191    360.05760      2.34548    243.40300      0.33518
  3211    384.91320      2.37338    242.78840      0.35910
  3231    388.08120      2.38183    244.39510      0.34996
  3251    397.46140      2.39752    242.87440      0.35677
  3287    352.98020      2.34919    238.45270      0.45986
  3307    326.26930      2.32575    233.95770      0.55520
  3327    309.29930      2.29012    219.71430      0.61255
  3347    263.14900      2.21092    228.71150      0.65528
  3367    248.19810      2.15683    243.68350      0.66279
  3387    249.03270      2.14185    257.08910      0.58500
  3407    279.98470      2.22143    249.13140      0.59935
  3427    274.45610      2.21266    243.44350      0.63592
  3447    266.69870      2.20107    251.46510      0.59508
  3467    274.05190      2.22148    263.17530      0.46758
  3487    283.96420      2.26718    268.72490      0.41777
  3506    241.49220      2.14190    274.72490      0.41035
  3526    140.48950      1.83457    275.40360      0.53873
  3546     91.97084      1.64990    273.11590      0.63790
  3566     97.48331      1.68360    272.27120      0.65211
  3587     98.57443      1.68680    274.91260      0.60457
  3607    102.75510      1.73772    273.80880      0.60798
  3626    116.76770      1.81996    275.07850      0.55230
  3646    221.43060      2.13696    269.92500      0.45435
  3666    290.71100      2.28738    264.30850      0.33275
  3686    246.23440      2.20327    275.46910      0.39485
  3714    219.41320      2.08397    282.31420      0.39087
  3734    209.37970      2.03382    286.58000      0.41646
  3754    228.07450      2.09125    282.78630      0.46032
  3774    246.58220      2.16593    270.41650      0.62649
  3794    279.40780      2.24996    246.59570      0.65949
  3814    300.05140      2.33730    233.01590      0.72844
  3834    304.63040      2.31899    218.28500      0.74892
  3854    312.66530      2.38366    210.90350      0.73496
  3874    318.55930      2.37924    203.19970      0.72270
  3894    322.30980      2.40740    199.25340      0.71925
  3914    317.53470      2.39361    205.09880      0.75938
  3934    305.21180      2.35161    196.20470      0.70777
  3954    316.14750      2.41159    173.71410      0.62962
  3974    328.49390      2.42767    176.70150      0.56339
  3994    364.37930      2.49213    172.16970      0.53380
  4014    394.35010      2.51600    170.94580      0.49148
  4036    393.26060      2.52425    162.03850      0.48849
  4056    434.32770      2.55782    162.71510      0.48823
  4076    481.37400      2.56365    168.56470      0.45222
  4096    498.30610      2.56041    168.95790      0.41281
  4116    456.75970      2.56828    163.11670      0.37293
  4136    413.00990      2.55397    176.96950      0.42910
  4156    411.34890      2.55218    189.49130      0.44201
  4176    380.30330      2.52850    195.84800      0.54280
  4196    346.14240      2.49441    194.93210      0.63741
  4216    323.52290      2.44437    198.92140      0.72825
  4236    367.20700      2.51541    191.04550      0.67532
  4256    371.38600      2.51575    194.08560      0.71700
  4276    365.78190      2.49865    194.04990      0.71648
  4296    365.13080      2.51228    189.64380      0.71014
  4316    409.60750      2.56686    173.24970      0.59564
  4336    444.74470      2.57682    164.98450      0.51136
  4356    508.17040      2.59603    155.17800      0.41960
  4376    597.71120      2.51797    145.79410      0.28448
  4396    667.75290      2.39012    139.54970      0.21268
  4416    689.11070      2.31821    138.26510      0.18661
  4436    703.18990      2.27748    139.15340      0.18961
  4456    734.55550      2.17002    144.86450      0.19031
  4476    773.59640      1.96716    149.56610      0.19988
  4495    799.23810      1.84928    153.33970      0.19180
  4516    791.18180      1.94440    154.21750      0.19522
  4536    735.25190      2.20786    158.07120      0.21530
  4556    682.38680      2.37108    153.56390      0.22163
  4576    665.88300      2.40300    148.53780      0.24905
  4596    725.52500      2.20829    145.79020      0.17082
  4617    731.11180      2.16988    147.25900      0.16752
  4637    748.79850      2.11783    154.55920      0.20954
  4657    806.01650      1.85589    160.90150      0.19465
  4677    848.43510      1.54118    167.08980      0.18928
  4697    848.72110      1.37288    167.22250      0.19139
  4717    859.87380      1.34167    170.16940      0.16795
  4737    800.94090      1.88292    186.32920      0.26088
  4757    758.42430      2.08149    204.63170      0.28944
  4777    662.11430      2.39252    221.55940      0.40546
  4798    527.52010      2.57322    240.43980      0.52521
  4818    454.85570      2.55323    250.23540      0.65009
  4838    434.58240      2.59975    248.43000      0.68859
  4858    420.10870      2.57746    251.53590      0.71234
  4878    371.93140      2.45457    272.86220      0.75543
  4898    334.78060      2.40295    288.93040      0.69971
  4918    311.29030      2.39931    291.61250      0.68655
  4938    271.40450      2.33260    296.40010      0.66594
  4958    250.35990      2.23667    304.68030      0.66004
  4978    261.12100      2.23472    305.10710      0.71890
