   841    311.67420      2.39724    258.13950      0.69516
   887    323.90980      2.43313    243.41430      0.80849
   922    450.79410      2.67077    212.10590      0.71165
   961    816.92980      1.83735    212.97340      0.44667
  1000    514.66160      2.69707    225.94220      0.44177
  1039    336.88560      2.47588    241.40410      0.70838
  1078    264.58540      2.27441    255.91790      0.82910
  1117    250.97780      2.23176    257.52660      0.74465
  1155    298.51320      2.40952    260.63350      0.68589
  1193    353.67240      2.53204    259.80110      0.58974
  1232    409.34870      2.62054    251.32500      0.64203
  1271    270.17790      2.35724    257.12220      0.69558
  1310    417.03180      2.65461    223.49990      0.65641
  1349    347.12810      2.56369    246.36800      0.45434
  1386    524.67650      2.66416    224.96560      0.47315
  1427    387.27870      2.63365    215.22170      0.63457
  1466    448.37700      2.68016    201.11260      0.63583
  1498    378.24440      2.62745    202.45990      0.74303
  1537    539.49400      2.70301    159.28950      0.40628
  1574    355.75120      2.54039    216.06000      0.66478
  1613    617.06770      2.50642    192.32950      0.57370
  1652    323.99560      2.43504    219.56730      0.69235
  1685    581.89950      2.67330    190.14550      0.51284
  1724    836.02390      1.51864    175.11800      0.26373
  1764    801.49290      1.81437    167.78250      0.26250
  1803    865.02060      1.30811    141.86480      0.21544
  1842    662.71880      2.51111    159.67030      0.25002
  1883    534.71870      2.71849    112.94330      0.29095
  1922    684.67940      2.53722    113.09830      0.15518
  1959    494.73600      2.71231    138.77660      0.45800
  1998    416.35570      2.64152    204.97420      0.67068
  2037    508.35350      2.61061    202.90010      0.59134
  2076    806.50090      1.72581    186.76030      0.43314
  2115    813.16640      1.61043    200.61170      0.31824
  2154    621.28470      2.59037    212.00540      0.24902
  2191    430.88620      2.63715    215.97490      0.38679
  2230    349.94190      2.48164    222.17430      0.45814
  2269    435.36080      2.64589    209.40640      0.44857
  2304    389.98120      2.57547    210.83300      0.48767
  2344    411.65170      2.59924    240.55070      0.52709
  2383    401.48830      2.48294    256.65630      0.33071
  2421    561.47300      2.44489    257.70320      0.32086
