  2512    158.86660      1.69961    275.45460      0.52062
  2548    182.60780      1.82599    262.29320      0.60626
  2587    304.12970      2.10453    267.68910      0.58320
  2624    237.19480      1.92584    274.71280      0.50695
  2663    237.87970      1.93519    268.78930      0.60591
  2701    222.81050      1.92876    273.00450      0.62388
  2740    207.99480      1.87805    279.53820      0.66332
  2779    245.37270      1.98115    259.04530      0.68860
  2817    393.29950      2.28793    213.42320      0.52453
  2853    323.18390      2.23261    201.24610      0.76416
  2892    602.45110      2.01610    177.96410      0.24082
  2931    432.84570      2.33649    184.30050      0.45567
  2970    417.15900      2.32928    210.39560      0.49265
  3009    517.15890      2.32184    207.61870      0.25141
  3048    195.39480      1.84007    284.08200      0.70812
  3087    186.31930      1.76189    297.66140      0.61614
