   842    321.29030      2.38563    284.56830      0.79690
   894    321.96450      2.42238    282.82970      0.82139
   929    317.23040      2.39423    284.19130      0.74409
   968    305.25390      2.35052    286.47020      0.65310
  1007    308.64920      2.38112    274.36950      0.63266
  1046    304.95710      2.37205    271.20770      0.63043
  1085    382.44110      2.57939    250.22030      0.52027
  1124    357.16210      2.55869    250.96250      0.58568
  1163    386.34430      2.58892    242.34590      0.48836
  1202    259.07580      2.28639    267.90000      0.67082
  1241    399.70920      2.61882    222.06030      0.45658
  1280    431.28990      2.66589    216.91580      0.43547
  1319    238.14910      2.20073    270.83170      0.58274
  1359    215.97400      2.17924    276.25650      0.44893
  1401    242.04790      2.26914    272.85340      0.44893
  1440    217.74530      2.19541    279.63780      0.42982
  1479    277.68830      2.35874    259.41070      0.53593
  1519    218.25720      2.16468    271.95390      0.49217
  1558    419.33260      2.63278    247.69670      0.46591
  1596    634.51400      2.46295    195.09210      0.41767
  1635    265.86960      2.34185    243.47550      0.65792
  1673    227.91640      2.16189    269.93590      0.52894
  1712    172.30820      1.95450    279.32790      0.51123
  1751    705.18480      2.39222    103.61920      0.15861
  1790    917.40440      0.91446    104.33190      0.11899
  1829    862.82350      1.36997    117.92440      0.13652
  1868    515.44460      2.65294    151.39940      0.39055
  1909    195.47530      2.07462    269.79990      0.57129
  1950    223.18740      2.13614    275.80570      0.45514
  1988    634.12510      2.41207    148.22280      0.62215
  2027    489.05300      2.66380    108.67210      0.37550
  2066    187.92440      2.01815    260.80600      0.74765
  2104    402.38010      2.61005    144.92450      0.53667
