   844    321.63310      2.42757    258.20260      0.67400
   868    298.45480      2.32973    263.37690      0.72518
   907    316.82180      2.40395    244.07630      0.79344
   946    642.55330      2.56961    207.17920      0.52055
   985    589.88710      2.65860    225.66580      0.35924
  1020    852.32680      1.63499    212.28140      0.47679
  1068    264.92200      2.24581    255.50450      0.81228
  1105    256.16020      2.27264    258.34570      0.74458
  1143    258.89930      2.27408    260.85820      0.71531
  1182    313.73080      2.44105    262.97800      0.61851
  1221    431.35130      2.63602    259.83750      0.56295
  1260    293.59700      2.43095    249.38870      0.73380
  1298    389.65530      2.58904    225.27610      0.69090
  1336    257.14050      2.33354    254.13890      0.59262
  1374    540.39030      2.65209    232.60550      0.41656
  1413    473.10560      2.67754    228.34550      0.54290
  1452    704.10240      2.35734    152.82920      0.28226
  1488    300.02750      2.49577    226.39180      0.67463
  1526    408.64970      2.67091    183.28670      0.60629
  1565    333.74460      2.53885    202.89200      0.64946
  1604    661.63740      2.36955    178.05890      0.45995
  1639    637.16080      2.44810    192.97590      0.58390
  1696    683.74800      2.45108    188.25580      0.29651
  1733    829.99500      1.55068    181.44020      0.25548
  1788    811.11290      1.81595    148.67450      0.26884
  1827    852.75770      1.46389    141.08930      0.20163
  1865    464.61780      2.68493    175.77740      0.60064
  1905    629.37720      2.63181    118.10250      0.29468
  1944    575.58470      2.68021    130.14780      0.30439
  1983    728.36050      2.17277    162.33330      0.46676
  2028    467.34410      2.62288    208.37500      0.62753
  2066    683.37380      2.42864    193.12030      0.46437
  2093    811.83150      1.69167    158.14240      0.38868
  2133    729.95000      2.18817    218.51810      0.27546
  2172    492.18650      2.68451    215.39890      0.32688
  2210    407.27630      2.62020    214.92630      0.44171
  2249    486.52790      2.68585    204.86290      0.31226
  2288    358.13540      2.52573    219.52190      0.54673
  2327    429.48360      2.63649    225.69360      0.52753
  2366    389.58140      2.47762    239.47410      0.43993
  2405    479.51750      2.46195    258.85840      0.38104
  2444    480.02270      2.53058    258.53970      0.36340
