  2509    332.50490      2.29282    282.52870      0.39437
  2561    242.47720      2.12723    293.31680      0.39330
  2601    180.29730      1.87228    300.22850      0.41740
  2640    240.34860      2.08502    294.87790      0.43073
  2681    190.38600      1.85851    299.49280      0.51333
  2720    208.19520      1.98340    295.70780      0.51370
  2760    325.65660      2.29560    291.03290      0.52316
  2800    293.73210      2.23568    303.50180      0.45804
  2839    310.81570      2.29339    298.21130      0.49272
  2879    242.45230      2.08905    297.83360      0.55317
  2918    196.20510      1.88677    301.54320      0.57896
  2958    291.97640      2.24222    257.54520      0.70007
  2997    367.81060      2.44729    176.18190      0.88086
  3036    768.66360      1.92816    102.77120      0.12422
  3076    856.45560      1.29885     99.74303      0.11734
  3116    836.57530      1.52340     98.85966      0.11524
  3156    244.39430      2.16496    213.84940      1.07040
  3196    831.82760      1.35022    102.88430      0.09929
  3235    864.44370      0.98163    100.38600      0.09897
  3288    192.22650      1.94574    309.60270      0.49177
  3326    195.33470      1.94467    314.59220      0.49516
