   819    331.65910      2.45078    286.59750      0.73940
   859    326.32810      2.39663    285.87790      0.83385
   898    316.39070      2.40321    286.38190      0.76309
   937    315.04790      2.40932    292.93460      0.72258
   976    290.76530      2.35711    287.40190      0.64160
  1015    305.61260      2.37739    280.32370      0.63643
  1055    320.28450      2.42568    248.22060      0.83015
  1094    371.85950      2.56275    250.75210      0.50754
  1132    288.90940      2.38510    258.69240      0.71495
  1171    359.37760      2.53903    248.21940      0.52876
  1211    266.75470      2.33270    266.90370      0.69365
  1250    441.55180      2.67495    209.61510      0.43428
  1291    428.24150      2.65569    218.46680      0.47027
  1329    259.33590      2.29670    268.84810      0.50385
  1366    214.51280      2.17364    276.85330      0.45108
  1406    230.95180      2.22255    274.63350      0.44075
  1442    221.15040      2.19107    279.49550      0.44835
  1481    274.03760      2.37044    262.02560      0.54559
  1522    223.02990      2.18263    271.81320      0.47006
  1561    380.03950      2.58628    249.14870      0.47502
  1608    353.60060      2.55206    216.85120      0.69624
  1644    306.26110      2.43688    243.08300      0.57664
  1683    206.47790      2.07790    278.69270      0.44939
  1726    298.14120      2.41943    182.78530      0.98873
  1764    879.16840      1.46337    101.69290      0.13885
  1815    853.48080      1.61845    108.60210      0.12886
  1845    795.43040      1.96201    120.22370      0.14772
  1877    401.78120      2.62708    157.42770      0.58338
  1917    221.65580      2.13117    270.06370      0.49408
  1955    227.16070      2.15652    267.61280      0.49340
  1994    626.92120      2.45260    139.55300      0.54079
  2038    383.58840      2.56799    128.90330      0.63837
  2079    216.17620      2.15344    229.84710      0.88235
  2117    255.80700      2.30649    190.13430      0.91887
