  2523    260.90400      2.13947    281.57140      0.46589
  2563    241.62950      2.10648    292.90980      0.40515
  2602    180.03550      1.86602    300.80670      0.38160
  2641    248.64830      2.09552    291.47150      0.48708
  2679    191.40020      1.87103    299.47620      0.49449
  2718    206.89880      1.95048    293.94470      0.53080
  2759    324.21040      2.29581    292.84290      0.50673
  2797    301.66070      2.26308    303.74290      0.47408
  2836    311.57810      2.28418    297.16070      0.48375
  2875    243.98460      2.08868    299.95040      0.48612
  2914    198.14730      1.91987    297.68470      0.59517
  2953    304.94890      2.31485    257.76900      0.66221
  2992    317.96080      2.33549    208.33690      0.92959
  3031    724.62270      2.14624    103.30350      0.12461
  3069    841.25930      1.44187    100.59560      0.11753
  3108    838.31280      1.44526     98.71815      0.12025
  3147    368.83380      2.48283    134.02960      0.81569
  3186    331.99520      2.41334    191.01110      1.03593
  3225    869.75120      0.81463    102.68710      0.09780
  3260    238.99070      2.15207    283.33400      0.57931
  3299    189.70380      1.93849    314.30640      0.50314
