   831    310.39090      2.36150    289.55740      0.78353
   873    336.12810      2.46667    280.94300      0.80313
   912    314.12550      2.39076    289.17180      0.71814
   952    300.99690      2.34318    288.88970      0.69947
   990    290.66420      2.35526    280.46490      0.68867
  1030    306.29170      2.37915    273.81950      0.63473
  1069    363.58770      2.53568    251.69710      0.49933
  1108    379.76400      2.57704    246.29300      0.47966
  1147    315.85130      2.44415    255.01680      0.67357
  1187    323.56990      2.48360    253.23650      0.57290
  1227    329.19840      2.50550    233.61500      0.61393
  1266    463.38090      2.68412    213.01350      0.36811
  1305    328.93350      2.48951    232.25160      0.57221
  1344    265.49090      2.31033    271.25840      0.48532
  1383    219.46620      2.19701    277.84760      0.44860
  1422    206.23630      2.11935    277.75850      0.44964
  1461    206.89630      2.11680    278.59850      0.47367
  1500    365.23080      2.56642    238.98590      0.47082
  1538    210.98710      2.16789    274.36520      0.47350
  1577    261.83290      2.31118    268.25110      0.46908
  1616    192.78150      2.07057    263.31330      0.60363
  1649    293.87310      2.40193    249.39710      0.56196
  1688    193.48600      2.05876    280.07560      0.44690
  1727    322.95080      2.47971    169.95150      0.96642
  1766    901.25040      1.23076    101.30280      0.11806
  1813    868.01400      1.53286    105.45330      0.12676
  1849    734.94600      2.23753    122.16270      0.17721
  1890    266.15230      2.34186    198.89510      0.85412
  1928    243.09810      2.20788    272.05310      0.48931
  1966    183.94690      1.98400    273.23170      0.44766
  2005    461.19480      2.65576    112.41280      0.46492
  2044    281.29800      2.35902    176.64030      0.92480
  2082    236.48460      2.19694    219.75520      0.89449
  2120    244.49710      2.25683    203.85300      0.92615
