   178      0.00000      0.00000    231.39720      0.34476
   224      0.00000      0.00000    213.61750      0.22746
   256      0.00000      0.00000    213.83390      0.20474
   292      0.00000      0.00000    211.74100      0.21223
   331      0.00000      0.00000    209.60260      0.20565
   370      0.00000      0.00000    209.38300      0.25083
   409      0.00000      0.00000    209.19570      0.22045
   445      0.00000      0.00000    207.86410      0.21685
   484      0.00000      0.00000    208.03540      0.21062
   522      0.00000      0.00000    215.92770      0.22283
   561      0.00000      0.00000    212.48830      0.20836
   599      1.49732      0.00326    209.49410      0.21527
   635      5.53475      0.01071    208.31210      0.21713
   674     10.25403      0.01788    208.55870      0.21004
   712     15.50933      0.02470    205.43030      0.22871
   752     20.47106      0.03305    205.08550      0.23540
   790     24.98833      0.03938    206.34170      0.22211
   829     29.99935      0.04574    206.42010      0.21693
   868     35.49735      0.05366    203.09140      0.22371
   907     42.25579      0.06402    199.63840      0.25390
   946     46.69597      0.07024    202.99300      0.23640
   985     51.72031      0.07694    206.73480      0.23129
  1024     57.15879      0.09043    205.46590      0.24862
  1064     63.08657      0.09623    201.58740      0.25836
  1103     65.85360      0.10158    207.44960      0.20552
  1141     76.33989      0.11372    188.96910      0.21245
  1181     75.47541      0.13461    212.77190      0.24638
  1221     88.15614      0.12715    180.65060      0.19169
  1260     92.27539      0.13972    187.42810      0.20702
  1299     95.79547      0.14834    189.07510      0.19102
  1337    104.91310      0.14854    182.58560      0.17429
  1376    105.93450      0.15876    205.64870      0.18476
  1415    111.96320      0.16649    211.23080      0.20304
  1454    115.99380      0.18082    218.48790      0.20177
  1493    119.93610      0.18883    221.85120      0.25027
  1530    111.75040      0.24426    222.20000      0.30965
  1569    110.08620      0.25943    234.29810      0.20286
  1609    113.71320      0.27764    235.25800      0.20002
  1649    136.99370      0.24431    216.08820      0.29740
  1685    154.19120      0.23287    198.76190      0.27032
  1724    157.63150      0.26003    192.07100      0.31160
  1763    140.87450      0.38994    209.28150      0.40304
  1802    126.76170      0.41229    234.97650      0.36741
