   156    159.65400      1.48448    222.86280      0.61422
   174    164.94020      1.50326    222.79940      0.61273
   194    159.71040      1.48541    226.45260      0.56867
   214    114.42240      1.38089    222.71540      0.59609
   234    127.09660      1.41213    212.96270      0.60980
   254    165.22460      1.52777    204.75290      0.56518
   275    215.42270      1.61389    203.92420      0.51965
   295    270.66680      1.65721    208.35640      0.47913
   315    313.22810      1.66406    211.42990      0.45224
   331    326.15210      1.66513    212.53770      0.44705
   351    348.94160      1.65910    211.41790      0.45366
   371    380.62370      1.62523    209.32910      0.46910
   391    411.13240      1.58328    207.38430      0.47479
   411    407.31930      1.60729    205.18430      0.49555
   431    401.89530      1.62578    202.59310      0.51339
   451    399.04230      1.64691    202.31380      0.51580
   471    402.17950      1.64646    200.79290      0.51881
   491    392.44130      1.68158    196.40590      0.52344
   511    381.94010      1.69646    191.72320      0.52609
   531    364.55050      1.71866    194.75850      0.53950
   551    336.43460      1.74569    200.92620      0.54768
   571    274.19380      1.74438    209.95990      0.56347
   590    193.90810      1.64845    216.54110      0.60920
   610    128.57540      1.47587    224.48970      0.65543
   630    109.97340      1.43289    231.49730      0.65890
   650     97.93525      1.38496    236.98420      0.65446
   670     97.90205      1.39204    239.96580      0.63157
   690    103.20710      1.41912    238.40900      0.61175
   710    111.37950      1.42793    231.62220      0.62217
   730    120.13510      1.48272    225.88490      0.60870
   750    118.95760      1.49587    224.82100      0.61929
   770    106.67290      1.44235    226.98960      0.65653
   790     96.71206      1.42112    232.71510      0.65829
   810     91.31281      1.37050    235.61290      0.65389
   830     90.61371      1.38244    238.97350      0.62948
   850    107.80000      1.46276    236.77760      0.59425
   870    114.98300      1.48619    236.81870      0.56564
   890    132.66100      1.54868    235.59680      0.54912
   910    117.29730      1.51647    237.21930      0.55088
   931    108.83970      1.48248    232.49970      0.63674
   950    108.54160      1.46789    228.49990      0.63629
   969    110.03430      1.49830    225.86990      0.63807
   989    108.74560      1.48920    226.75140      0.65069
  1009     96.29398      1.44455    230.31270      0.66019
  1029     87.82788      1.39455    236.19140      0.63398
  1049     86.64919      1.42911    240.96960      0.60750
  1069     82.68032      1.40116    242.32710      0.58462
  1089     82.53902      1.38849    239.80990      0.62133
  1108     81.55020      1.38850    239.57660      0.60852
  1130     83.73717      1.38565    242.07160      0.57933
  1149     90.91720      1.44560    244.75630      0.58186
  1169     84.44576      1.41605    245.61040      0.54091
  1189     98.75229      1.46807    246.44890      0.55239
  1209    133.40800      1.61768    249.17560      0.48559
  1229    105.83510      1.52620    246.73440      0.56365
  1250    150.09170      1.67634    250.43480      0.46465
  1269    143.02280      1.66861    249.35200      0.51695
  1289     85.55107      1.41258    246.24390      0.57166
  1309     85.55162      1.43366    246.09840      0.60135
  1329     85.65492      1.46199    246.63120      0.56844
  1349     84.86046      1.44239    245.38690      0.60543
  1369     81.69585      1.43244    246.38280      0.60916
  1389     83.94570      1.40608    245.08490      0.64590
  1409     87.61705      1.44039    246.43240      0.61594
  1429     83.05451      1.42537    246.21690      0.61737
  1449     89.66940      1.48560    246.68310      0.60727
  1468     87.00443      1.47569    245.51890      0.63560
  1488     85.31584      1.44739    245.76590      0.64211
  1508     87.42469      1.48446    246.88360      0.61853
  1528     88.99925      1.47654    246.31650      0.64171
  1548     85.02562      1.43207    245.83550      0.64879
  1567     86.43308      1.46053    247.91580      0.65852
  1587     87.75372      1.47915    248.71920      0.68965
  1607     89.46615      1.48911    249.91750      0.65981
  1627     87.70512      1.48769    251.17940      0.68118
  1647     87.16818      1.47804    251.43810      0.69858
  1667     85.00729      1.47497    252.57080      0.68678
  1687     88.23974      1.49296    253.41220      0.67797
  1707     90.31718      1.51750    253.44340      0.70554
  1727    104.69990      1.54583    264.32770      0.53314
  1747    156.24660      1.64065    268.86640      0.35246
  1767    178.12340      1.64816    268.97330      0.35519
  1787    176.81300      1.63864    268.17800      0.37273
  1807    181.85920      1.63550    268.77910      0.35846
  1827    179.89690      1.62115    267.86480      0.32400
  1848    179.43370      1.66198    269.48080      0.34211
  1868    171.36070      1.68871    269.51760      0.34862
  1889    161.51090      1.67966    268.24470      0.36609
  1909    178.47990      1.70873    265.41000      0.37817
  1928    182.26620      1.67896    264.63440      0.38629
  1948    170.16650      1.63392    267.31200      0.40869
  1967    120.11210      1.58661    261.57650      0.55159
  1988     89.19090      1.51559    256.97690      0.65074
  2008     89.83275      1.53068    254.32070      0.66515
  2028     92.91097      1.56656    253.91300      0.66444
  2048     92.54171      1.55987    253.98050      0.67106
  2068     92.54861      1.57379    255.20100      0.67237
  2088    100.22450      1.60322    257.70070      0.63598
  2108    129.51460      1.65881    258.12120      0.53674
  2128    171.37330      1.72308    255.11170      0.52105
  2148    230.01100      1.87499    250.43640      0.51272
  2168    272.49000      2.00189    241.98580      0.51880
  2188    356.69250      2.14845    233.46050      0.46833
  2208    445.78210      2.18918    221.42950      0.35881
  2228    474.82190      2.18937    218.45700      0.32101
  2248    482.53850      2.19012    220.41420      0.32266
  2268    456.42080      2.21071    222.85780      0.35691
  2288    419.30380      2.21615    226.16420      0.39217
  2308    385.75490      2.21260    229.20500      0.43521
  2328    377.69450      2.20526    229.17520      0.48695
  2346    328.14780      2.16553    233.69430      0.50197
  2366    341.75690      2.15255    234.38440      0.47587
  2387    343.01410      2.19059    237.29200      0.46756
  2406    273.32750      2.08774    242.48930      0.50350
  2426    198.53120      1.92832    236.63590      0.65394
  2446    150.87600      1.85071    219.68800      0.74654
  2467    196.63710      1.98776    200.95180      0.71743
  2487    340.89780      2.25175    182.97210      0.58747
  2506    496.55360      2.24758    163.25020      0.28025
  2526    554.49300      2.15782    158.51910      0.18600
  2546    573.71340      2.11000    158.47240      0.18591
  2566    602.38730      1.99258    163.66890      0.20194
  2586    599.36560      1.99992    176.88860      0.25712
  2606    574.66760      2.12273    196.07900      0.28072
  2626    513.08510      2.25054    215.30650      0.23871
  2647    460.48940      2.29310    221.72210      0.26723
  2667    494.76000      2.26387    223.93910      0.27049
  2687    545.91170      2.17625    228.31070      0.26485
  2707    436.88450      2.30016    235.86740      0.31161
  2727    341.11430      2.28121    240.03650      0.35247
  2747    351.06230      2.29039    239.19820      0.33245
  2767    450.48760      2.31102    225.41120      0.38042
  2787    532.21470      2.25858    198.36960      0.39416
  2807    564.42850      2.23340    184.07260      0.34170
  2828    566.08280      2.23699    178.65270      0.32555
  2847    549.11270      2.25863    187.18410      0.31615
  2867    583.08810      2.20541    171.69130      0.27358
  2887    593.98690      2.18578    163.15580      0.21521
  2907    557.04750      2.28572    168.58360      0.30668
  2927    500.47250      2.34064    201.13010      0.43670
  2947    530.43370      2.29494    221.35950      0.34166
  2967    509.43730      2.31552    228.51540      0.31977
  2988    347.81860      2.29101    245.09120      0.34985
  3008    260.47090      2.14270    250.19880      0.32750
  3028    345.73630      2.32465    243.22860      0.34199
  3048    306.79130      2.24682    248.66830      0.33780
  3069    264.22650      2.15383    256.57600      0.38166
  3088    359.75280      2.33215    250.88760      0.35033
  3108    471.82650      2.37313    244.43790      0.31803
  3128    375.87340      2.34960    254.28970      0.35684
  3149    291.78800      2.20595    262.69760      0.35403
  3166    315.03760      2.27091    256.50450      0.37942
  3186    335.32820      2.30499    251.22140      0.36406
  3206    379.69990      2.37800    242.63480      0.34227
  3227    397.26110      2.39999    243.78670      0.34857
  3247    395.86000      2.35824    243.72120      0.36389
  3270    353.84020      2.34622    245.37250      0.41973
  3290    355.45720      2.33809    236.42020      0.49466
  3310    320.55910      2.29742    232.09170      0.56337
  3330    298.82250      2.29353    218.51080      0.62547
  3350    259.78810      2.17949    229.46980      0.66457
  3370    249.14440      2.15685    247.84290      0.64980
  3390    248.93550      2.12800    256.17900      0.58205
  3410    277.09400      2.23161    244.74810      0.58923
  3430    280.74370      2.23108    244.57950      0.62749
  3450    265.61280      2.18235    252.81750      0.58018
  3470    272.93700      2.22079    260.23990      0.43078
  3490    284.72690      2.26005    268.74390      0.41654
  3510    217.30170      2.07326    274.67480      0.42613
  3530    113.82590      1.74462    274.40980      0.53759
  3550     94.74902      1.68453    272.37710      0.66235
  3570     97.30046      1.71024    273.03030      0.63497
  3590     98.32722      1.70268    273.72580      0.65142
  3610    105.97040      1.78408    273.12740      0.64122
  3630    133.04000      1.90090    274.98090      0.49903
  3650    232.92770      2.15125    271.45540      0.39165
  3670    290.62100      2.29381    265.59350      0.35622
  3690    237.56790      2.13158    270.38890      0.35677
  3710    216.88800      2.05929    283.45430      0.41226
  3730    220.21930      2.05612    285.76570      0.38175
  3750    220.39180      2.06993    282.89720      0.48183
  3771    241.37190      2.13599    273.72980      0.61859
  3790    275.06470      2.24734    255.18980      0.68118
  3810    294.58080      2.30678    237.44960      0.72070
  3830    289.99830      2.30247    220.86500      0.72191
  3850    312.79490      2.36015    209.97950      0.72395
  3870    320.27080      2.38885    203.37190      0.71291
  3890    323.28360      2.38285    197.77000      0.71103
  3910    320.89990      2.39358    204.66050      0.75454
  3930    306.54710      2.35282    198.35690      0.70819
  3949    307.60370      2.35871    174.80260      0.63926
  3970    318.96210      2.38674    177.75440      0.56536
  3990    358.79250      2.47464    166.50370      0.51285
  4009    390.27310      2.51510    178.02900      0.51835
  4029    396.18120      2.52667    169.77370      0.49782
  4049    401.91280      2.52820    166.18490      0.50871
  4069    465.40710      2.56560    167.82170      0.47858
  4089    502.26550      2.55628    166.50490      0.40121
  4109    464.36540      2.56481    168.36600      0.40216
  4128    419.71060      2.54653    163.19810      0.37606
  4148    406.42910      2.54884    184.21120      0.43159
  4168    395.52840      2.53890    190.08820      0.46758
  4188    346.68300      2.48211    196.34810      0.61573
  4208    324.59620      2.43918    195.79100      0.68722
  4228    342.75180      2.46518    187.10140      0.69680
  4247    374.60660      2.51175    190.99020      0.67174
  4267    362.83500      2.50669    195.46050      0.71412
  4287    364.77720      2.51474    191.25760      0.69764
  4307    387.74470      2.54390    178.49610      0.64719
  4327    437.07570      2.57872    168.91310      0.53344
  4347    479.56800      2.59747    158.55560      0.45449
  4367    556.52530      2.56440    150.78970      0.35540
  4387    641.36300      2.46655    142.11990      0.24844
  4407    680.59090      2.35688    138.44020      0.19799
  4427    693.20680      2.30917    137.89540      0.18665
  4447    721.35180      2.18226    143.35490      0.18816
  4467    752.54040      2.10368    148.01040      0.20093
  4487    778.85850      1.95708    152.05470      0.19423
  4507    796.74440      1.88316    156.06790      0.19719
  4527    771.83260      2.03735    156.75310      0.19110
  4547    699.58280      2.31559    157.65690      0.22378
  4567    677.37000      2.35941    150.57670      0.22657
  4587    688.64230      2.34061    145.98190      0.19716
  4607    742.52380      2.08616    146.35020      0.17183
  4626    731.32170      2.14693    148.92600      0.17081
  4646    779.76610      1.98042    156.65910      0.19846
  4666    836.16900      1.64845    165.98870      0.19015
  4685    848.53770      1.51762    163.71960      0.18938
  4705    843.88400      1.46353    167.38330      0.18737
  4725    828.88210      1.63825    177.03590      0.23410
  4745    797.20000      1.91616    193.78520      0.28405
  4765    729.94780      2.17912    212.33360      0.28198
  4785    623.92940      2.47580    228.74770      0.45417
  4805    482.02000      2.59468    247.72360      0.60645
  4828    439.43570      2.56565    250.20410      0.68208
  4847    423.63780      2.58469    247.76080      0.68535
  4867    408.14920      2.56385    256.16420      0.73627
  4886    345.00900      2.40382    282.48300      0.73782
  4906    333.95050      2.41665    289.20590      0.67895
  4926    296.82980      2.37075    293.43870      0.72384
  4946    245.64610      2.21075    302.87340      0.64475
  4966    253.07680      2.21767    305.11010      0.68599
  4986    268.13520      2.25589    306.01570      0.70972
