   847    318.12780      2.41937    266.50860      0.70523
   875    335.49100      2.44628    237.56380      0.77672
   913    316.29370      2.40306    248.39120      0.83160
   952    690.68460      2.45953    202.59850      0.54160
   991    517.60270      2.70025    226.90620      0.39208
  1030    572.74010      2.65599    221.92120      0.57591
  1056    286.98510      2.34748    256.35430      0.75416
  1095    250.19680      2.23530    262.64570      0.76518
  1133    260.55830      2.28253    258.42330      0.76178
  1170    336.77270      2.50352    263.23530      0.60271
  1210    385.71520      2.58372    262.75440      0.54049
  1249    292.36030      2.42879    250.52130      0.73648
  1288    400.61730      2.62912    244.51160      0.69445
  1327    231.55830      2.22233    250.01730      0.72409
  1367    525.06070      2.66223    236.39860      0.44831
  1406    443.93190      2.67322    229.41040      0.56409
  1445    835.21310      1.55239    132.29460      0.22131
  1505    435.04150      2.65624    215.88460      0.69441
  1544    598.12960      2.66904    153.07540      0.30278
  1582    497.10420      2.65178    205.27770      0.52798
  1621    556.80860      2.63301    192.65520      0.63963
  1655    305.77490      2.41711    222.77630      0.71796
  1688    647.11900      2.57255    183.91580      0.41596
  1727    844.39320      1.43269    176.67960      0.25507
  1766    808.02750      1.75922    167.44570      0.24903
  1805    865.11550      1.27114    140.53430      0.20816
  1844    673.49550      2.46497    160.96130      0.24314
  1882    525.17990      2.71956    114.28120      0.32025
  1921    680.05020      2.54336    113.47010      0.14877
  1961    542.53010      2.70523    131.18690      0.39445
  2000    452.13240      2.67063    207.57150      0.63655
  2039    560.64790      2.63747    198.22100      0.53483
  2078    833.38930      1.40882    182.00350      0.41887
  2117    792.93550      1.79825    203.07870      0.31261
  2161    530.51510      2.68859    206.32190      0.35216
  2200    416.53520      2.62057    215.84370      0.42488
  2239    359.54060      2.55082    223.00570      0.49294
  2278    368.94380      2.53805    222.82550      0.55650
  2317    455.47520      2.65680    212.03100      0.47855
  2358    409.53350      2.54032    237.51280      0.49251
  2397    314.17290      2.38881    261.35270      0.42850
  2435    512.47700      2.52824    257.91090      0.32967
