  2512    320.87980      2.27629    283.70720      0.39693
  2553    233.49900      2.05779    288.33010      0.42729
  2593    191.62070      1.90981    292.45420      0.46733
  2632    251.38680      2.10734    290.38990      0.45711
  2671    223.49560      2.00427    291.03410      0.56352
  2710    192.32110      1.88234    297.00670      0.51765
  2749    290.27020      2.22897    292.50700      0.51030
  2788    320.67870      2.28289    298.57280      0.47467
  2827    309.69510      2.27248    297.30360      0.50618
  2866    266.69670      2.17597    301.33020      0.49769
  2905    210.81980      1.96126    299.56940      0.53341
  2944    294.29630      2.23250    256.39390      0.68491
  2983    402.12210      2.47649    222.50940      0.66077
  3022    610.89270      2.43959    104.82600      0.15163
  3060    812.63270      1.68350    101.62730      0.12377
  3099    835.03230      1.45436     99.73107      0.11497
  3137    568.55410      2.52731    104.72680      0.32499
  3175    197.22120      1.97122    278.45490      0.70533
  3213    868.54880      0.86781    100.34280      0.09932
  3252    411.13810      2.53626    177.79750      0.91786
  3274    194.60330      1.97374    306.71700      0.49635
  3313    197.57690      1.98388    303.97470      0.58841
