   159    395.45340      2.02396    145.16810      0.35042
   170    397.30420      2.01714    149.40610      0.35464
   190    400.11470      2.00999    152.20240      0.36072
   211    396.29910      2.00290    147.08780      0.39725
   231    413.04680      1.98936    147.06400      0.32542
   251    428.92920      1.96851    148.70060      0.31793
   271    455.97800      1.93354    128.65930      0.21679
   291    466.95270      1.89886    146.24910      0.22510
   311    489.83510      1.84245    131.64570      0.20413
   331    499.22040      1.82849    124.27860      0.18431
   350    492.16290      1.83729    134.73430      0.24532
   370    463.97720      1.87935    138.29580      0.27812
   389    449.35590      1.88833    143.55610      0.31062
   409    449.43590      1.89473    124.95170      0.26896
   429    434.88190      1.90081    145.07200      0.37885
   448    385.24260      1.93670    153.02320      0.47880
   469    318.87980      1.91929    175.16250      0.56854
   489    299.84260      1.89582    169.39200      0.56881
   509    284.84810      1.88047    176.04390      0.56344
   530    267.04180      1.85638    173.30470      0.55884
   550    233.02460      1.80697    191.83810      0.57256
   570    264.22370      1.84857    193.24620      0.53137
   590    286.75160      1.85821    178.12920      0.47001
   610    271.20890      1.83430    169.43110      0.46496
   630    236.90710      1.78602    195.87010      0.57594
   651    219.37200      1.74609    201.33840      0.59525
   671    203.17390      1.70744    201.12500      0.58005
   692    183.40880      1.66410    202.99450      0.48155
   713    147.45270      1.53210    233.59500      0.50535
   732    124.41120      1.39667    249.03050      0.50040
   746    123.94110      1.42560    243.29920      0.50447
   766    152.85480      1.52483    240.47230      0.62635
   786    195.82590      1.64432    214.30430      0.75528
   806    230.56190      1.72801    193.84370      0.76993
   826    251.85000      1.76859    178.92050      0.76674
   847    238.76500      1.74776    183.04600      0.79257
   867    234.58510      1.72724    180.68820      0.78032
   887    204.04810      1.65610    193.08760      0.77519
   909    186.97090      1.60847    201.87150      0.78834
   929    166.58080      1.55206    214.88120      0.85538
   950    165.60630      1.54684    214.46570      0.85127
   970    159.63380      1.54323    223.86270      0.81762
   990    149.46210      1.46285    235.81040      0.78549
  1010    138.44870      1.42505    251.07070      0.78187
  1030    140.18360      1.45101    256.75920      0.73827
  1049    139.38620      1.45936    261.67570      0.73322
  1069    129.78060      1.40536    266.64140      0.68313
  1089    124.18970      1.38945    273.44240      0.61207
  1109    126.69910      1.39801    272.60090      0.62502
  1129    131.27710      1.39415    264.01520      0.65613
  1149    140.96490      1.43744    249.02580      0.61889
  1169    153.43060      1.46157    217.59460      0.51986
  1189    159.87520      1.47813    226.16260      0.56303
  1209    171.73550      1.52527    221.74110      0.55628
  1229    185.28260      1.56550    223.95610      0.53871
  1249    195.28170      1.58315    216.47420      0.46971
  1270    192.79150      1.57726    223.28780      0.50463
  1290    178.58350      1.53127    227.01700      0.57404
  1310    186.26980      1.54323    223.50050      0.63909
  1330    227.70380      1.60943    231.84130      0.57261
  1350    294.43400      1.61245    238.28970      0.53022
  1370    323.10270      1.57279    253.86560      0.38805
  1398    312.53920      1.56726    259.85770      0.30433
  1416    324.33140      1.54687    241.33620      0.27132
  1436    273.50950      1.58951    254.92320      0.29756
  1456    231.20440      1.56805    265.21670      0.31199
  1476    212.36930      1.54491    261.87000      0.32594
  1496    215.77910      1.54512    269.28160      0.30742
  1516    183.92170      1.48488    270.74610      0.33839
  1536    135.67960      1.35628    279.37700      0.31549
  1556    106.50720      1.24879    279.81150      0.35098
  1576    105.15400      1.23718    276.10970      0.32042
  1596    101.19910      1.20368    280.50290      0.34906
  1616     98.20298      1.19408    276.36300      0.32621
  1636    100.56240      1.19465    279.57810      0.35658
  1656     99.36430      1.20251    275.77010      0.36045
  1676    100.98980      1.17778    274.62100      0.37136
  1696     96.30762      1.15515    268.55430      0.35055
  1716     93.15565      1.14925    265.92410      0.33532
  1736     92.16366      1.15319    264.61610      0.35399
  1756     88.29617      1.12855    260.00390      0.32755
  1776     84.94607      1.08693    254.60900      0.32067
  1796     88.03722      1.10784    258.80310      0.32352
  1817     83.05943      1.07629    266.11600      0.33669
  1836     84.00274      1.10348    269.05740      0.34311
  1858     80.48149      1.08093    263.75200      0.33411
  1878     76.24586      1.01905    261.32670      0.31573
  1897     76.46048      1.01817    262.39070      0.33294
  1918     75.33424      1.04379    253.76240      0.32366
  1938     80.05827      1.06306    258.44670      0.32567
  1958     78.06693      1.05031    251.45870      0.29332
  1978     76.12420      1.03143    256.81740      0.32599
  1998     78.98441      1.05101    255.45450      0.31283
  2017    105.35520      1.14167    252.99540      0.29446
  2038    224.01390      1.35963    245.56680      0.29921
  2058    305.52050      1.31657    241.25320      0.27438
  2078    318.45830      1.26424    240.80400      0.26493
  2098    325.08910      1.23430    240.40640      0.24268
  2118    312.59720      1.24615    243.09080      0.25224
  2140    324.63400      1.21320    240.49950      0.25157
  2160    312.80460      1.22631    241.38990      0.24562
  2180    319.13280      1.21120    241.38760      0.26944
  2218    318.03590      1.18866    239.46020      0.27685
  2235    332.45990      1.19298    231.36350      0.24679
  2255    313.33960      1.20504    235.92770      0.26349
  2286    323.11050      1.17764    232.19100      0.24920
  2336    342.16100      1.09447    227.59890      0.27240
  2357    341.07870      1.07933    227.63850      0.23669
  2370    327.47680      1.11049    229.60410      0.25157
  2391    305.27090      1.13766    231.48520      0.27405
  2409    311.76910      1.10536    231.03710      0.26586
  2432    298.27100      1.13466    231.62390      0.26928
  2453    308.99360      1.10550    223.64410      0.24512
  2480    293.75340      1.10924    229.69600      0.25717
  2525    306.16980      1.06960    220.38710      0.29487
  2545    303.73860      1.04366    219.59610      0.29065
  2565    323.14430      1.00277    208.20610      0.28247
  2585    332.86230      0.91767    213.46660      0.25180
  2605    340.60000      0.88808    201.15180      0.29029
  2625    335.35640      0.89167    194.06450      0.32195
  2644    334.10320      0.89299    180.74820      0.33233
  2666    329.62500      0.88647    171.60740      0.30423
  2687    330.08230      0.89365    166.00260      0.27244
  2708    349.15610      0.81958    154.43900      0.23013
  2728    370.21840      0.67749    159.41250      0.22053
  2749    377.41410      0.61174    155.22000      0.21327
  2769    367.79630      0.60516    165.06940      0.24486
  2791    364.03150      0.58421    156.87410      0.24015
  2811    362.77040      0.60708    148.97010      0.22298
  2831    359.11750      0.61879    140.09800      0.21872
  2851    355.56660      0.62143    144.25800      0.22605
  2871    359.99700      0.54543    135.57040      0.19849
  2893    359.96250      0.53823    133.69870      0.18840
  2913    352.11850      0.52345    146.73790      0.22387
  2934    352.55050      0.51318    141.74700      0.23087
  2954    349.60630      0.51126    150.45640      0.24391
  2975    350.27330      0.46637    150.83970      0.24033
  2995    344.01680      0.47260    157.38140      0.24051
  3015    342.46930      0.46029    151.08300      0.19987
  3035    336.04100      0.47546    154.32470      0.20620
  3055    333.27930      0.51122    146.18230      0.19724
  3075    329.29270      0.51080    148.03760      0.20435
  3095    329.70480      0.47164    149.02670      0.20675
  3115    327.64220      0.47774    146.83550      0.20245
  3135    327.65910      0.44718    142.68920      0.19189
  3156    324.95060      0.43394    142.34540      0.19173
  3176    322.82480      0.41510    140.14720      0.18105
  3196    318.67080      0.42939    139.42850      0.17453
  3217    314.91120      0.42521    142.67240      0.19182
  3237    311.93620      0.39593    150.34800      0.20244
  3257    308.37990      0.38336    156.36500      0.19776
  3277    304.39520      0.41277    156.43250      0.18901
  3297    301.88480      0.39111    158.28040      0.19500
  3317    299.19240      0.37331    163.63930      0.20640
  3337    295.92020      0.37314    169.55560      0.20214
  3358    291.49650      0.40058    167.59480      0.21270
  3378    290.57120      0.39362    162.65760      0.21726
  3398    290.83110      0.39217    156.35680      0.17345
  3418    289.67830      0.36361    155.31170      0.17639
  3438    288.24250      0.35160    154.59230      0.18506
  3458    285.16730      0.34497    154.39590      0.18860
  3479    280.54910      0.35320    155.08730      0.18063
  3500    276.82300      0.35227    158.46610      0.18297
  3520    272.97530      0.35249    157.55610      0.19079
  3541    270.10830      0.34474    157.18380      0.19849
  3558    264.53840      0.38707    159.07650      0.21528
  3579    255.24200      0.40980    168.48690      0.25087
  3599    247.75870      0.42891    179.47950      0.21738
  3619    241.17300      0.45194    178.15280      0.21096
  3639    233.11100      0.49282    178.62370      0.21385
  3659    224.73130      0.52239    177.27480      0.22387
  3679    216.65760      0.55771    179.09780      0.21834
  3699    208.50720      0.57521    180.92450      0.21408
  3721    194.02750      0.62181    176.29350      0.22643
  3741    165.69020      0.67071    183.50910      0.34946
  3761    131.07930      0.69452    198.38600      0.45539
  3781    116.88990      0.68888    202.03150      0.47829
  3801    119.62960      0.68045    201.72980      0.49170
  3821    112.15240      0.67087    202.81500      0.52200
  3841     99.93743      0.65992    204.91360      0.55610
  3863     96.47107      0.64824    203.29010      0.58877
  3883     86.12891      0.63134    208.18150      0.59052
  3904     65.31855      0.60049    220.15720      0.57869
  3924     61.01374      0.58257    227.86230      0.57149
  3944     70.36031      0.59024    229.72370      0.54109
  3963     63.82391      0.57508    229.74040      0.52336
  3984     59.06030      0.56278    225.21480      0.56379
  4006     85.22058      0.58115    224.52030      0.48761
  4026     99.23289      0.58037    223.18630      0.44716
  4047    126.28170      0.56349    210.62630      0.45653
  4069    139.08800      0.53475    206.38980      0.39940
  4089    145.56840      0.50803    202.84870      0.36247
  4109    127.54800      0.52194    209.54790      0.40401
  4129     95.39039      0.53517    219.08420      0.46525
  4149     97.86117      0.52611    219.68830      0.43827
  4169    105.04670      0.51253    216.74920      0.41250
  4189    115.83480      0.49250    211.55780      0.36894
  4209    124.87920      0.47143    200.52290      0.34576
  4230    129.93840      0.45728    188.01000      0.37485
  4251    128.39650      0.44812    180.94440      0.38884
  4271    118.33000      0.46103    186.32800      0.43195
  4291     90.87623      0.47277    202.33140      0.51023
  4311     55.75261      0.44964    212.76970      0.58416
  4332     43.48622      0.42676    218.44790      0.56938
  4352     40.78575      0.41249    219.92870      0.59580
  4373     58.49263      0.42498    221.22020      0.50067
  4394     66.27374      0.42055    221.33010      0.47911
  4416     57.33286      0.40805    223.83190      0.52496
  4439     63.68039      0.40319    224.03540      0.48618
  4461     79.57493      0.39173    222.20030      0.42178
  4481     68.92442      0.38577    222.60940      0.46338
  4502     94.91171      0.35387    218.11020      0.27895
  4523     92.87862      0.34329    216.07460      0.33119
  4543     94.43533      0.32110    208.80110      0.34344
  4563     89.13686      0.31882    211.63560      0.33440
  4583     78.96322      0.33315    218.01610      0.36997
  4603     63.72981      0.33498    220.48100      0.46243
  4624     63.55547      0.32425    221.26230      0.45514
  4645     69.28410      0.30979    222.82090      0.34794
  4664     68.28581      0.29909    222.71920      0.34612
  4685     67.18505      0.29286    223.45010      0.32650
  4705     72.33901      0.27578    208.35010      0.36216
  4727     85.89465      0.24782    182.69050      0.25014
  4747     80.17522      0.25099    182.85630      0.27929
  4768     68.73056      0.26166    194.96170      0.38829
  4789     47.24665      0.26289    210.18000      0.51204
  4810     38.22654      0.25199    214.91260      0.51693
  4830     58.99556      0.23285    208.39770      0.40965
  4851     69.43384      0.19327    195.31930      0.35557
  4871     69.87962      0.17212    187.39900      0.31601
  4891     65.22547      0.17557    181.59830      0.30022
  4912     63.69994      0.16619    173.86160      0.24476
  4932     66.80712      0.13571    168.30400      0.17385
  4952     66.51199      0.11755    164.05000      0.16781
  4973     62.36872      0.12060    161.34050      0.16123
  4993     58.19352      0.12285    161.39340      0.17440
