   851    324.04370      2.42921    266.89800      0.64629
   879    342.31000      2.48288    236.26980      0.79124
   917    358.96730      2.52289    240.35930      0.74463
   956    766.53270      2.12039    202.36400      0.54307
   996    489.33360      2.69199    229.94530      0.43859
  1034    447.36560      2.66320    231.47860      0.66563
  1075    261.30260      2.26676    253.36160      0.82048
  1116    247.20150      2.21588    255.32110      0.77021
  1156    300.13150      2.41149    261.93220      0.65363
  1195    356.20790      2.56894    262.75680      0.58252
  1236    382.15960      2.59526    251.11210      0.66916
  1273    280.25460      2.39303    259.29620      0.67857
  1314    357.56310      2.57839    231.49030      0.67772
  1352    377.13710      2.61391    244.57810      0.46413
  1391    385.83480      2.62681    235.49160      0.48887
  1431    502.64260      2.68368    188.90680      0.55970
  1470    355.93540      2.59300    219.90260      0.66631
  1506    437.16440      2.65601    218.56750      0.69645
  1545    606.81790      2.64443    152.81540      0.31409
  1584    550.25910      2.61219    202.80480      0.50230
  1623    532.39810      2.65740    192.02730      0.65815
  1662    348.42050      2.53039    227.06350      0.70013
  1703    664.06460      2.45853    195.69700      0.25902
  1740    698.15620      2.30616    187.23840      0.28090
  1779    754.78150      2.02761    180.90990      0.26560
  1811    860.08110      1.42623    137.96430      0.19917
  1856    608.66740      2.59563    170.41620      0.27976
  1895    494.33510      2.71425    122.38750      0.43393
  1933    668.70790      2.55040    117.38860      0.19303
  1972    709.19210      2.45007    125.45010      0.18037
  2011    651.47720      2.47658    190.37080      0.57382
  2050    767.27030      2.00393    189.84990      0.45173
  2089    808.09410      1.71897    164.29010      0.40464
  2127    671.91550      2.41713    217.50900      0.28829
  2166    495.00620      2.68202    214.74180      0.32216
  2205    415.00250      2.62446    215.65410      0.42753
  2244    422.20400      2.64268    212.78920      0.44025
  2283    355.37980      2.52721    222.68160      0.55422
  2322    463.63360      2.63959    216.31290      0.47748
  2362    395.58460      2.59666    242.42090      0.51441
  2401    393.37270      2.48502    259.27790      0.41290
  2440    509.39730      2.52109    257.48550      0.34406
