   157    163.38000      1.48145    221.89600      0.60927
   187    166.00550      1.50627    225.21120      0.58600
   208    126.25230      1.41268    222.70150      0.60566
   224    114.59600      1.37409    219.40390      0.59179
   244    149.24260      1.48366    207.28870      0.58111
   264    185.11100      1.56694    205.07880      0.54196
   284    244.23000      1.64506    204.72610      0.50892
   304    292.34010      1.66469    209.75190      0.47041
   321    324.93780      1.65966    211.90020      0.44121
   340    328.24480      1.66667    211.82290      0.46003
   360    362.53560      1.63592    210.10990      0.46880
   380    395.45970      1.60640    208.19700      0.47425
   400    412.10150      1.58836    205.48690      0.48163
   420    399.47900      1.63317    204.00320      0.49366
   440    398.71580      1.63616    202.32540      0.52405
   460    402.70170      1.64180    200.74720      0.52451
   479    402.31480      1.64809    199.21550      0.52648
   499    388.11420      1.67982    195.07470      0.52457
   519    374.87250      1.70788    192.83340      0.52498
   540    352.30770      1.73201    197.02150      0.54461
   559    318.84990      1.75173    204.78890      0.54592
   579    238.91290      1.71728    211.82090      0.58592
   599    167.09460      1.58942    221.76210      0.62173
   619    108.65220      1.43172    227.13360      0.67191
   639    103.75360      1.40771    233.32470      0.66899
   659     99.93554      1.40920    237.97360      0.65703
   679     97.15384      1.37358    239.58890      0.62289
   699    106.27380      1.44780    233.38580      0.59154
   719    119.19210      1.48133    225.39070      0.60623
   739    121.80120      1.49288    225.17740      0.61366
   759    114.42460      1.47673    225.04260      0.64083
   778    102.43230      1.43770    228.07180      0.67896
   797     92.34834      1.38616    233.53970      0.66224
   817     91.67393      1.39298    236.73740      0.66383
   837     93.82657      1.40128    238.00980      0.62559
   857    115.73550      1.49317    236.75600      0.58770
   878    132.20660      1.54976    236.35100      0.55546
   896    124.94800      1.51292    236.90400      0.55335
   917    125.00760      1.54858    235.95790      0.57573
   936    105.60010      1.46931    232.17850      0.61251
   956    106.48900      1.47638    228.29620      0.61810
   976    110.17840      1.49669    225.80090      0.64919
   996    103.42440      1.46602    227.57920      0.67063
  1016    102.62290      1.46781    234.83870      0.63049
  1036     92.32553      1.46050    240.04640      0.61926
  1056     84.80776      1.41649    241.47980      0.59925
  1076     83.30161      1.39118    241.57690      0.58475
  1096     83.64227      1.41591    240.38600      0.59956
  1116     84.32097      1.42720    241.55320      0.57086
  1136     82.34565      1.39701    241.97640      0.58798
  1156     86.27900      1.44303    243.89460      0.58756
  1172     83.71345      1.39739    244.17730      0.57813
  1191    103.64020      1.48138    248.69920      0.53914
  1211    130.94160      1.60198    248.25920      0.51113
  1231    104.73880      1.50572    246.71130      0.56225
  1251    152.36390      1.68032    249.24100      0.50543
  1271    138.81990      1.63030    249.67380      0.47178
  1291     85.28621      1.42289    246.83060      0.57990
  1311     85.10478      1.41577    245.51080      0.59681
  1331     87.84470      1.45630    247.39290      0.59667
  1351     85.43034      1.42977    245.24360      0.61352
  1371     85.97506      1.45684    245.76650      0.62544
  1391     86.39687      1.44670    245.73430      0.63643
  1411     84.13417      1.44573    245.79580      0.61852
  1431     84.74680      1.46056    247.17360      0.60607
  1451     87.56229      1.43972    246.43980      0.61657
  1471     90.49789      1.48431    246.35370      0.62040
  1491     85.88234      1.46929    245.47080      0.63234
  1511     84.82110      1.46812    246.30100      0.61905
  1531     92.80568      1.52796    246.91950      0.61761
  1551     88.78495      1.49538    247.36900      0.65407
  1571     86.49514      1.48423    249.11430      0.64163
  1589     88.65077      1.48026    249.52730      0.65466
  1609     89.34298      1.48611    250.67910      0.64105
  1629     88.46160      1.49220    251.71300      0.66036
  1649     91.29926      1.52556    252.01880      0.70071
  1668     85.16915      1.47449    252.42440      0.68409
  1688     89.03663      1.51693    254.43740      0.67142
  1708     90.70504      1.52431    255.49210      0.65930
  1728    108.83800      1.59046    263.28630      0.55245
  1748    160.14440      1.65260    268.98460      0.36141
  1768    175.99980      1.63997    268.92780      0.36046
  1788    179.62810      1.62276    268.94400      0.34925
  1808    188.17840      1.65721    269.58630      0.32202
  1828    185.72530      1.65699    267.74170      0.33811
  1847    180.06100      1.62879    269.41380      0.35754
  1867    168.50650      1.65220    268.76700      0.37222
  1886    162.25160      1.69712    268.98470      0.38056
  1906    171.89960      1.65925    265.12450      0.35358
  1926    183.20920      1.69811    264.46920      0.38226
  1946    177.21570      1.68735    268.29100      0.37878
  1966    123.36240      1.60248    262.16520      0.55647
  1986     90.74550      1.55437    256.19140      0.67601
  2006     90.94048      1.53828    253.27100      0.69286
  2026     92.38031      1.57885    254.21130      0.67404
  2046     90.51366      1.57019    253.81660      0.69198
  2066     90.62785      1.54516    254.61570      0.66981
  2086     94.74120      1.57890    257.08130      0.63704
  2106    131.95690      1.65547    256.88140      0.60077
  2126    166.44490      1.69852    255.44470      0.51451
  2146    221.33610      1.83933    250.30240      0.53052
  2166    262.39830      1.98382    244.26660      0.53939
  2186    358.13650      2.15827    232.23940      0.47014
  2206    437.21030      2.18823    223.12250      0.37589
  2226    474.92150      2.18799    218.23290      0.34693
  2246    482.05260      2.19066    219.48560      0.31483
  2266    463.50020      2.20500    222.28410      0.34925
  2286    421.12440      2.21785    227.19160      0.37681
  2306    390.18880      2.21662    228.83520      0.45074
  2326    373.37440      2.19666    230.39840      0.47141
  2347    323.82150      2.16098    233.54300      0.51803
  2367    341.21260      2.15184    234.66360      0.47480
  2385    340.60080      2.17595    237.39570      0.47106
  2404    289.86210      2.12724    241.91900      0.48269
  2424    200.53130      1.94381    237.93740      0.64719
  2444    153.23980      1.84621    219.59670      0.75502
  2464    180.15010      1.94132    203.47840      0.73331
  2484    320.74680      2.24027    186.99360      0.62102
  2504    483.13840      2.26397    164.26280      0.28287
  2524    558.60310      2.14437    158.55550      0.19896
  2544    568.63000      2.13603    158.04180      0.18124
  2564    596.36320      2.03088    162.84640      0.19923
  2584    597.92060      2.01600    175.10290      0.23913
  2604    579.45380      2.11197    194.70810      0.27860
  2621    526.99050      2.22905    211.48190      0.23771
  2641    466.94990      2.29082    219.52190      0.26342
  2660    463.82530      2.29526    225.05050      0.26068
  2680    541.04280      2.20137    225.90960      0.26775
  2700    489.48750      2.25964    233.40610      0.28232
  2720    363.18810      2.29360    240.08350      0.33414
  2740    316.31560      2.24660    240.83890      0.34441
  2760    415.71350      2.31434    232.48950      0.35609
  2779    494.00420      2.30034    209.12020      0.42103
  2800    560.95800      2.22871    191.61900      0.35351
  2820    563.74890      2.22035    187.74940      0.36200
  2840    558.92560      2.23011    190.91430      0.33810
  2860    577.05970      2.22637    172.33690      0.29064
  2880    588.29380      2.19919    168.22640      0.24905
  2900    591.13360      2.20652    149.75320      0.21093
  2920    497.05980      2.34953    192.16930      0.43048
  2940    525.18620      2.30332    214.96520      0.37945
  2962    527.27920      2.28997    225.81950      0.30271
  2984    376.95050      2.33163    242.36710      0.33965
  3002    288.55080      2.19226    249.27270      0.35688
  3022    322.04630      2.28570    238.96080      0.31211
  3041    351.63530      2.31258    246.01700      0.34624
  3061    272.69910      2.17062    254.62790      0.33852
  3080    309.12150      2.26518    254.08390      0.34758
  3100    417.39610      2.37188    246.37040      0.32841
  3120    457.84740      2.37828    246.02310      0.30995
  3140    325.32170      2.27499    259.03730      0.37227
  3159    317.27220      2.28225    259.24010      0.36607
  3176    308.15730      2.23526    254.93540      0.35336
  3195    362.29400      2.34905    247.76150      0.35096
  3215    392.68330      2.38647    243.75730      0.33161
  3235    388.84860      2.38386    244.16340      0.35236
  3255    382.87080      2.37889    244.25350      0.36647
  3269    350.82110      2.33880    245.17610      0.41650
  3289    356.32450      2.35614    236.37880      0.49442
  3308    321.26750      2.30966    232.27350      0.54665
  3328    305.21470      2.30659    219.14580      0.61433
  3348    261.76140      2.20194    230.40580      0.65317
  3368    248.21150      2.14724    244.79970      0.66383
  3388    247.31860      2.14642    257.53140      0.57492
  3408    273.35910      2.21456    247.50300      0.58859
  3428    282.63880      2.24312    241.95980      0.63451
  3448    268.90120      2.21442    252.38080      0.58849
  3468    277.06700      2.24694    261.47260      0.46356
  3488    281.50810      2.24312    268.30120      0.42057
  3507    236.64680      2.13160    274.75000      0.40507
  3527    129.14140      1.75472    275.37730      0.50749
  3547     95.60472      1.70649    273.44360      0.64107
  3567     95.59973      1.70267    271.41170      0.65942
  3585     99.25879      1.72558    274.56150      0.63395
  3605    102.54860      1.75392    273.75270      0.63064
  3625    113.37400      1.81000    274.78030      0.54007
  3645    213.08740      2.12591    272.11010      0.43094
  3665    284.38490      2.26362    261.89680      0.34179
  3685    241.62520      2.15528    274.70380      0.41247
  3704    215.36420      2.06305    283.09590      0.38305
  3724    214.93510      2.04472    282.85480      0.39038
  3744    215.70600      2.06507    286.61760      0.44122
  3764    231.61970      2.12122    278.17480      0.55512
  3784    264.26350      2.22324    259.68280      0.66711
  3804    284.90640      2.29415    240.93810      0.72423
  3824    293.11890      2.29468    225.07680      0.71148
  3843    312.33150      2.37878    208.06700      0.71578
  3863    313.68640      2.37195    207.53170      0.72713
  3883    328.92290      2.38857    199.68830      0.70558
  3903    310.23260      2.35555    206.19430      0.75611
  3923    311.00810      2.37792    199.43980      0.72578
  3944    318.79440      2.39229    180.95700      0.64678
  3964    314.51320      2.37749    176.88470      0.60240
  3984    346.86220      2.45564    170.98730      0.51254
  4003    381.00490      2.50837    166.09830      0.48543
  4023    392.48050      2.52312    177.29740      0.50679
  4043    391.20230      2.51555    165.34580      0.50313
  4063    448.70560      2.56218    165.62390      0.46668
  4083    494.02020      2.55972    165.88520      0.40888
  4103    492.87360      2.56142    166.89030      0.38411
  4122    433.64510      2.56175    168.26080      0.40432
  4142    408.06520      2.55171    183.36240      0.43103
  4162    406.76660      2.54603    188.81260      0.45160
  4182    361.93180      2.50502    195.96570      0.58597
  4202    337.65960      2.47866    194.23490      0.65976
  4222    334.78160      2.46845    196.88370      0.74212
  4242    368.00680      2.50568    192.04390      0.68135
  4262    367.69170      2.50485    196.61530      0.72643
  4282    370.21680      2.52480    190.49330      0.68850
  4302    383.28460      2.53969    185.65160      0.69170
  4322    426.03050      2.57438    170.62550      0.55139
  4342    465.42150      2.59478    161.94350      0.48996
  4362    530.87490      2.58400    152.92440      0.40893
  4382    617.34550      2.50147    142.89110      0.28438
  4402    676.37950      2.37300    138.82120      0.21576
  4421    685.74080      2.35121    138.00240      0.18673
  4441    706.13840      2.28368    140.30410      0.18659
  4461    746.08030      2.09769    146.23160      0.19165
  4481    778.68120      1.95886    150.66550      0.19554
  4501    796.28020      1.87622    156.70730      0.20264
  4521    790.16060      1.90667    156.21230      0.19186
  4541    721.04310      2.27979    156.98500      0.22241
  4561    679.05800      2.36414    152.63220      0.23236
  4581    673.23650      2.35297    147.70420      0.24705
  4601    734.36520      2.15629    146.02240      0.17328
  4621    730.46810      2.15350    147.74780      0.17266
  4641    766.82470      2.04203    155.78120      0.20340
  4661    818.62440      1.75994    162.96100      0.19027
  4681    850.14320      1.50268    163.97360      0.19119
  4701    844.73750      1.40840    167.58690      0.18234
  4721    841.35240      1.54418    173.01990      0.19794
  4741    797.10980      1.90325    189.82120      0.27605
  4761    733.13090      2.14038    208.95510      0.27066
  4781    656.55880      2.38162    225.32270      0.42495
  4801    505.29050      2.58891    245.15600      0.58305
  4820    445.23560      2.54853    251.89960      0.66553
  4840    426.78170      2.59155    247.07450      0.68489
  4860    415.87910      2.57789    251.86180      0.70996
  4884    350.16600      2.42792    280.40010      0.74169
  4903    336.62890      2.41174    286.67410      0.70998
  4923    301.56500      2.38189    295.35590      0.63986
  4943    249.67490      2.25307    303.19810      0.66647
  4963    252.81580      2.22709    305.40930      0.67218
  4983    268.18270      2.26542    304.58300      0.76162
