  2500    360.17110      2.31040    282.82830      0.37101
  2538    232.32410      2.09200    291.40670      0.39858
  2576    237.96910      2.08349    289.75500      0.42365
  2616    212.90720      1.98265    299.87760      0.39051
  2654    256.94230      2.11921    283.12250      0.57879
  2693    187.24000      1.81878    298.36210      0.52746
  2732    260.26720      2.15236    303.23370      0.41473
  2772    301.86050      2.23454    294.69900      0.50927
  2810    310.65730      2.28730    298.68590      0.48247
  2849    295.79880      2.25023    300.74440      0.45714
  2888    250.34930      2.13349    297.73380      0.56048
  2929    190.38460      1.88945    295.34780      0.65605
  2968    343.14370      2.36581    250.75670      0.63820
  3007    482.37490      2.53877    119.01130      0.47125
  3046    816.13530      1.64730    102.02020      0.12575
  3085    858.77030      1.24493     99.30782      0.11811
  3125    769.09200      1.95980     99.21762      0.11518
  3161    217.63980      2.07439    245.14840      0.96127
  3200    863.88650      0.85689    101.19740      0.09453
  3239    859.31950      1.07336     99.54106      0.09823
  3292    190.65930      1.95248    313.80860      0.49294
