   851    333.15550      2.44125    285.75900      0.84511
   874    330.03930      2.45927    286.43860      0.79047
   913    315.40980      2.40531    283.74020      0.74630
   953    309.93440      2.39255    288.22260      0.68983
   992    281.02540      2.30877    282.85400      0.64354
  1031    309.15350      2.41342    274.94980      0.62263
  1070    359.43560      2.53641    254.72570      0.53948
  1110    388.97440      2.59372    233.25760      0.57151
  1149    329.07030      2.49973    253.62340      0.66883
  1188    323.61020      2.48249    251.26990      0.59357
  1226    318.57240      2.46793    236.25280      0.63444
  1265    464.95770      2.68861    212.00070      0.39031
  1303    355.33760      2.54841    226.80670      0.51543
  1342    271.79140      2.33903    267.84740      0.51803
  1382    208.56320      2.13081    278.77220      0.44524
  1421    213.87540      2.16173    276.47730      0.43835
  1460    212.26570      2.16431    277.99610      0.46519
  1498    375.50770      2.57012    237.92150      0.47586
  1537    190.33500      2.02738    277.21800      0.46621
  1576    251.73660      2.28128    271.73800      0.45954
  1615    194.23070      2.03751    259.26730      0.63570
  1655    272.05300      2.34334    259.53750      0.54448
  1695    176.57790      1.97300    281.09650      0.44465
  1733    425.20420      2.64213    117.98270      0.62917
  1772    909.62240      1.04522    100.25990      0.11104
  1822    822.54220      1.81201    117.51410      0.14749
  1844    805.13070      1.92426    120.38840      0.14472
  1879    365.14270      2.58303    163.27580      0.65147
  1918    245.03630      2.23083    270.20860      0.49216
  1957    235.54610      2.19283    272.77200      0.43447
  1995    611.04170      2.51227    136.64430      0.52689
  2037    395.27290      2.59164    125.06320      0.59719
  2076    210.17600      2.09727    235.94140      0.85163
  2115    262.55450      2.30891    186.41810      0.92889
