   838    317.66600      2.38476    286.68480      0.82679
   881    321.11330      2.41784    283.91970      0.81756
   920    313.77670      2.37412    283.01140      0.73844
   958    310.15070      2.36796    288.35090      0.62421
   996    279.54820      2.32377    282.16820      0.67115
  1035    297.79640      2.37252    279.06690      0.60702
  1074    361.20650      2.53280    250.97130      0.51629
  1112    388.87810      2.60987    245.96970      0.48923
  1151    335.25740      2.48950    252.53020      0.65699
  1190    318.56160      2.46488    251.21230      0.60856
  1230    346.73050      2.52977    229.79970      0.57735
  1268    456.66780      2.68689    213.66380      0.37514
  1306    312.30860      2.43594    237.23550      0.59588
  1345    260.85240      2.31870    273.80730      0.46279
  1388    241.98750      2.26125    275.31100      0.43420
  1426    217.05820      2.16586    278.33540      0.44542
  1464    218.87550      2.14550    274.94030      0.49363
  1503    328.02400      2.48744    244.61850      0.51869
  1542    285.06200      2.39505    262.61790      0.50042
  1581    266.21550      2.32344    264.80830      0.48532
  1620    195.88510      2.07555    263.54690      0.61989
  1658    249.58800      2.25535    264.58500      0.54146
  1696    178.04270      1.97735    280.86550      0.44005
  1735    454.35110      2.67770    111.29540      0.48683
  1774    907.58770      1.06278    100.47680      0.11365
  1811    885.14270      1.37790    105.05740      0.12181
  1854    580.84370      2.61533    132.61500      0.33634
  1885    306.03320      2.44590    185.23650      0.77539
  1923    228.95190      2.15898    273.95480      0.46690
  1963    209.22230      2.10712    270.65660      0.45059
  2003    460.34770      2.65092    116.13960      0.46874
  2041    334.33060      2.49862    147.65460      0.80168
  2080    222.37170      2.15907    229.71310      0.88877
  2121    229.97510      2.22412    208.64110      0.96503
