   176      0.00000      0.00000    211.68680      0.27539
   200      0.00000      0.00000    221.63960      0.28422
   237      0.00000      0.00000    194.14680      0.27995
   278      0.00000      0.00000    182.53500      0.21282
   317      0.00000      0.00000    181.82940      0.21784
   356      0.00000      0.00000    199.42680      0.29928
   394      0.00000      0.00000    182.94220      0.22912
   440      0.00000      0.00000    202.94400      0.26828
   481      1.42061      0.00303    209.12910      0.22126
   521      5.79125      0.01078    203.27270      0.20369
   559     10.33438      0.01797    201.18440      0.18824
   600     15.66353      0.02453    199.30820      0.18986
   639     21.21618      0.03257    201.34310      0.24572
   679     25.41114      0.04190    200.95840      0.25523
   718     30.98512      0.04528    207.00760      0.23525
   756     36.36295      0.05530    207.14240      0.21823
   796     41.74134      0.06312    206.83020      0.24892
   835     46.03975      0.07368    207.29140      0.25454
   874     51.45668      0.07973    211.58980      0.25154
   913     56.20563      0.08940    214.97590      0.28654
   951     61.39101      0.10035    216.18520      0.26792
   990     67.37482      0.10996    215.87530      0.24281
  1029     73.71242      0.11250    205.64670      0.23433
  1068     80.63390      0.11742    205.77950      0.23464
  1107     86.78048      0.12359    203.53090      0.23319
  1148     91.35947      0.13284    203.47080      0.25534
  1187     98.31036      0.14402    205.80060      0.23994
  1224    102.56760      0.14622    207.01970      0.22069
  1263    106.92520      0.16115    207.55890      0.25906
  1302    112.04000      0.16486    204.98550      0.28992
  1341    118.13270      0.18076    211.50890      0.28505
  1380    104.58160      0.22432    220.32930      0.31825
  1419    110.81960      0.23226    220.61520      0.29620
  1458    113.31430      0.25511    222.42950      0.30493
  1497    118.82630      0.26734    220.90150      0.30499
  1536    127.07590      0.28208    226.18060      0.30767
  1576    143.25410      0.24843    226.72260      0.33263
  1614    145.34040      0.24715    226.72840      0.33231
  1654     94.83514      0.44261    233.51840      0.35827
  1693    134.55090      0.42755    227.14850      0.33902
  1735    129.01690      0.48428    227.19920      0.34084
  1773     97.56565      0.52649    237.01920      0.45257
  1812    148.61520      0.45671    227.03290      0.35061
