  2497    168.72850      1.70295    280.21720      0.46216
  2539    173.36970      1.77900    263.79510      0.54949
  2582    262.85150      2.03366    258.96980      0.65999
  2621    273.08380      2.02055    263.35900      0.60389
  2660    234.24110      1.95301    274.47340      0.54793
  2699    227.21380      1.92117    272.16780      0.63444
  2738    208.66550      1.88836    279.54360      0.66853
  2776    231.39080      1.95415    257.71120      0.73391
  2816    399.11760      2.29410    208.17010      0.52841
  2856    360.46130      2.27838    192.43080      0.66861
  2895    639.68910      1.86746    175.55190      0.20901
  2934    440.66680      2.34101    178.54010      0.41214
  2973    408.86750      2.33014    209.52920      0.49113
  3012    537.53620      2.28619    206.25910      0.24181
  3052    190.70850      1.79340    283.29990      0.68257
  3091    187.25400      1.77256    299.21210      0.61845
