   280    388.09470      1.45775    206.46000      0.26605
   880     78.44038      1.09654    227.03550      0.58612
  1320     95.27720      0.16650    220.12720      0.28506
  1700    282.35480      0.92508    211.21450      0.33924
  2140    310.06710      0.31115    183.19270      0.15061
  2700    207.75740      0.40247    187.64520      0.25856
  3120    143.41150      0.28880    199.37310      0.36244
  3580     91.81409      0.13047    207.87850      0.22300
  4000    429.22760      0.80951    204.20870      0.18281
  4420    434.32800      1.01936    214.84310      0.19850
