   850    334.39740      2.43837    286.42910      0.83507
   884    322.50700      2.40968    282.29790      0.81941
   922    315.65360      2.36768    282.23290      0.75242
   961    314.88750      2.40313    286.69770      0.67429
  1001    298.67780      2.36223    269.23670      0.62686
  1040    303.17890      2.36673    276.10520      0.60558
  1079    376.78470      2.58526    250.80380      0.50224
  1118    390.99390      2.60299    243.27390      0.49258
  1157    365.16700      2.55780    246.03340      0.58286
  1195    291.45600      2.40251    257.74470      0.64282
  1234    362.37900      2.55081    227.75410      0.53677
  1275    420.76730      2.64779    218.27280      0.42494
  1313    253.78500      2.28719    258.51800      0.68650
  1351    246.49830      2.28945    274.83710      0.45427
  1392    242.83410      2.26065    273.86500      0.44193
  1430    213.65770      2.13392    276.32820      0.45196
  1469    253.51610      2.31262    266.14980      0.52492
  1508    266.27800      2.31130    258.03640      0.57352
  1548    381.29060      2.58797    254.17980      0.44561
  1587    344.26490      2.53026    246.38640      0.52329
  1626    216.33320      2.15840    253.46300      0.64900
  1665    234.23250      2.24925    268.95010      0.53415
  1704    177.87670      1.99871    282.11290      0.44323
  1743    579.54820      2.65151    105.68140      0.34363
  1781    907.24040      1.00386    103.10220      0.11335
  1806    917.33100      0.89544    105.25680      0.12114
  1866    519.76450      2.64862    151.13180      0.37731
  1905    202.05420      2.06995    258.72170      0.69941
  1944    223.88850      2.16839    277.43380      0.45077
  1983    491.93230      2.61162    171.19550      0.78559
  2022    492.75420      2.66355    106.08050      0.32185
  2060    189.68570      2.01631    262.51640      0.67622
  2099    452.97610      2.64170    135.39880      0.40581
