   164    400.91280      2.02011    145.42280      0.35077
   185    400.78050      2.01137    152.58920      0.36365
   203    396.94850      2.00890    139.26460      0.35332
   223    400.83500      1.99550    152.52860      0.38921
   243    419.01830      1.98281    150.13560      0.34529
   263    444.43150      1.94443    142.41730      0.27221
   282    458.50760      1.92017    132.22340      0.22658
   302    479.57730      1.87689    134.10620      0.22300
   321    498.10610      1.81750    132.22590      0.19396
   341    504.50700      1.79334    129.44070      0.18777
   361    475.88030      1.86259    129.06710      0.24835
   381    457.80670      1.88440    143.42540      0.29597
   401    442.54170      1.90390    138.59260      0.29997
   421    431.66750      1.90790    141.59510      0.37902
   441    409.59560      1.92378    142.38940      0.41818
   461    344.26100      1.93218    168.65560      0.55651
   481    300.44640      1.89819    179.33240      0.59283
   500    298.22900      1.89580    159.06770      0.51260
   520    275.84390      1.86100    172.34970      0.55836
   541    249.37460      1.83098    181.73510      0.58154
   561    243.46930      1.82007    187.40950      0.55492
   580    271.64430      1.85412    183.39250      0.49393
   600    286.49260      1.86246    161.38390      0.41881
   620    253.60580      1.81067    185.38690      0.53900
   640    221.35350      1.75533    202.36450      0.61294
   659    204.70080      1.69816    201.99490      0.58970
   679    198.67830      1.69329    205.04790      0.56365
   691    178.41040      1.61984    200.01060      0.48162
   711    153.23990      1.54433    231.86400      0.50699
   729    127.07300      1.43256    244.48130      0.51541
   760    149.60510      1.53197    238.10990      0.60025
   779    184.07440      1.63574    227.27350      0.74582
   799    221.58020      1.69664    203.58840      0.79389
   819    239.48980      1.74673    188.49250      0.80669
   839    253.01760      1.75910    175.90790      0.76705
   859    233.54730      1.72747    178.80800      0.80054
   879    218.71940      1.68864    192.72520      0.80269
   899    186.37810      1.61047    197.43740      0.79219
   919    180.68030      1.60547    207.00300      0.81574
   939    165.41770      1.53998    214.71570      0.85739
   959    161.75080      1.54185    217.41490      0.84501
   979    153.62600      1.49409    227.77710      0.80120
   999    144.82460      1.46225    243.96880      0.77549
  1019    137.51180      1.44200    253.94630      0.76036
  1039    139.64970      1.46228    256.15120      0.75214
  1059    134.14590      1.41985    262.59730      0.72350
  1079    127.12400      1.37860    268.14900      0.66385
  1099    122.06920      1.37838    273.77530      0.59697
  1119    127.81370      1.40824    267.08620      0.60682
  1139    136.03910      1.40649    254.28000      0.61964
  1159    148.91670      1.45667    247.55740      0.60795
  1179    157.77300      1.47690    227.02460      0.56872
  1199    163.57370      1.47383    227.29680      0.57519
  1219    178.95210      1.54338    224.66940      0.54386
  1239    193.96410      1.57904    218.44250      0.51391
  1258    198.49780      1.59127    231.20560      0.46211
  1278    184.63370      1.54765    224.67080      0.53235
  1298    195.99200      1.58062    206.95050      0.58339
  1318    202.52620      1.57019    220.37340      0.63267
  1338    268.08800      1.62921    221.65230      0.58672
  1358    320.22610      1.57969    235.02330      0.45681
  1378    315.38060      1.58129    254.28400      0.35361
  1397    314.00120      1.57322    259.19990      0.32604
  1415    327.04070      1.54419    241.46570      0.25959
  1435    282.90040      1.57915    252.06790      0.29709
  1455    230.46590      1.56858    265.75180      0.32656
  1475    217.27200      1.55262    262.65880      0.30638
  1495    213.41110      1.54371    268.82370      0.30698
  1515    188.00870      1.49495    271.26180      0.32477
  1534    144.52470      1.39583    275.64470      0.34391
  1554    109.28680      1.25654    277.98970      0.33019
  1574    103.54930      1.23816    270.53540      0.34760
  1594    102.25300      1.21579    278.25010      0.33541
  1614     99.94820      1.21870    274.83770      0.33400
  1634     98.97549      1.18283    280.12800      0.31852
  1654    100.26890      1.19892    277.16150      0.36226
  1674     99.85462      1.19154    275.59800      0.37300
  1694     98.51334      1.17464    266.16170      0.33323
  1714     94.66038      1.16242    265.50350      0.34300
  1734     94.09527      1.15989    265.65210      0.35615
  1754     88.47307      1.13483    263.36220      0.34937
  1774     89.05822      1.13444    260.32740      0.33483
  1794     87.56779      1.11576    257.21290      0.30948
  1814     82.05465      1.07246    264.69330      0.37457
  1834     84.40798      1.09102    269.81060      0.38444
  1854     77.78416      1.04527    257.19430      0.33653
  1874     78.06086      1.05552    257.20010      0.33475
  1893     77.47721      1.05100    255.63690      0.28818
  1913     77.83591      1.05287    265.81720      0.34883
  1932     79.81452      1.04905    261.29390      0.31291
  1952     79.60343      1.06030    250.71210      0.31744
  1972     76.33857      1.03963    253.66050      0.29787
  1992     77.88089      1.04231    253.87450      0.28721
  2012     88.60838      1.08361    253.78640      0.29116
  2032    189.85090      1.33600    245.72570      0.28987
  2052    294.46010      1.33398    239.54020      0.29126
  2072    319.90400      1.27438    240.29160      0.25110
  2092    321.93440      1.25403    239.19580      0.25851
  2112    328.66870      1.22042    240.15750      0.24417
  2132    329.28560      1.21494    239.15830      0.26539
  2152    320.82600      1.22746    239.08600      0.25073
  2172    313.66610      1.23017    241.18820      0.27747
  2192    331.06290      1.19118    237.47280      0.24843
  2206    323.87060      1.19416    238.63040      0.27058
  2226    334.49800      1.19072    230.05720      0.26414
  2246    322.58430      1.20513    232.63260      0.25876
  2268    319.75850      1.20936    230.59490      0.25125
  2280    331.13710      1.17904    229.63030      0.26194
  2309    335.11690      1.14185    229.04060      0.26401
  2326    338.31770      1.12596    227.34130      0.28027
  2346    333.99070      1.09107    230.96130      0.25568
  2368    330.60890      1.09570    229.28450      0.25853
  2393    302.70830      1.15797    232.05690      0.26382
  2402    303.99910      1.13056    233.08590      0.26182
  2422    302.62280      1.11609    231.79430      0.27368
  2442    299.25160      1.12316    229.22350      0.27363
  2464    291.78760      1.11904    228.65870      0.25955
  2484    291.33600      1.11787    229.03650      0.25607
  2494    301.58630      1.08821    226.77860      0.24427
  2509    309.31050      1.05949    225.93710      0.25483
  2528    302.03020      1.06133    222.47300      0.30515
  2548    303.56240      1.05209    218.38890      0.28771
  2568    323.98120      0.98567    209.59810      0.26064
  2589    336.08070      0.92999    210.45560      0.24840
  2609    341.86510      0.87784    198.54950      0.28918
  2629    333.37650      0.88622    193.42200      0.32783
  2654    334.23630      0.87692    174.41380      0.33322
  2674    330.68610      0.89659    155.04230      0.28772
  2694    330.69840      0.90780    167.11100      0.25504
  2714    354.78550      0.79845    150.45410      0.21489
  2734    378.52160      0.60906    156.60900      0.21395
  2754    377.25060      0.57937    157.23740      0.22348
  2774    366.37450      0.62625    161.49330      0.24901
  2794    363.52460      0.58235    157.74690      0.24331
  2813    365.60280      0.58065    141.01280      0.20861
  2833    358.29530      0.60130    144.64050      0.22877
  2852    355.00020      0.62177    145.44330      0.22797
  2872    356.99140      0.56920    143.92140      0.21978
  2891    358.23020      0.52184    139.03670      0.20119
  2911    351.30360      0.56309    145.99210      0.22849
  2931    349.17180      0.54109    149.53130      0.24399
  2951    350.19600      0.49259    151.32120      0.24941
  2971    350.44330      0.45797    152.16200      0.24351
  2991    349.98180      0.45798    142.79030      0.21780
  3011    342.99660      0.47884    151.72020      0.21259
  3031    334.41670      0.47002    162.35220      0.21930
  3051    333.10170      0.50241    150.98860      0.19964
  3071    329.01200      0.53192    150.00760      0.20615
  3090    328.35230      0.48956    148.67640      0.20331
  3110    328.26530      0.46565    147.51490      0.20111
  3130    327.83860      0.44621    144.67770      0.20303
  3150    325.62740      0.44733    142.79710      0.19065
  3170    322.42640      0.43446    140.79790      0.19177
  3189    319.97050      0.42032    139.80740      0.17542
  3209    315.64930      0.43892    140.41930      0.18189
  3229    312.37830      0.42665    145.59980      0.19605
  3249    310.17790      0.39119    152.56540      0.20141
  3269    305.57380      0.42033    156.08180      0.19873
  3289    302.77950      0.41303    156.93800      0.18816
  3307    299.19630      0.39536    162.06650      0.19899
  3327    297.72820      0.37192    167.11600      0.20955
  3347    293.29120      0.40095    169.62810      0.21105
  3367    291.50600      0.38649    165.01200      0.21468
  3387    291.59540      0.38936    157.31710      0.18660
  3407    290.78180      0.37029    154.20890      0.17180
  3427    288.78000      0.36024    154.76160      0.18597
  3446    287.02610      0.34968    154.79530      0.18132
  3466    283.32750      0.35478    156.53420      0.19133
  3485    279.01450      0.36349    155.35550      0.17846
  3504    276.11870      0.35136    157.74300      0.18542
  3524    272.03420      0.35369    158.68550      0.19871
  3544    269.48130      0.35852    157.71530      0.19392
  3563    262.89700      0.38834    160.66830      0.22945
  3583    254.54940      0.40925    169.88740      0.24826
  3603    245.66370      0.44538    177.86940      0.21599
  3622    239.48900      0.45910    179.80020      0.21395
  3641    232.09700      0.48851    180.20980      0.21026
  3661    223.00440      0.52814    178.20710      0.23029
  3680    215.23990      0.56800    177.94610      0.22085
  3700    207.56470      0.58191    180.37600      0.22629
  3720    194.55330      0.62180    176.25400      0.22224
  3740    167.23060      0.67253    183.62390      0.33830
  3759    134.10850      0.69654    196.83290      0.45086
  3779    114.70290      0.69022    202.15710      0.48293
  3799    120.91490      0.68151    198.64280      0.49006
  3819    111.39290      0.67261    203.41100      0.52975
  3839     98.96820      0.65902    205.26910      0.57556
  3859     96.19630      0.65060    203.72740      0.58962
  3877     89.97204      0.63841    207.84480      0.58863
  3897     70.75092      0.60979    216.73880      0.57381
  3917     61.54115      0.58634    227.74340      0.54796
  3937     67.18340      0.58876    230.22840      0.53083
  3961     64.65851      0.57482    229.17440      0.54149
  3981     58.27695      0.56096    224.82020      0.53739
  4001     78.06597      0.57828    224.14670      0.53446
  4021     87.61094      0.57866    222.89160      0.48982
  4041    116.00360      0.57193    214.42350      0.46453
  4061    138.65540      0.53713    205.70590      0.39597
  4081    141.40160      0.52445    204.09800      0.38253
  4101    134.41200      0.52063    206.94450      0.39243
  4121    101.38190      0.54001    217.41040      0.43935
  4140     94.37228      0.53073    219.23960      0.45308
  4161     99.49578      0.51821    218.83000      0.40764
  4181    111.12340      0.49952    215.09490      0.37806
  4201    122.94940      0.47948    204.88880      0.36426
  4221    128.21640      0.45737    193.87410      0.36408
  4241    130.23290      0.45094    183.62530      0.38432
  4261    125.91900      0.44578    181.83420      0.40231
  4281    106.56460      0.46874    193.95330      0.47916
  4301     75.48571      0.46767    208.26010      0.54074
  4322     46.83880      0.43452    215.68800      0.58588
  4342     40.07542      0.41687    219.22870      0.58441
  4362     53.42447      0.42523    220.86760      0.54141
  4385     69.77816      0.42546    220.68660      0.46822
  4405     57.94164      0.41488    222.31790      0.51832
  4424     50.48490      0.40162    224.47750      0.53388
  4444     70.65467      0.40244    224.11730      0.44332
  4464     76.05998      0.39366    222.90380      0.44137
  4484     70.79176      0.38480    222.20840      0.43512
  4504     97.19581      0.34684    216.78400      0.28001
  4525     93.27267      0.34335    214.92520      0.34833
  4545     94.30875      0.32129    208.41780      0.35375
  4565     87.28489      0.32384    212.25410      0.34479
  4585     79.47111      0.32810    217.88790      0.37795
  4605     64.16676      0.33303    221.30240      0.45638
  4625     64.57684      0.32324    221.33920      0.46577
  4644     69.48088      0.30723    222.41830      0.36453
  4663     68.60180      0.30115    222.47120      0.37167
  4683     67.47990      0.29226    222.71290      0.36816
  4703     73.24700      0.27573    211.12850      0.36555
  4722     85.13455      0.24695    187.81500      0.28048
  4741     81.92015      0.24858    182.87340      0.27746
  4761     75.00504      0.25288    188.31000      0.34296
  4780     54.04879      0.26680    204.56260      0.45988
  4800     35.53985      0.25473    214.72540      0.55268
  4820     50.04963      0.24585    213.67240      0.45317
  4840     66.75040      0.21028    203.29140      0.36212
  4860     69.35735      0.18436    192.50040      0.33676
  4880     67.79124      0.17478    184.32790      0.30959
  4900     64.08588      0.18017    177.97190      0.28676
  4920     63.76729      0.16255    171.10590      0.22516
  4940     67.02773      0.12703    166.75150      0.17776
  4960     64.51989      0.12033    163.50540      0.15711
  4981     60.60926      0.11972    161.00140      0.16164
  5001     57.02830      0.12145    161.68480      0.16116
