   850    322.97940      2.42224    264.97290      0.67865
   882    329.54970      2.45130    241.04930      0.83922
   923    470.07300      2.68544    217.30030      0.66404
   962    823.46540      1.76851    213.45720      0.45266
  1008    733.95040      2.26216    215.63820      0.44779
  1047    281.59660      2.31665    250.80440      0.75746
  1086    257.14710      2.24974    257.10540      0.81027
  1125    259.25650      2.30039    257.11940      0.78227
  1164    334.34890      2.49758    263.37730      0.60467
  1203    359.94230      2.56919    264.01070      0.52011
  1242    331.40150      2.49936    249.67580      0.70670
  1282    362.11290      2.57969    251.55420      0.66809
  1321    252.57730      2.29651    235.13640      0.78547
  1361    483.68400      2.67883    240.04310      0.45597
  1400    331.95980      2.54048    238.36470      0.57120
  1439    812.82740      1.78974    138.47790      0.25254
  1478    251.96110      2.32437    242.68760      0.65669
  1517    377.29870      2.62380    199.51810      0.66369
  1556    491.77230      2.71819    166.53540      0.35320
  1595    805.23380      1.64190    166.76960      0.34058
  1634    638.95850      2.44978    192.56550      0.57609
  1673    420.42640      2.62332    210.78410      0.63655
  1713    677.61430      2.38696    188.16890      0.28047
  1752    679.82950      2.34979    182.55380      0.30287
  1790    838.16210      1.56798    142.30650      0.24363
  1829    851.12710      1.50357    140.81670      0.19516
  1870    434.32530      2.66135    161.18970      0.64795
  1910    676.90890      2.55341    113.99480      0.16018
  1949    534.72390      2.70032    146.28450      0.41621
  1988    585.69720      2.59604    179.87250      0.56925
  2034    464.28010      2.61311    205.16970      0.61897
  2075    787.42960      1.87938    187.35210      0.44310
  2114    812.04520      1.60898    198.50850      0.33571
  2153    639.80220      2.53646    212.24330      0.24547
  2181    475.93930      2.68140    214.22030      0.39061
  2220    383.98040      2.58061    217.15960      0.48313
  2259    496.31240      2.68773    202.86840      0.32521
  2301    377.81230      2.57503    214.14280      0.52406
  2341    406.36170      2.56180    235.14050      0.52167
  2380    388.23050      2.45817    255.70940      0.31904
  2420    564.38060      2.45741    257.86580      0.32376
