   827    324.21890      2.41925    288.42310      0.77771
   878    323.54290      2.40127    280.86770      0.80689
   919    316.70530      2.39376    284.99410      0.71016
   959    312.51930      2.36759    280.51550      0.73902
   997    286.42570      2.33987    283.45690      0.62404
  1037    297.59200      2.34023    274.42550      0.62787
  1077    372.01000      2.57385    251.81190      0.52527
  1117    390.43370      2.59465    242.76860      0.47723
  1156    361.64240      2.56207    246.56080      0.61249
  1196    281.96110      2.36812    258.41460      0.66914
  1235    371.46550      2.59165    227.23790      0.52477
  1274    426.67440      2.66614    218.86470      0.42554
  1314    246.83100      2.25803    260.97880      0.67144
  1353    232.29090      2.22042    275.84570      0.45176
  1394    254.57690      2.30182    273.66500      0.44069
  1433    211.54990      2.16330    279.44460      0.44500
  1472    282.65900      2.36924    260.24890      0.55051
  1510    252.39310      2.29870    262.42640      0.56826
  1549    412.83470      2.62369    250.46800      0.43474
  1588    362.74430      2.55890    241.33520      0.54231
  1627    217.52290      2.16323    251.23710      0.66029
  1666    238.14670      2.22404    268.10560      0.53131
  1703    178.26410      1.98547    282.38990      0.43645
  1742    558.44070      2.67260    106.79140      0.40204
  1782    907.30800      1.01180    103.79150      0.11725
  1808    909.32310      1.05380    104.74150      0.11835
  1859    499.07350      2.66259    145.81330      0.39957
  1897    226.23490      2.20799    219.31790      0.93814
  1934    232.56180      2.15981    276.49740      0.42961
  1974    203.43290      2.07902    254.82620      0.67621
  2013    483.17680      2.66339    104.08220      0.37823
  2053    202.39560      2.05676    250.08770      0.74894
  2092    377.32040      2.55670    152.93940      0.69051
  2130    223.77120      2.14498    246.56760      0.80718
