   169    163.25210      1.48379    222.31690      0.62327
   179    164.51950      1.49752    224.25750      0.59152
   197    157.28250      1.49110    224.10150      0.59712
   217    114.36610      1.37492    220.19380      0.60960
   237    132.77620      1.43780    210.80970      0.59579
   257    172.86830      1.54704    206.27370      0.56420
   277    222.53870      1.62145    203.92330      0.51172
   297    275.01550      1.66254    208.32650      0.48303
   317    317.04240      1.66199    210.91610      0.44473
   336    329.06620      1.65928    212.09560      0.44972
   356    358.87280      1.64089    210.46750      0.46310
   376    387.60480      1.62514    209.05350      0.47187
   396    413.33520      1.58461    206.32410      0.48484
   416    406.03890      1.61283    203.00290      0.50546
   436    398.61850      1.64382    202.34250      0.52313
   455    403.78740      1.63522    201.97880      0.51955
   475    400.64540      1.64404    201.88450      0.51295
   495    393.09070      1.66965    196.11640      0.52012
   515    381.35970      1.69946    191.67140      0.52928
   535    359.38120      1.72791    195.10270      0.53949
   555    328.42090      1.74996    201.53990      0.54973
   575    253.62180      1.72824    209.29580      0.57803
   595    184.92630      1.63605    218.21910      0.61920
   615    112.74750      1.45222    227.16670      0.65582
   635    107.28910      1.44022    233.18910      0.64775
   654     99.89735      1.41392    238.28390      0.64518
   674    102.65860      1.39919    240.60250      0.62432
   694    105.57070      1.43017    236.02330      0.60017
   714    116.46570      1.48517    231.79380      0.63065
   734    121.00070      1.47971    222.66480      0.61580
   754    119.56550      1.50535    224.62810      0.62496
   774    107.23210      1.44409    228.49960      0.65830
   794     92.13555      1.38182    232.35960      0.67390
   814     94.94727      1.41527    236.87710      0.65481
   834     92.70662      1.39859    238.47200      0.63407
   854    110.86270      1.48164    237.54690      0.58780
   874    122.08890      1.51009    236.53430      0.56588
   894    131.06830      1.54995    237.69770      0.53258
   914    117.33660      1.50501    236.68210      0.56146
   934    111.41970      1.49959    232.07340      0.60491
   954    111.32250      1.50363    227.79810      0.63414
   974    111.93020      1.50418    224.45890      0.65808
   993    103.94670      1.46543    227.15850      0.66879
  1013     95.51615      1.45393    230.76610      0.66352
  1033     89.30909      1.40906    237.53530      0.62524
  1053     88.45981      1.41389    241.78770      0.58032
  1072     85.31745      1.41788    241.51280      0.61975
  1092     82.61829      1.39811    241.70300      0.60466
  1111     85.91716      1.42929    240.17410      0.59980
  1131     84.66003      1.40141    242.39480      0.57557
  1151     86.87643      1.44564    244.29450      0.58161
  1171     86.93041      1.43417    243.73020      0.58480
  1192    110.32030      1.54844    247.34530      0.52392
  1212    127.87010      1.57743    248.20800      0.51335
  1232    105.03770      1.51977    249.34070      0.53589
  1252    149.20300      1.65721    250.62030      0.46966
  1272    136.16720      1.63921    248.45700      0.52503
  1292     92.90826      1.47445    246.42880      0.58270
  1312     84.72574      1.43623    246.43630      0.57326
  1332     81.15036      1.38934    246.38690      0.58969
  1352     85.29534      1.41708    246.20680      0.63274
  1372     84.24944      1.45930    245.89960      0.62209
  1393     86.28692      1.45383    246.97840      0.61499
  1412     86.45712      1.46490    247.60400      0.59843
  1432     84.26828      1.44015    246.56480      0.61767
  1452     91.06628      1.48616    246.92920      0.60239
  1472     89.84875      1.51699    246.42260      0.61345
  1492     85.18210      1.42678    245.86740      0.64266
  1512     83.91045      1.45876    245.79960      0.63964
  1532     89.61202      1.49486    246.53700      0.64437
  1552     88.03576      1.50261    247.32530      0.64488
  1572     85.08732      1.48406    249.59730      0.63447
  1592     88.43069      1.48656    249.99000      0.64259
  1612     86.54446      1.46692    251.72620      0.64037
  1631     90.01379      1.49314    250.82960      0.68128
  1650     88.31805      1.49541    253.43390      0.66641
  1670     86.92256      1.48886    252.20360      0.69198
  1690     87.42163      1.49324    254.45050      0.63924
  1710     90.83212      1.52624    255.85200      0.63349
  1729    113.48560      1.59092    263.93030      0.52330
  1749    163.86640      1.66330    269.14400      0.37885
  1769    178.56660      1.63973    268.41650      0.36422
  1789    181.00460      1.65529    269.66640      0.33061
  1809    183.43980      1.64201    268.94240      0.34949
  1829    183.07810      1.62117    267.50380      0.33622
  1849    179.23000      1.65415    269.59010      0.33572
  1869    168.38050      1.67752    269.43780      0.34922
  1888    160.23720      1.67796    268.41630      0.38870
  1907    176.35620      1.68158    264.75100      0.36378
  1927    185.12150      1.71751    267.09620      0.36260
  1947    171.65060      1.66315    268.36100      0.37402
  1968    117.97760      1.60292    262.16120      0.54465
  1987     90.71035      1.55214    254.97990      0.69842
  2007     89.32771      1.51624    254.81840      0.67628
  2027     96.32673      1.54843    255.70130      0.63443
  2047     86.34172      1.48909    254.41660      0.66888
  2067     95.67645      1.60339    256.31960      0.65093
  2087     96.44991      1.59017    257.17260      0.64296
  2107    131.27980      1.66250    256.89600      0.59653
  2127    173.03120      1.73728    255.48880      0.52154
  2147    224.09680      1.85384    248.35360      0.53192
  2167    263.88660      1.97574    242.78180      0.51884
  2187    358.52860      2.15552    234.18810      0.46664
  2207    438.14360      2.18924    221.54780      0.35698
  2227    475.94960      2.18943    218.28910      0.34296
  2247    481.80970      2.19388    219.47650      0.32978
  2267    459.64540      2.20509    222.60000      0.35432
  2287    418.16910      2.21848    226.84750      0.38574
  2307    391.77880      2.21690    228.91680      0.43546
  2327    376.38040      2.20764    229.80780      0.48034
  2349    326.64030      2.15037    234.71770      0.49413
  2368    343.81150      2.16948    235.51100      0.46025
  2388    339.28270      2.16187    236.74460      0.47140
  2408    261.94340      2.05830    242.67960      0.51864
  2428    193.37940      1.91526    235.07570      0.66638
  2448    145.36020      1.82228    219.35200      0.76462
  2468    202.13710      2.00826    199.98930      0.71290
  2488    357.09410      2.27397    181.38170      0.56412
  2509    513.59450      2.22535    161.36450      0.24171
  2529    553.51500      2.16190    157.52620      0.19112
  2549    580.66470      2.09370    158.82670      0.19305
  2569    600.63120      2.02478    164.75770      0.20432
  2589    596.30810      2.04201    180.35620      0.26038
  2610    562.65830      2.15104    200.89970      0.27098
  2629    495.49100      2.27257    216.25290      0.24515
  2649    458.80120      2.29833    221.64220      0.27532
  2670    518.96990      2.24292    223.64800      0.24691
  2690    541.34280      2.19626    228.79950      0.28608
  2711    411.34630      2.30166    237.55980      0.33739
  2731    332.58280      2.26213    240.81270      0.33200
  2750    367.09810      2.30103    237.21050      0.34621
  2771    468.41730      2.30958    216.62790      0.43537
  2791    548.61630      2.24166    196.58380      0.37794
  2811    552.18320      2.26393    186.81550      0.35390
  2831    564.87770      2.23847    185.11630      0.32782
  2851    546.04830      2.26401    185.03610      0.32120
  2871    583.72250      2.20149    171.71580      0.26905
  2891    606.20400      2.16123    161.09250      0.20147
  2910    541.54510      2.30634    174.08500      0.35087
  2930    498.79300      2.34098    204.38640      0.43310
  2950    549.52660      2.25097    222.75320      0.31860
  2970    504.18050      2.32482    229.06940      0.33279
  2990    336.60040      2.26929    246.24890      0.35610
  3010    250.77160      2.12185    250.42690      0.33793
  3030    351.12330      2.31728    242.60390      0.34723
  3050    295.62650      2.24309    250.92870      0.35177
  3070    265.22380      2.16098    256.77890      0.37015
  3090    366.18730      2.34198    250.45250      0.34625
  3110    475.78130      2.37021    243.51870      0.30691
  3130    374.27080      2.34324    254.73320      0.36038
  3146    313.26170      2.27547    261.32750      0.36754
  3167    311.78150      2.26491    256.63180      0.38006
  3187    342.85260      2.32895    249.62740      0.35459
  3207    383.96730      2.38747    240.97900      0.33642
  3226    394.79860      2.38862    242.39490      0.34333
  3246    391.21420      2.38414    244.43740      0.36682
  3267    358.90840      2.36089    245.59460      0.38824
  3285    343.44290      2.34336    240.94180      0.45547
  3305    331.50380      2.32938    229.23230      0.52024
  3325    312.35380      2.30545    222.38440      0.61082
  3344    270.06000      2.23424    223.65030      0.64620
  3364    253.07400      2.16968    239.07190      0.68402
  3384    247.48040      2.13528    254.25000      0.58678
  3404    268.14780      2.19259    246.55000      0.59966
  3424    280.58230      2.22680    242.01090      0.63558
  3444    264.08020      2.19579    250.39490      0.60835
  3464    265.26570      2.19220    259.91230      0.48764
  3483    286.99470      2.24035    267.01270      0.43678
  3503    259.57220      2.20635    271.64490      0.41855
  3523    150.77980      1.86916    275.42150      0.49101
  3543     97.00794      1.71822    274.18000      0.62166
  3562     97.16670      1.71263    272.80800      0.66162
  3582    100.58050      1.75519    273.64400      0.63357
  3602    101.27320      1.73225    275.17950      0.61633
  3622    104.19990      1.73217    272.30860      0.61711
  3641    189.85080      2.04997    274.24110      0.46078
  3661    290.23360      2.30327    259.83500      0.30888
  3681    252.11750      2.19480    269.67070      0.37526
  3701    223.65600      2.09599    279.66670      0.38933
  3721    210.55100      2.00043    283.78820      0.40009
  3741    210.72020      2.00528    285.90210      0.43417
  3761    227.17390      2.08414    281.25230      0.53637
  3781    260.75540      2.20822    263.34350      0.66605
  3801    285.82390      2.30134    243.92010      0.71388
  3821    295.57060      2.32109    228.30730      0.71462
  3841    302.04640      2.33776    212.36440      0.72234
  3860    310.30970      2.36793    208.23370      0.72070
  3880    327.24030      2.38767    202.82110      0.71761
  3900    318.37520      2.39632    204.82200      0.75306
  3920    308.19280      2.37314    199.43650      0.72868
  3940    315.27830      2.40324    187.53970      0.68251
  3960    313.26070      2.37433    174.44610      0.63101
  3979    342.76210      2.45680    173.58230      0.54481
  3999    368.33280      2.50160    166.96740      0.49359
  4019    387.74530      2.50678    176.97740      0.49365
  4039    390.16440      2.51439    168.37130      0.51672
  4059    438.03780      2.55366    161.02970      0.48367
  4079    490.32440      2.56249    164.28100      0.42301
  4099    498.18800      2.55978    168.07600      0.41693
  4119    438.50600      2.56636    161.67910      0.37998
  4139    410.88300      2.55343    177.64390      0.41574
  4159    409.35330      2.54778    187.01650      0.43046
  4179    373.19530      2.52080    196.68860      0.57993
  4199    341.97510      2.48207    194.32780      0.66740
  4219    325.43150      2.43773    198.06890      0.73512
  4239    377.58220      2.52955    189.99010      0.65978
  4258    370.55300      2.51591    194.43900      0.69157
  4278    364.01640      2.50055    191.18460      0.69143
  4298    372.09750      2.52714    187.44560      0.69560
  4318    418.51790      2.56913    171.37920      0.57173
  4338    449.29670      2.58885    165.20700      0.50799
  4358    516.60440      2.59314    154.28870      0.39427
  4378    600.14290      2.52397    145.03950      0.29109
  4398    668.92620      2.39693    139.57290      0.20918
  4418    685.64760      2.35696    137.69360      0.19795
  4438    705.06300      2.27748    139.75070      0.18621
  4458    736.59950      2.16957    144.87990      0.19048
  4478    778.15800      1.93723    150.22690      0.19699
  4498    791.92290      1.89418    156.46530      0.19969
  4518    793.35530      1.89433    155.67640      0.20241
  4538    728.84950      2.23386    157.40160      0.23213
  4558    681.63200      2.36422    153.67390      0.24395
  4578    666.94340      2.38213    148.29080      0.23172
  4597    731.70420      2.16994    145.88160      0.18128
  4618    732.46150      2.15278    147.56200      0.17567
  4638    761.11550      2.05618    154.87500      0.20650
  4658    809.84800      1.82557    161.78270      0.19173
  4678    851.69090      1.49536    164.82230      0.18454
  4698    844.84610      1.44094    166.75890      0.19022
  4718    857.19470      1.43301    170.38470      0.16876
  4738    802.99220      1.85709    187.54600      0.27397
  4758    752.44840      2.08458    205.54370      0.27782
  4778    658.57090      2.40160    223.31770      0.40177
  4797    530.08890      2.56530    240.11510      0.53535
  4817    452.52130      2.54745    251.42480      0.64645
  4836    431.07170      2.59463    248.11600      0.67968
  4856    423.39780      2.58394    249.58240      0.70455
  4876    385.27290      2.50418    265.70510      0.76020
  4899    337.90380      2.42509    287.93480      0.72777
  4919    307.05020      2.36334    292.67480      0.66460
  4939    263.05760      2.30196    300.18770      0.61859
  4959    252.79230      2.23902    304.77210      0.67202
  4979    259.82720      2.23160    305.35490      0.72291
