   183      0.00000      0.00000    218.95990      0.28437
   194      0.00000      0.00000    218.76520      0.34021
   236      0.00000      0.00000    195.33610      0.30570
   276      0.00000      0.00000    182.12100      0.22290
   315      0.00000      0.00000    183.53270      0.23534
   353      0.00000      0.00000    197.78970      0.29613
   386      0.00000      0.00000    182.38070      0.24290
   420      0.00000      0.00000    190.21900      0.25428
   458      0.00000      0.00000    205.80590      0.26029
   497      3.15785      0.00646    206.45190      0.21275
   528      6.69454      0.01220    200.91070      0.19968
   567     11.19759      0.01927    202.18360      0.21725
   608     16.65082      0.02699    194.65430      0.21289
   646     22.15995      0.03601    201.59360      0.24008
   685     26.13226      0.04179    206.15370      0.21373
   723     31.32167      0.04710    208.72190      0.22257
   763     36.99500      0.05602    206.50060      0.21621
   801     42.16333      0.06661    207.67740      0.25904
   840     46.91413      0.07285    205.81820      0.25924
   879     51.99833      0.08332    212.17300      0.24484
   920     57.17850      0.09230    217.00630      0.25058
   958     62.37041      0.09952    216.47520      0.26176
   998     68.84224      0.10750    207.51220      0.28359
  1035     75.66006      0.11097    207.08360      0.23308
  1074     81.46947      0.12355    204.89790      0.22991
  1113     87.16594      0.13172    204.19250      0.23294
  1152     91.95514      0.13323    204.96100      0.23226
  1191     98.10950      0.14161    205.17900      0.23628
  1230    103.29380      0.15206    206.94210      0.24333
  1269    107.19640      0.16347    207.01390      0.26897
  1308    113.24160      0.17060    209.76170      0.24260
  1347    117.89350      0.18306    213.40330      0.27491
  1386    104.99830      0.24183    219.45500      0.31848
  1425    112.55930      0.22643    217.38580      0.30082
  1464    114.40820      0.25501    222.22270      0.30714
  1503    119.55210      0.26266    225.07200      0.27572
  1542    129.76920      0.27944    226.70010      0.33373
  1581    144.54850      0.25136    226.12730      0.33761
  1619    144.84350      0.25099    225.58210      0.34062
  1658     94.48496      0.45199    233.11890      0.37500
  1697    133.93750      0.42609    219.10450      0.34857
  1736    129.86400      0.47384    227.47090      0.33771
  1775     99.50733      0.52349    237.97000      0.39806
  1813    147.78470      0.46983    224.67350      0.35647
