   177      0.00000      0.00000    231.69430      0.34378
   203      0.00000      0.00000    220.04350      0.26792
   242      0.00000      0.00000    214.35120      0.21678
   281      0.00000      0.00000    210.45510      0.19628
   320      0.00000      0.00000    211.22820      0.19765
   359      0.00000      0.00000    209.63190      0.23911
   398      0.00000      0.00000    209.47630      0.22437
   436      0.00000      0.00000    207.70540      0.22700
   475      0.00000      0.00000    207.97320      0.21878
   514      0.00000      0.00000    213.71790      0.24582
   553      0.00000      0.00000    213.72910      0.21401
   592      0.81320      0.00184    210.30190      0.20972
   625      4.40525      0.00878    208.52400      0.20350
   664      9.05043      0.01641    208.40580      0.21236
   703     14.21794      0.02255    207.16930      0.22789
   742     19.38057      0.02980    204.83730      0.23258
   781     24.02193      0.03733    206.07810      0.23234
   820     28.84458      0.04330    207.76000      0.22264
   859     34.01187      0.05305    203.68970      0.21356
   897     40.52280      0.06101    198.19880      0.25927
   936     45.47480      0.07073    201.97420      0.23436
   975     50.17979      0.08007    204.59150      0.23577
  1013     55.59439      0.08897    205.00560      0.23768
  1052     61.32913      0.09253    202.93730      0.26398
  1090     64.64613      0.10295    206.90210      0.19751
  1129     74.60258      0.11196    189.27630      0.19563
  1168     70.49133      0.13257    218.16150      0.22191
  1207     86.08398      0.12053    186.71500      0.19904
  1246     89.08711      0.14061    187.53930      0.20139
  1285     95.49290      0.14020    189.25220      0.18758
  1324    103.94610      0.14991    181.25640      0.16732
  1365    105.51180      0.16066    202.41000      0.18896
  1404    110.03910      0.16825    210.09830      0.21292
  1443    114.60190      0.17809    215.15980      0.20307
  1482    118.70130      0.18850    222.14260      0.21637
  1522    111.55040      0.24252    223.40820      0.29636
  1561    109.43870      0.26310    232.58820      0.21480
  1599    114.16640      0.25582    232.12620      0.24454
  1638    134.68890      0.24320    217.51480      0.33773
  1677    149.26260      0.23854    205.92100      0.24597
  1716    153.49600      0.24786    209.44570      0.31086
  1755    155.84450      0.33801    186.68670      0.29424
  1794    124.09990      0.41594    238.12480      0.29982
  1833    122.83970      0.46584    226.60310      0.46337
