  2535    243.84910      2.10695    286.88340      0.43094
  2546    235.27930      2.07226    288.90280      0.42820
  2585    188.01610      1.85883    291.90890      0.44571
  2624    243.92370      2.09499    298.24500      0.39773
  2663    244.19340      2.07199    293.55940      0.47926
  2702    191.60120      1.83906    297.34950      0.53631
  2739    287.93990      2.23490    295.39250      0.49101
  2777    300.71570      2.25250    296.91070      0.51465
  2814    329.59240      2.30760    297.98980      0.49753
  2853    290.98470      2.23809    299.81210      0.50395
  2891    247.49670      2.11881    295.72810      0.54148
  2928    187.37320      1.86681    297.24680      0.60428
  2967    336.11650      2.35129    251.74320      0.63460
  3004    466.91050      2.52988    130.10800      0.54806
  3043    807.69820      1.72307    102.30180      0.12564
  3082    861.83980      1.18320     99.06091      0.12236
  3121    806.36440      1.79618     98.88793      0.11279
  3159    225.49990      2.10462    233.89840      1.01321
  3198    861.77280      0.92138    102.28240      0.09186
  3237    864.05800      0.94155    100.12170      0.10103
  3295    191.44870      1.96844    313.63980      0.47496
