  2530    159.55590      1.74959    267.74850      0.56339
  2551    181.66300      1.81670    258.59560      0.65121
  2590    353.87860      2.13390    270.07570      0.52133
  2629    252.19740      1.99674    270.87580      0.56853
  2668    225.32980      1.91139    270.42470      0.59666
  2706    219.44970      1.90012    272.97650      0.63705
  2744    211.03910      1.88647    280.37580      0.67630
  2783    262.43520      2.04606    249.87660      0.69808
  2821    405.84830      2.29311    213.46750      0.50708
  2860    412.29210      2.31844    183.78680      0.55099
  2900    695.09480      1.61206    178.05110      0.19325
  2939    441.73070      2.34110    177.57260      0.40610
  2977    426.45000      2.33129    210.91410      0.48628
  3016    527.20770      2.30420    207.56540      0.29671
  3055    194.77300      1.83865    290.40490      0.64895
  3094    187.80570      1.75800    299.72150      0.60177
