   179      0.00000      0.00000    211.04610      0.28077
   216      0.00000      0.00000    199.09060      0.32320
   256      0.00000      0.00000    188.89210      0.28517
   302      0.00000      0.00000    180.47810      0.27689
   345      0.00000      0.00000    194.45760      0.29402
   393      0.00000      0.00000    182.50200      0.21875
   430      0.00000      0.00000    200.77410      0.27261
   469      0.07124      0.00013    207.11930      0.25619
   515      5.12350      0.00953    206.40100      0.19238
   556      9.80634      0.01766    198.99990      0.19681
   593     14.68712      0.02426    198.23020      0.18837
   632     20.08974      0.03105    196.64920      0.25727
   671     24.51713      0.04034    203.08340      0.24121
   710     29.97934      0.04663    207.64160      0.21500
   748     35.30105      0.05323    207.88200      0.22060
   789     40.05642      0.06283    205.66830      0.23867
   828     45.10399      0.06805    207.38240      0.26558
   867     50.63439      0.07563    211.99290      0.23263
   906     55.46338      0.08464    215.42420      0.27090
   945     61.03690      0.09528    217.50860      0.25958
   984     66.33672      0.10912    216.24150      0.26091
  1023     72.64424      0.11336    205.46600      0.23911
  1062     79.95506      0.11232    206.40940      0.21129
  1101     85.76640      0.11981    203.69880      0.22586
  1140     90.39726      0.13396    204.59710      0.23459
  1179     96.99764      0.13761    206.64380      0.20989
  1218    101.43550      0.14593    205.49540      0.24255
  1257    106.52460      0.15903    210.47500      0.22012
  1296    111.15450      0.16829    207.24380      0.27375
  1335    117.73050      0.17277    211.36110      0.26478
  1374    105.22140      0.22972    222.02520      0.30111
  1413    109.54470      0.24138    219.18220      0.30859
  1454    113.78940      0.24967    222.30500      0.28127
  1491    118.58770      0.26021    222.80230      0.28546
  1530    123.67890      0.28383    226.42680      0.30018
  1570    140.70380      0.24699    226.25620      0.33741
  1609    146.39020      0.23725    228.50980      0.30594
  1652     96.99415      0.43634    233.77440      0.35296
  1691    134.15450      0.41659    228.40400      0.33020
  1731    131.75940      0.47229    227.65920      0.34024
  1770    102.18650      0.51957    232.88810      0.43230
  1809    149.33490      0.44621    227.90130      0.36933
