   300    263.44960      1.12218      0.00000      0.00000
   370    275.38590      1.15939      0.00000      0.00000
   570    363.33680      1.13106      0.00000      0.00000
   770    341.66000      1.24688      0.00000      0.00000
   970    322.89730      1.39304      0.00000      0.00000
  1170    329.91170      1.51631      0.00000      0.00000
  1370    435.55070      1.39267      0.00000      0.00000
  1570    434.43700      1.46357      0.00000      0.00000
  1770    476.85780      1.48596      0.00000      0.00000
  1980    521.29480      1.43609      0.00000      0.00000
