   175      0.00000      0.00000    209.32100      0.27015
   210      0.00000      0.00000    208.26220      0.35224
   253      0.00000      0.00000    188.32340      0.28616
   291      0.00000      0.00000    183.89320      0.25269
   332      0.00000      0.00000    183.37420      0.20358
   371      0.00000      0.00000    194.76080      0.27752
   410      0.00000      0.00000    186.14400      0.21119
   449      0.00000      0.00000    205.26330      0.25871
   489      2.39527      0.00489    209.43810      0.22006
   533      7.58961      0.01326    198.03340      0.21827
   571     11.60684      0.02031    203.44590      0.20323
   609     16.80128      0.02662    199.43260      0.18966
   648     22.36356      0.03636    201.11470      0.25001
   688     26.40792      0.04173    203.83770      0.24173
   726     31.63240      0.05089    206.89020      0.23391
   765     37.44539      0.05625    206.92830      0.22917
   803     42.36190      0.06464    208.30510      0.26064
   844     47.52374      0.07587    208.48190      0.24808
   883     52.44341      0.08256    212.28940      0.24606
   922     57.42039      0.08988    217.36470      0.27087
   961     63.00097      0.09803    216.65530      0.25713
  1000     69.35925      0.11098    207.10870      0.26410
  1039     76.28193      0.11087    206.85660      0.22205
  1079     82.50092      0.11427    204.18070      0.23049
  1117     87.52916      0.13254    203.94980      0.23788
  1156     92.58465      0.13759    204.62100      0.24530
  1195     98.38203      0.14451    205.42240      0.23180
  1234    104.59000      0.14495    208.58800      0.23446
  1273    107.81590      0.16321    206.35320      0.27123
  1312    114.01320      0.17228    209.05330      0.26927
  1349    117.49860      0.18497    214.17670      0.28737
  1388    105.84340      0.23184    219.06650      0.31614
  1428    115.57510      0.23108    219.70340      0.28714
  1467    114.35260      0.25472    222.20770      0.29210
  1506    120.08610      0.27410    223.78390      0.28220
  1545    129.77390      0.25588    227.38200      0.35972
  1584    144.82410      0.24881    226.02680      0.34540
  1623    143.68390      0.26258    227.04880      0.35217
  1662     98.77328      0.45916    233.42180      0.36195
  1701    131.21400      0.44791    226.19660      0.32522
  1740    126.63680      0.48221    227.80810      0.33039
  1779    106.26410      0.52138    234.65090      0.39532
  1817    134.66690      0.50675    233.17300      0.38515
