  2506    339.04380      2.28964    282.83660      0.38503
  2540    233.01320      2.06785    291.39940      0.39610
  2578    225.13960      2.04368    288.98060      0.43874
  2617    220.27020      1.99050    298.27610      0.42130
  2656    257.01050      2.11499    293.36450      0.47471
  2695    190.62640      1.87385    299.85030      0.53074
  2733    267.40120      2.17985    301.65000      0.43649
  2771    310.21470      2.26914    296.79970      0.48117
  2809    306.78520      2.27238    298.16190      0.49484
  2848    303.92130      2.27769    299.09340      0.46749
  2886    250.94000      2.15304    297.21290      0.54471
  2923    196.02120      1.91859    295.54070      0.61642
  2962    302.95570      2.28066    260.62910      0.66284
  3001    428.50140      2.50713    143.58150      0.66793
  3040    796.16810      1.77788    102.58940      0.12232
  3079    857.33870      1.30418     99.40160      0.12011
  3118    827.67330      1.60156     98.91879      0.11592
  3154    259.69820      2.20959    195.88780      1.09357
  3193    719.97790      2.09011    107.68980      0.25851
  3232    870.21720      0.88887    100.83860      0.09978
  3273    191.99520      1.93270    304.59210      0.48323
  3312    192.16510      1.93711    314.69280      0.49007
