   823    327.25090      2.43344    290.09900      0.75487
   886    318.42630      2.40203    285.85460      0.77615
   926    319.59780      2.43476    284.05430      0.76357
   964    316.61970      2.40071    286.35170      0.68001
  1004    301.66760      2.33104    265.29150      0.65277
  1043    308.46130      2.38389    276.04960      0.59575
  1080    376.29180      2.57389    250.71490      0.52579
  1119    389.41590      2.59945    238.20530      0.56671
  1158    375.61410      2.57965    244.58650      0.55881
  1197    275.49710      2.32704    261.54260      0.65969
  1236    371.78060      2.58744    226.38670      0.52002
  1273    432.93520      2.66478    218.50730      0.43035
  1312    264.63780      2.32480    254.29970      0.66819
  1352    243.41870      2.28027    275.65570      0.44487
  1393    251.24760      2.32165    274.67720      0.44310
  1432    211.82720      2.14102    278.66100      0.43950
  1470    268.85630      2.32194    263.16730      0.53653
  1509    258.97770      2.29051    260.62390      0.57238
  1547    366.11280      2.56371    257.92960      0.44970
  1586    318.21000      2.46699    250.66370      0.52300
  1625    210.13250      2.14929    253.89940      0.65066
  1664    231.78710      2.22564    269.00060      0.53466
  1702    175.54330      1.94095    280.40800      0.45084
  1741    542.11820      2.67762    107.14990      0.37974
  1780    908.70560      1.00657    102.28340      0.11554
  1801    922.38740      0.85464    107.22470      0.12498
  1858    508.63850      2.66236    143.32640      0.37493
  1896    232.77210      2.23945    212.80250      0.91817
  1930    236.71730      2.20678    276.10240      0.45151
  1969    192.84570      2.08264    269.98690      0.47983
  2009    480.54270      2.65805    106.64210      0.40520
  2048    248.56450      2.23857    210.95030      0.87942
  2087    298.20610      2.41471    185.21700      0.86945
  2124    229.43330      2.19402    221.00420      0.90310
