   824    326.92840      2.44012    289.23390      0.76929
   868    334.00730      2.45509    284.76190      0.75948
   907    315.57000      2.37428    275.24910      0.76788
   946    301.41820      2.36362    290.36100      0.67445
   985    292.71610      2.36080    285.99180      0.67335
  1025    309.44660      2.38859    272.32240      0.63621
  1065    351.16070      2.51834    257.47870      0.55830
  1105    383.35280      2.59050    246.92120      0.48264
  1143    303.31980      2.43468    262.10150      0.68782
  1182    332.26390      2.48328    253.89790      0.53444
  1222    299.76380      2.42175    246.32050      0.69525
  1261    464.20550      2.69070    209.54770      0.39236
  1300    383.79540      2.58944    221.21420      0.47706
  1337    265.11540      2.30921    261.66910      0.52034
  1376    211.97610      2.15878    274.13870      0.48166
  1415    209.04710      2.12698    274.48650      0.45574
  1452    211.12020      2.13384    277.93420      0.45061
  1492    348.45600      2.54256    236.95090      0.60102
  1531    214.38790      2.17484    271.43830      0.52973
  1570    227.55310      2.17774    273.60390      0.46918
  1611    249.56260      2.30629    239.65190      0.71862
  1643    301.52520      2.41320    242.93960      0.57702
  1682    209.00900      2.13684    278.30010      0.46234
  1721    207.55780      2.14357    249.77320      0.83377
  1760    831.12860      1.80480    102.63390      0.13893
  1799    922.29220      0.87089    107.26830      0.12512
  1851    671.34310      2.44677    125.17650      0.22559
  1888    285.54950      2.39170    194.39210      0.82219
  1927    225.45940      2.15025    276.20290      0.44391
  1967    197.05070      2.05897    271.01910      0.43993
  2006    466.12640      2.64915    110.48720      0.44606
  2045    271.38840      2.32990    185.22300      0.91356
  2085    297.66600      2.39081    195.72360      0.85936
  2127    222.35240      2.14803    233.53200      0.87409
