   856    302.24520      2.36321    274.48310      0.60162
   881    333.20470      2.47702    242.20940      0.85550
   921    422.63710      2.63778    228.55350      0.70045
   960    800.94930      1.95909    211.52710      0.46371
   999    498.32860      2.69780    227.28620      0.44551
  1038    352.72560      2.52484    240.14470      0.71339
  1077    256.74950      2.21496    256.97810      0.81369
  1114    250.91020      2.23148    258.04550      0.77000
  1153    291.84870      2.38285    261.98070      0.64085
  1194    351.96920      2.53648    264.39040      0.54602
  1233    405.39300      2.62609    254.68500      0.61835
  1272    274.42550      2.38224    259.47170      0.67125
  1311    406.24950      2.64093    226.28220      0.65397
  1350    354.96300      2.57488    245.22750      0.45926
  1389    429.41670      2.66815    228.80160      0.49973
  1428    406.55380      2.64553    207.69000      0.60848
  1467    425.02530      2.67039    205.67680      0.65223
  1497    365.64300      2.59648    201.02230      0.72734
  1535    515.28440      2.70823    163.98380      0.45891
  1573    347.30620      2.52141    217.40490      0.65792
  1612    614.92990      2.51107    192.48670      0.56227
  1651    316.26910      2.48795    223.83130      0.72471
  1680    478.24270      2.69581    199.78000      0.61572
  1719    750.68760      2.11869    179.07490      0.28854
  1758    745.88700      2.12005    171.23410      0.28442
  1797    863.06600      1.35040    141.19740      0.22046
  1836    716.00620      2.34963    147.60700      0.24513
  1876    467.76680      2.70454    130.95230      0.48621
  1915    680.89710      2.52102    114.53080      0.15743
  1952    501.44790      2.70471    151.05560      0.46588
  1992    460.28020      2.67519    193.66800      0.65149
  2022    577.61240      2.64272    180.24790      0.59403
  2059    779.44450      1.93313    193.48000      0.44857
  2105    804.22810      1.62737    180.65940      0.42186
  2140    801.23390      1.81854    216.64190      0.24417
  2179    469.34270      2.67727    217.36580      0.35555
  2217    401.02110      2.59740    215.25110      0.46903
  2257    504.29750      2.69193    202.35080      0.32789
  2296    367.68090      2.57293    216.48940      0.53847
  2336    397.10610      2.54060    233.06640      0.51456
  2375    380.08760      2.42778    253.36810      0.33190
  2414    565.08840      2.45313    259.34800      0.33949
  2452    407.98830      2.51370    261.64290      0.37790
