  2533    250.95320      2.11047    285.97120      0.44860
  2555    235.59350      2.09382    288.26380      0.43159
  2591    191.18910      1.90462    293.53350      0.45994
  2630    246.51170      2.09211    298.33580      0.42093
  2669    229.42070      2.04417    296.01550      0.50748
  2708    198.21900      1.92764    293.41130      0.56741
  2747    288.46360      2.20934    292.98590      0.50367
  2786    312.19480      2.28398    302.85670      0.44100
  2824    328.26410      2.31233    297.58590      0.47965
  2862    274.27250      2.20142    300.57760      0.48997
  2901    230.45110      2.07039    296.84090      0.56217
  2940    254.89880      2.14980    272.73700      0.73155
  2979    421.85330      2.49168    225.89570      0.53689
  3016    533.97160      2.53535    106.88960      0.24519
  3054    801.12950      1.73999    102.05600      0.12336
  3095    834.53320      1.43711    100.11980      0.11092
  3133    661.15850      2.36339    100.80330      0.18921
  3171    197.18010      1.96264    276.22250      0.75450
  3211    869.12000      0.87194     99.73973      0.10105
  3249    523.56540      2.53022    138.90560      0.73147
  3270    190.64700      1.93117    296.77950      0.52520
  3308    192.83220      1.95503    314.45560      0.50479
