   200    312.00600      1.59726    194.97610      0.36938
   740     18.25070      0.06263    230.09600      0.39945
  1140     54.00873      0.21847    223.84330      0.47567
  1500    113.33160      0.28556    217.69760      0.29908
  1800    309.94530      0.66885    218.48610      0.28414
  2180    219.72100      0.31103    188.30290      0.16491
  2560    228.38550      0.39736    187.09970      0.25365
  2880    161.24480      0.43973    209.12190      0.26939
  3260    293.89090      0.84046    191.29300      0.23066
  3600    386.63710      0.72709    208.09440      0.21091
  3940     44.06143      0.06630    200.40210      0.24935
  4300    460.78340      0.95980    198.38630      0.18362
