   855    334.60800      2.44931    284.66890      0.81232
   861    332.43810      2.43729    285.80550      0.78578
   902    314.09510      2.39543    287.53450      0.76001
   941    306.88090      2.36265    285.34640      0.74950
   980    292.31410      2.36162    286.79560      0.67433
  1020    308.14570      2.39193    273.24400      0.66635
  1059    330.52610      2.44894    266.17250      0.58086
  1098    377.75800      2.56744    251.70490      0.52914
  1137    281.94980      2.34796    265.75680      0.65552
  1176    347.73750      2.53134    252.23860      0.51687
  1215    270.67250      2.34077    264.25210      0.70255
  1253    446.06100      2.67539    210.87400      0.40926
  1292    426.66250      2.65111    217.59710      0.48710
  1331    260.48970      2.28063    267.37330      0.51897
  1370    216.10770      2.19211    276.93210      0.45706
  1409    227.86660      2.21018    270.52530      0.46170
  1448    220.66270      2.17415    276.81810      0.48464
  1487    270.20500      2.34336    262.18140      0.51490
  1526    226.68090      2.15969    271.99860      0.48547
  1567    228.48830      2.20892    269.45060      0.50772
  1602    596.55760      2.56243    186.47980      0.43912
  1646    307.37680      2.41131    243.74530      0.55801
  1685    200.58210      2.04896    278.65650      0.46085
  1723    240.00980      2.24346    223.84180      0.96034
  1762    854.41060      1.61586    102.04140      0.14474
  1804    922.72640      0.84076    106.26680      0.12207
  1862    498.72610      2.66173    150.14060      0.42068
  1901    214.90090      2.15534    235.37430      0.85882
  1940    228.30750      2.16289    279.24920      0.42685
  1979    329.25590      2.46790    205.52510      0.87854
  2018    482.19840      2.66252    103.17780      0.34733
  2056    199.45350      2.04172    256.52330      0.70821
  2095    422.21960      2.61751    139.72570      0.48919
  2134    227.78410      2.16678    255.03760      0.75774
