   175      0.00000      0.00000    233.39510      0.33878
   208      0.00000      0.00000    217.74090      0.26014
   247      0.00000      0.00000    214.07700      0.21059
   286      0.00000      0.00000    212.06250      0.19712
   325      0.00000      0.00000    212.09710      0.20386
   364      0.00000      0.00000    209.01370      0.24198
   403      0.00000      0.00000    209.20470      0.23058
   442      0.00000      0.00000    207.96720      0.22315
   481      0.00000      0.00000    208.16180      0.20926
   520      0.00000      0.00000    214.78130      0.24204
   559      0.00000      0.00000    212.53360      0.22521
   598      1.50271      0.00333    209.44120      0.21742
   632      5.16737      0.00998    208.20010      0.24103
   671      9.97482      0.01760    208.20960      0.21435
   711     15.41212      0.02342    205.56420      0.22519
   750     20.26155      0.03210    205.17630      0.23261
   789     25.09023      0.03928    205.88900      0.22459
   828     29.83965      0.04401    206.34030      0.21157
   866     35.25013      0.05293    203.67440      0.22147
   905     41.87662      0.06332    199.01880      0.25640
   945     46.32903      0.07341    202.95060      0.23675
   984     51.41584      0.07754    206.14560      0.23946
  1022     57.04828      0.08973    204.96350      0.25043
  1061     62.73753      0.09675    201.03730      0.26979
  1100     65.48755      0.10599    207.49610      0.19079
  1140     76.17233      0.11460    189.07500      0.19584
  1177     72.86617      0.13471    216.39710      0.24414
  1216     87.10008      0.12596    181.12010      0.19917
  1255     92.02979      0.13596    185.71330      0.21385
  1294     94.55530      0.13969    191.18640      0.19474
  1333    105.71680      0.14564    180.30510      0.17259
  1372    105.62620      0.16096    203.98930      0.19127
  1411    110.41520      0.17138    211.41320      0.21163
  1450    113.92880      0.17164    216.67320      0.20619
  1488    119.47090      0.18094    222.55470      0.22913
  1527    111.23120      0.24553    225.30780      0.30717
  1566    110.01010      0.26424    234.05720      0.21051
  1605    113.63320      0.27676    231.02070      0.21249
  1643    136.47140      0.24264    215.25430      0.29316
  1682    150.90520      0.24141    202.21800      0.25446
  1721    155.08680      0.27796    199.19420      0.34804
  1760    142.78970      0.39663    201.64000      0.36691
  1798    130.15550      0.39869    240.25780      0.36019
  1837    122.93270      0.47368    223.90930      0.47613
