   841    321.53280      2.40888    286.19890      0.79160
   891    314.98390      2.37333    286.29090      0.77840
   932    313.54540      2.38420    289.94950      0.72391
   971    301.81040      2.36411    286.48660      0.65514
  1011    308.03440      2.37094    279.45940      0.61320
  1049    312.65270      2.40399    268.04640      0.66742
  1087    375.60620      2.55105    250.97750      0.53237
  1126    344.12170      2.53305    253.73700      0.61037
  1165    380.46880      2.56737    243.57840      0.49280
  1204    268.06040      2.31491    263.48780      0.65721
  1243    403.94380      2.62340    221.12550      0.44557
  1282    433.02690      2.66582    216.68840      0.41938
  1322    250.87720      2.28403    263.49510      0.55903
  1361    217.05430      2.17310    274.15590      0.46061
  1400    250.55010      2.29111    273.54310      0.44361
  1441    216.30120      2.15498    279.37390      0.45549
  1480    271.07060      2.33654    260.89590      0.52497
  1518    218.32420      2.15897    271.24630      0.52089
  1557    416.90770      2.62618    246.66960      0.45707
  1595    598.62710      2.53611    200.68020      0.45617
  1634    246.64200      2.26209    243.84400      0.66459
  1674    226.39190      2.19159    273.07610      0.47271
  1713    170.27900      1.91582    282.17900      0.52832
  1752    707.82590      2.39604    103.95090      0.17100
  1791    917.49140      0.91597    104.39990      0.12067
  1830    864.02900      1.27893    118.39540      0.13360
  1869    511.56150      2.65582    151.10070      0.40393
  1907    194.90030      2.04303    266.20170      0.61964
  1949    231.77950      2.16897    273.34210      0.44799
  1989    653.88740      2.35800    147.55560      0.60262
  2028    479.53770      2.65806    108.30550      0.35004
  2067    190.32440      2.01938    259.76410      0.71958
  2105    388.58980      2.58246    148.95100      0.60705
