   400      0.00000      0.00000    226.31520      0.41728
   600    128.64530      1.30676    232.04660      0.50942
  1000    257.05350      1.29300    224.62250      0.37239
  1400    289.93220      1.08880    216.79500      0.27102
  1880    161.54740      0.34957    213.60140      0.31911
  2280    227.41280      0.35857    193.84660      0.22072
  2740    268.39530      0.65490    192.02480      0.24033
  3140    283.02290      0.76223    198.71540      0.41672
  3540    385.10520      0.67293    207.70490      0.22501
  3920     45.52279      0.06402    203.52720      0.19711
  4340      0.00000      0.00000    212.20470      0.19872
  4520    445.07110      1.12148    213.19190      0.22177
