   186      0.00000      0.00000    221.98330      0.28488
   193      0.00000      0.00000    226.73280      0.24217
   239      0.00000      0.00000    192.63800      0.27732
   292      0.00000      0.00000    183.96750      0.25884
   329      0.00000      0.00000    183.11020      0.19941
   367      0.00000      0.00000    197.76320      0.28790
   406      0.00000      0.00000    183.33140      0.19881
   446      0.00000      0.00000    204.97520      0.25371
   484      1.79006      0.00370    203.32580      0.28272
   520      5.66945      0.01052    203.67120      0.20191
   561     10.61531      0.01814    201.57680      0.19875
   598     15.36879      0.02449    199.15680      0.19128
   637     21.01413      0.03425    201.57270      0.22521
   675     25.02832      0.03841    205.59240      0.22213
   714     30.48008      0.04375    208.18460      0.22095
   753     35.92707      0.05670    207.56740      0.22435
   792     41.00074      0.06162    205.98580      0.24805
   830     45.25418      0.07221    207.33710      0.25978
   869     50.86684      0.07721    210.78080      0.24758
   908     55.85868      0.08755    216.76630      0.25570
   947     61.32339      0.09269    217.15060      0.25533
   986     66.99073      0.10354    216.35110      0.25531
  1024     72.71233      0.11039    205.72070      0.22691
  1063     79.93877      0.11769    205.73120      0.22311
  1102     85.67078      0.12497    203.38640      0.23797
  1141     90.64642      0.13525    205.52850      0.22392
  1180     97.48944      0.14106    206.79780      0.22711
  1219    101.76340      0.14172    205.83920      0.22493
  1258    106.60380      0.15822    210.59050      0.22973
  1297    111.41800      0.16881    207.10730      0.27092
  1336    117.80740      0.17472    210.67450      0.27088
  1375    105.29080      0.22684    222.23560      0.29590
  1412    109.44480      0.24106    217.81860      0.32073
  1451    113.69830      0.25114    221.47230      0.29934
  1490    118.26460      0.26391    222.69530      0.29224
  1529    123.25650      0.27652    227.11110      0.29918
  1566    140.29240      0.24966    226.79870      0.33098
  1605    146.25540      0.24507    226.20580      0.32918
  1643    110.48430      0.41652    231.23430      0.38608
  1680    123.86560      0.42147    229.11770      0.36729
  1718    128.35980      0.44940    227.78200      0.32977
  1757    106.01850      0.51049    230.50680      0.42555
  1796    121.59120      0.52819    234.61470      0.33865
  1832    143.16640      0.50613    231.19270      0.34971
