   150      0.00000      0.00000    220.55920      0.33541
   189      0.00000      0.00000    223.96750      0.33226
   228      0.00000      0.00000    213.10700      0.22415
   268      0.00000      0.00000    213.78570      0.22623
   302      0.00000      0.00000    213.24180      0.20659
   341      0.00000      0.00000    210.12830      0.21163
   380      0.00000      0.00000    210.57160      0.23930
   419      0.00000      0.00000    209.34320      0.21582
   458      0.00000      0.00000    207.50160      0.22146
   497      0.00000      0.00000    208.29040      0.23166
   535      0.00000      0.00000    215.99570      0.24271
   575      0.00000      0.00000    210.71750      0.21426
   613      3.07794      0.00641    208.94960      0.20019
   653      7.71852      0.01400    209.20550      0.20607
   691     12.66332      0.02074    206.96670      0.23190
   731     18.07825      0.02770    203.20430      0.24817
   769     22.64212      0.03570    205.98630      0.21085
   808     26.98284      0.04313    207.19290      0.20584
   847     32.42337      0.05119    203.02290      0.21133
   886     38.32296      0.05969    199.97820      0.24039
   925     44.19288      0.06574    201.86850      0.24518
   964     48.76050      0.07565    201.88590      0.23891
  1003     53.70185      0.08433    207.67490      0.22127
  1042     58.37112      0.09274    208.09950      0.21645
  1081     63.90855      0.10163    206.34950      0.21542
  1121     72.44990      0.11120    192.86300      0.20211
  1160     74.68182      0.12806    207.52520      0.24697
  1199     84.99550      0.13055    185.77490      0.19508
  1238     88.65329      0.13598    190.01450      0.19517
  1278     94.77905      0.14401    189.51990      0.19847
  1317    102.48000      0.15302    182.82770      0.15606
  1356    107.57680      0.15940    196.33360      0.19125
  1395    109.68980      0.17023    206.87830      0.21152
  1432    115.02080      0.17414    212.41500      0.21807
  1471    116.97340      0.18102    219.89110      0.20504
  1510    117.36330      0.21056    220.98390      0.29161
  1549    108.10120      0.25527    233.02780      0.20110
  1589    115.98880      0.25427    232.46450      0.22190
  1628    121.24870      0.27148    231.28790      0.29311
  1667    140.58980      0.24518    224.12840      0.28793
  1706    150.14890      0.26501    211.08560      0.29307
  1745    162.97020      0.27881    181.25450      0.23955
  1783    130.51160      0.35858    237.94010      0.32523
  1821    127.39600      0.44480    228.85410      0.45215
