   821    324.95130      2.41570    289.58990      0.76199
   860    329.56230      2.41830    286.77900      0.79863
   899    312.68230      2.35953    285.47490      0.80665
   938    312.74400      2.38638    294.00110      0.68828
   978    293.26030      2.36486    286.47950      0.68759
  1017    306.05200      2.36927    278.00530      0.65597
  1056    315.39410      2.40672    271.91440      0.57421
  1095    372.62950      2.56746    251.60360      0.52709
  1135    277.81740      2.33879    264.57520      0.65979
  1173    352.87010      2.53490    250.74310      0.53880
  1212    263.46920      2.31304    265.91880      0.70120
  1252    438.00290      2.67071    212.13140      0.39751
  1290    436.26010      2.67337    218.10850      0.46872
  1330    272.28450      2.31983    264.29770      0.52483
  1369    219.73470      2.20160    276.71170      0.44298
  1408    232.45770      2.22270    269.56790      0.45079
  1447    215.26120      2.15796    278.12450      0.47219
  1486    264.58460      2.33892    263.67770      0.52473
  1523    220.19430      2.19469    274.78470      0.45815
  1562    355.55090      2.54639    250.74240      0.48166
  1604    530.08360      2.64695    190.22090      0.52926
  1647    309.10310      2.45184    246.55910      0.54598
  1686    199.26330      2.07930    279.25090      0.45349
  1724    256.86610      2.32019    209.07440      0.98476
  1763    863.71770      1.56904    101.60320      0.14427
  1812    875.78340      1.47997    104.68840      0.12351
  1852    640.48940      2.50314    127.77540      0.28413
  1889    271.78780      2.33887    197.99940      0.84530
  1929    235.98700      2.20164    275.06130      0.44382
  1968    189.87620      1.99984    272.33460      0.45774
  2007    468.63030      2.65902    109.33850      0.44311
  2046    257.52050      2.27222    194.08530      0.93020
  2084    256.42370      2.26562    205.33330      0.91313
  2123    237.06710      2.20736    211.14890      0.90033
