   836    298.61100      2.35917    268.36180      0.69644
   894    334.33600      2.46634    246.45590      0.76470
   932    598.06300      2.64715    211.86970      0.47299
   972    731.17840      2.27638    223.30240      0.37441
  1015    850.88160      1.49956    211.95550      0.47722
  1054    286.40210      2.33653    253.57470      0.74202
  1091    250.02810      2.23601    261.81390      0.75456
  1130    269.02870      2.33861    258.63320      0.75299
  1171    334.00650      2.46103    264.48250      0.59720
  1208    376.56910      2.57682    263.03010      0.53154
  1247    293.62040      2.42652    250.56630      0.71275
  1286    392.61560      2.62500    246.69830      0.69321
  1324    228.24250      2.21994    242.80980      0.76189
  1363    518.39000      2.67647    237.96580      0.43202
  1402    361.04590      2.58508    235.79310      0.58546
  1441    846.29730      1.53123    133.55400      0.20405
  1486    271.33170      2.41464    235.50360      0.64464
  1525    400.57150      2.64362    184.76200      0.62826
  1564    349.56450      2.57512    198.19010      0.64662
  1603    668.24180      2.36701    177.61230      0.46262
  1638    648.76770      2.40368    191.82300      0.57182
  1695    683.43860      2.47394    186.06730      0.30342
  1731    842.98050      1.37733    180.89720      0.24134
  1791    844.84330      1.57526    140.29030      0.22351
  1830    841.61250      1.58945    141.56460      0.19416
  1869    441.90390      2.65057    165.43690      0.63843
  1906    645.82650      2.59756    117.13870      0.25252
  1945    571.14450      2.67678    133.06990      0.32663
  1984    707.20240      2.27589    165.77700      0.49486
  2029    473.44040      2.63546    208.60620      0.61831
  2067    685.51300      2.39197    193.32440      0.46567
  2098    817.39160      1.61692    159.65670      0.39610
  2138    781.02560      1.95889    217.65330      0.25955
  2177    469.31280      2.67382    217.10320      0.33510
  2215    412.72640      2.62837    213.95860      0.44474
  2255    503.47970      2.68546    202.16060      0.28505
  2293    363.30680      2.54410    218.48360      0.53568
  2332    405.70090      2.57383    230.20150      0.50887
  2371    374.60700      2.43272    249.16030      0.37616
  2410    529.62490      2.36342    259.75020      0.32956
  2449    446.47260      2.54867    257.82500      0.44096
