   160    163.67880      1.49482    222.44110      0.60651
   186    173.02670      1.50620    225.43210      0.58584
   207    126.64430      1.40231    223.12840      0.59435
   229    118.36710      1.39268    217.03960      0.59684
   249    159.48010      1.51814    207.38350      0.56291
   268    195.68490      1.58642    205.16720      0.54017
   288    255.44420      1.65152    206.00540      0.48463
   308    295.83940      1.66492    210.40060      0.46979
   328    326.71050      1.66229    211.13050      0.44489
   349    347.72310      1.65903    210.35020      0.45000
   369    375.55610      1.62962    209.80350      0.46989
   389    407.57290      1.59736    206.24540      0.48422
   409    411.65050      1.59404    204.86150      0.49630
   429    400.01850      1.63594    203.80020      0.50563
   450    402.01130      1.63303    202.06490      0.52252
   470    405.94420      1.62617    201.28360      0.51950
   490    395.33140      1.67411    196.61750      0.53356
   510    384.89950      1.69327    192.20830      0.52486
   530    364.68290      1.72279    193.83310      0.53874
   550    336.21040      1.74850    199.60180      0.55061
   570    275.45700      1.74728    207.58960      0.57055
   591    188.20030      1.63081    217.17780      0.60410
   611    121.45710      1.47034    224.00140      0.66215
   631    106.85670      1.43277    231.20230      0.66098
   651    100.70980      1.40800    237.59270      0.65503
   671    101.93490      1.41108    239.67810      0.62645
   692    103.30790      1.41856    236.09940      0.62628
   712    113.35470      1.44827    231.78170      0.62350
   732    120.87830      1.48618    224.65280      0.61268
   752    118.98550      1.49021    225.08320      0.61819
   772    104.40430      1.43660    228.39050      0.65919
   792     94.01372      1.38377    231.62680      0.67785
   812     93.96825      1.42521    236.41810      0.65369
   833     90.34701      1.36920    238.88030      0.63111
   853    109.85100      1.47111    236.76800      0.60170
   872    118.38050      1.49360    237.29410      0.55899
   892    130.97280      1.54212    234.83700      0.57180
   913    114.59640      1.48226    236.03030      0.57146
   933    110.01410      1.50269    231.77520      0.62355
   953    106.32030      1.46174    227.88260      0.64266
   973    112.57370      1.51217    225.20640      0.64817
   994    101.32220      1.46237    229.08710      0.65374
  1014     93.74125      1.44420    231.75540      0.64216
  1034     85.66641      1.38907    238.60970      0.62778
  1054     88.59756      1.43878    241.38280      0.60046
  1074     81.68758      1.37926    240.87690      0.60226
  1094     82.37728      1.38530    240.46580      0.58445
  1115     83.51885      1.38308    240.11910      0.59030
  1135     85.96928      1.41649    242.76620      0.58199
  1155     84.81278      1.40856    244.47820      0.55894
  1180     86.47698      1.41398    245.61790      0.55215
  1199    119.06530      1.54772    248.29290      0.51598
  1219    121.90950      1.56964    249.23680      0.51534
  1239    105.11540      1.49848    247.39840      0.53940
  1259    158.85790      1.71227    250.24420      0.48394
  1279    102.53400      1.46977    246.39440      0.57053
  1299     83.55536      1.43402    246.82050      0.56762
  1319     83.39414      1.43254    246.15560      0.56759
  1338     88.85999      1.47111    244.83380      0.61209
  1358     87.56183      1.46432    246.96130      0.60596
  1378     82.49914      1.44259    246.52700      0.61303
  1398     85.79369      1.43168    246.69130      0.61477
  1418     85.87733      1.44795    246.40970      0.62797
  1438     83.03129      1.41869    246.48220      0.60982
  1458     90.44572      1.47884    245.94380      0.63888
  1478     87.28519      1.45288    245.74550      0.64463
  1498     87.79506      1.48326    247.02480      0.61244
  1518     83.52299      1.42834    245.97660      0.63958
  1538     88.11121      1.46920    247.08920      0.62995
  1558     88.76383      1.50441    248.74570      0.64038
  1578     85.46371      1.48819    249.72390      0.62948
  1598     85.21832      1.47060    248.44120      0.66189
  1618     89.95929      1.51225    248.87040      0.67918
  1638     88.98254      1.50399    249.92760      0.67410
  1658     87.21954      1.49763    251.08560      0.71806
  1678     90.05309      1.47749    253.98950      0.67184
  1698     88.50391      1.49534    253.72780      0.67365
  1718     95.19276      1.52694    258.71870      0.60460
  1738    135.55190      1.61719    267.76450      0.42000
  1758    180.05650      1.64234    268.37430      0.36558
  1778    180.67770      1.64800    268.50560      0.34982
  1798    181.78870      1.67100    268.88400      0.36749
  1819    181.95180      1.61869    269.04930      0.34539
  1838    182.78340      1.66990    270.33370      0.33458
  1859    173.62920      1.62982    268.97750      0.34591
  1879    160.41440      1.65998    269.45400      0.35098
  1899    171.45860      1.70137    267.88690      0.36382
  1919    181.16510      1.67918    266.93550      0.35577
  1939    182.20490      1.70088    267.20760      0.39643
  1959    152.19100      1.67761    264.97410      0.46242
  1979     92.27724      1.53861    256.36810      0.66795
  1999     93.50758      1.57945    255.35960      0.65920
  2019     90.95531      1.53291    255.07410      0.64771
  2039     85.36517      1.50449    255.17240      0.63267
  2060     90.22099      1.55569    254.71440      0.68077
  2080     93.18597      1.56503    254.21720      0.66792
  2100    121.51010      1.65178    257.69850      0.61784
  2120    159.39520      1.69069    257.27190      0.54126
  2141    212.71270      1.80595    250.02020      0.52056
  2161    238.78650      1.90996    249.37440      0.54345
  2181    335.22570      2.13006    234.29440      0.49374
  2201    408.71820      2.19049    227.15960      0.42461
  2221    462.38180      2.19520    219.47130      0.34298
  2241    484.59750      2.18317    218.74450      0.32082
  2261    474.71440      2.20130    221.89470      0.33735
  2281    417.40760      2.21734    226.96860      0.37917
  2301    409.30500      2.20706    227.69670      0.40141
  2321    367.60690      2.19676    230.02920      0.47033
  2341    342.70840      2.18289    232.94490      0.49446
  2361    346.11180      2.18460    233.13040      0.46162
  2381    335.41560      2.18446    237.47900      0.46876
  2401    303.72310      2.13130    239.77640      0.49425
  2421    209.88180      1.93437    241.57010      0.60654
  2441    163.11070      1.86588    221.90040      0.74658
  2461    171.44190      1.92116    205.80860      0.75256
  2481    295.99440      2.20847    189.65190      0.63674
  2501    458.52240      2.27781    166.69950      0.34854
  2521    549.67880      2.17731    158.84270      0.19415
  2541    567.26460      2.12841    157.95790      0.18594
  2561    593.82320      2.03564    162.16010      0.20064
  2581    601.23420      2.00393    171.65850      0.24696
  2601    588.73210      2.08257    191.47860      0.27999
  2624    520.90220      2.23912    213.20310      0.24832
  2644    456.14350      2.29633    220.62550      0.28704
  2664    483.50670      2.27446    224.75020      0.26315
  2684    544.85170      2.19685    227.66450      0.26268
  2704    460.81820      2.28438    234.76950      0.32184
  2724    338.13610      2.25901    240.53960      0.33327
  2744    329.43220      2.27606    239.72890      0.35631
  2764    435.67170      2.31365    227.36550      0.37658
  2785    523.38920      2.27257    203.76210      0.39684
  2805    557.23110      2.26068    182.96560      0.33880
  2825    567.46610      2.23552    179.69430      0.33515
  2844    546.46890      2.26663    191.18750      0.33556
  2864    571.35500      2.24310    173.70610      0.27969
  2885    592.38660      2.17940    162.14080      0.22874
  2905    567.38260      2.26043    163.98290      0.27813
  2925    499.71680      2.34306    197.36420      0.42968
  2945    526.06290      2.29234    221.59240      0.34408
  2965    521.39810      2.30739    227.02980      0.30581
  2985    369.84520      2.32967    243.41470      0.35144
  3004    267.51810      2.12239    249.58180      0.35180
  3024    326.74640      2.27203    241.90190      0.32370
  3044    339.45260      2.29655    246.18000      0.35457
  3064    263.91800      2.16721    254.92530      0.35115
  3084    334.33780      2.30736    251.74780      0.33661
  3104    451.41140      2.37596    245.50100      0.31470
  3124    374.68110      2.34887    252.52600      0.34562
  3147    305.17950      2.24091    260.60230      0.38099
  3169    315.41370      2.27646    256.76770      0.36229
  3189    348.05420      2.31860    246.01060      0.34819
  3209    380.94470      2.38115    243.40670      0.33976
  3229    393.07600      2.39366    243.42910      0.37095
  3249    395.99610      2.39639    243.80970      0.36595
  3275    357.97530      2.36720    239.91910      0.43768
  3297    345.56450      2.34815    230.90510      0.51058
  3317    309.39610      2.29962    228.97860      0.58794
  3337    279.11720      2.25712    220.30520      0.62621
  3357    263.14750      2.19948    232.94800      0.67212
  3378    245.92030      2.13395    254.31590      0.60290
  3398    263.28670      2.17662    251.39740      0.60258
  3418    275.66440      2.19008    245.52560      0.62480
  3438    276.33340      2.20428    247.23890      0.60403
  3458    261.76530      2.18249    255.56440      0.55804
  3478    288.09600      2.25874    263.47620      0.44035
  3497    285.26490      2.25545    269.17890      0.42058
  3517    184.35180      1.99554    275.75580      0.42339
  3537    102.72270      1.71396    273.41770      0.60918
  3557     94.86384      1.70780    273.17470      0.63672
  3577     99.26331      1.73079    272.57490      0.65584
  3597    100.93500      1.71743    273.45180      0.64784
  3617    102.87810      1.72721    273.25290      0.60788
  3637    155.33550      1.91386    274.28120      0.47601
  3657    278.23440      2.27320    264.89340      0.33627
  3677    265.64230      2.24441    266.38200      0.33890
  3697    225.89170      2.09583    275.23120      0.36373
  3717    207.32580      2.00399    285.23350      0.41420
  3737    206.25000      1.99796    287.13130      0.43302
  3757    229.17990      2.10161    279.67630      0.51139
  3777    253.33520      2.17680    267.44040      0.67420
  3797    279.31800      2.28251    242.71690      0.69018
  3817    294.96680      2.33602    230.70280      0.72964
  3837    300.26250      2.33199    214.92260      0.72363
  3857    307.18460      2.33380    210.32680      0.73525
  3877    326.14940      2.40232    203.38320      0.71679
  3897    317.52350      2.38405    202.79320      0.73080
  3917    316.27200      2.37153    203.02000      0.73890
  3938    312.50440      2.38822    188.89580      0.67748
  3957    318.66980      2.42003    172.06920      0.62204
  3977    329.21800      2.41631    175.15530      0.53713
  3997    365.36880      2.48710    168.49600      0.50903
  4017    394.96080      2.52276    176.45880      0.50198
  4037    394.12330      2.52130    160.87130      0.48816
  4057    425.01060      2.54347    162.08850      0.48565
  4077    483.11120      2.56422    169.01740      0.45243
  4097    494.09250      2.56057    169.86660      0.43962
  4117    448.86670      2.56741    164.37260      0.39617
  4137    408.54940      2.54160    176.01830      0.41196
  4157    412.61840      2.55086    189.79620      0.45205
  4177    381.11150      2.53316    193.34420      0.53159
  4197    341.21320      2.48530    193.63460      0.63188
  4217    324.87150      2.44884    199.11200      0.73052
  4237    366.52980      2.50894    191.76880      0.66708
  4257    372.27060      2.51621    194.84610      0.69973
  4277    362.53250      2.49769    190.71930      0.69396
  4297    366.21220      2.51126    188.11860      0.70329
  4317    418.28140      2.57084    172.91290      0.60062
  4337    447.88100      2.58672    164.74190      0.48041
  4357    513.81740      2.59167    155.90600      0.43721
  4377    595.73190      2.53238    145.65440      0.31694
  4397    665.88540      2.39260    139.46740      0.20328
  4417    688.89920      2.34169    138.11490      0.19556
  4437    699.87970      2.31494    139.47880      0.19105
  4457    733.17230      2.21017    145.11910      0.19106
  4477    778.23430      1.94539    149.94630      0.19571
  4497    794.64060      1.85863    155.88330      0.19545
  4517    791.18460      1.90172    155.93920      0.19573
  4537    734.64130      2.21782    157.98180      0.23468
  4557    684.22680      2.35254    153.65680      0.22346
  4577    668.89980      2.38587    148.82440      0.27223
  4598    728.96850      2.20237    145.75380      0.16851
  4616    732.86250      2.15471    147.22890      0.16613
  4636    750.96300      2.10175    153.74860      0.20248
  4656    801.50350      1.89648    160.45490      0.19316
  4676    850.81730      1.52957    165.80610      0.18902
  4696    846.98760      1.41921    167.14410      0.18008
  4716    854.89870      1.42592    169.68730      0.17340
  4736    805.51510      1.83142    185.60460      0.26209
  4755    767.70650      2.06110    201.45520      0.28411
  4776    667.31700      2.38197    222.55700      0.41667
  4796    538.28730      2.56907    239.38030      0.53651
  4816    455.43140      2.54279    251.16990      0.65860
  4837    429.76900      2.58764    246.93070      0.67703
  4857    422.84130      2.58061    250.45850      0.69599
  4877    373.64420      2.47900    271.66600      0.74353
  4896    323.89750      2.36814    289.95570      0.70507
  4916    317.77350      2.41926    292.11750      0.68389
  4936    274.91250      2.33083    296.09660      0.64465
  4956    249.29320      2.23362    302.10400      0.66692
  4977    261.84510      2.22956    305.45860      0.67739
