   154      0.00000      0.00000    200.06500      0.21388
   207      0.00000      0.00000    213.34950      0.34108
   231      0.00000      0.00000    196.13900      0.30042
   270      0.00000      0.00000    181.64020      0.22961
   309      0.00000      0.00000    184.83600      0.27707
   344      0.00000      0.00000    193.88750      0.28384
   389      0.00000      0.00000    182.24050      0.22427
   431      0.00000      0.00000    200.73590      0.27290
   471      0.32691      0.00068    208.53940      0.22800
   510      4.38091      0.00865    203.08180      0.20541
   548      8.99232      0.01550    201.62420      0.18248
   587     13.82639      0.02308    199.10780      0.17132
   626     19.32191      0.03098    199.22210      0.22091
   665     24.24145      0.03870    203.08230      0.24181
   705     29.29451      0.04487    204.51420      0.24574
   744     34.52831      0.05455    207.79360      0.21757
   783     39.47525      0.06004    205.96190      0.23301
   823     44.26673      0.07160    207.86910      0.26111
   862     50.00434      0.07287    211.27910      0.25137
   901     54.73019      0.08863    212.67970      0.28902
   940     60.59354      0.09365    217.28460      0.26147
   979     65.78657      0.10298    217.30450      0.24889
  1018     72.08752      0.11347    205.48390      0.24915
  1057     78.92194      0.11775    206.39570      0.21216
  1098     84.81499      0.12709    202.96600      0.23199
  1137     89.94594      0.13899    205.53850      0.22499
  1176     95.82628      0.14411    207.11320      0.21756
  1215    100.75950      0.14806    205.37160      0.24138
  1254    106.23050      0.15859    209.32880      0.23794
  1293    110.98050      0.15736    208.24370      0.26437
  1333    117.64800      0.17095    211.15620      0.27033
  1372    105.74900      0.22226    222.53940      0.29848
  1411    109.39170      0.23109    217.60930      0.31283
  1450    113.42530      0.25046    221.84540      0.28999
  1489    118.07010      0.26512    224.24410      0.27006
  1528    122.99310      0.27288    227.59710      0.27490
  1568    141.59150      0.25034    226.84700      0.33766
  1606    144.96920      0.23967    226.36680      0.32739
  1647    102.45220      0.43086    232.04860      0.39426
  1687    127.05360      0.42293    227.65030      0.34163
  1726    130.11490      0.46967    225.67150      0.35162
  1765    111.14580      0.49253    229.51740      0.37472
  1804    138.43610      0.48748    229.27140      0.36551
