   166    167.74120      1.49604    222.86150      0.60869
   176    165.99880      1.49622    224.06330      0.59213
   196    156.10120      1.48138    225.29040      0.60837
   215    114.33660      1.38131    220.88360      0.60786
   235    132.29170      1.44307    213.23310      0.57994
   256    168.47790      1.53540    205.83850      0.55503
   276    217.46280      1.61300    204.78770      0.51588
   296    269.16850      1.65915    208.46180      0.47741
   316    313.90660      1.66201    210.72310      0.46045
   334    328.24650      1.66340    212.42250      0.45187
   354    352.35820      1.65484    210.03270      0.46853
   374    384.42190      1.62367    208.99740      0.47267
   394    413.25810      1.58580    206.41860      0.48341
   414    403.65430      1.61001    205.18150      0.48658
   435    402.40050      1.62318    203.06960      0.51468
   454    402.90780      1.63303    201.46070      0.52420
   474    404.60040      1.63864    201.67370      0.51019
   494    392.16280      1.67261    195.33270      0.52667
   514    378.44040      1.69726    192.42800      0.53153
   534    357.29440      1.73454    194.62490      0.54327
   554    331.89110      1.74713    201.07900      0.54908
   574    258.48430      1.72909    209.46640      0.57416
   594    186.49940      1.63595    219.68860      0.61539
   614    114.53780      1.43894    225.71620      0.65816
   634    103.12770      1.40148    231.98190      0.66836
   656    101.73850      1.39992    239.96030      0.61956
   677    103.06250      1.43028    240.44690      0.61222
   697    103.76270      1.39850    235.40930      0.61876
   717    116.01010      1.43972    228.25960      0.60689
   737    122.33790      1.48945    220.63880      0.60189
   756    117.64260      1.48160    225.25290      0.61578
   776    101.05700      1.42268    230.06460      0.64429
   796     91.59763      1.39306    233.18000      0.65717
   816    103.41970      1.45265    237.73510      0.63845
   836     92.39947      1.38188    238.75670      0.64148
   856    117.29840      1.48541    236.78310      0.60217
   876    129.08820      1.52615    235.50270      0.57344
   898    123.50640      1.53112    237.05840      0.55102
   918    115.73080      1.49621    235.21210      0.57722
   938    107.78060      1.49590    232.10760      0.60560
   958    111.61160      1.50881    227.71360      0.62735
   978    110.77910      1.50750    225.50950      0.65435
   998    100.08350      1.43901    227.69480      0.67100
  1018     91.33716      1.43133    232.41740      0.65753
  1039     89.42147      1.44723    239.80020      0.60986
  1059     83.66856      1.39880    241.60210      0.58969
  1079     83.34585      1.40942    243.47120      0.56588
  1099     86.60002      1.41568    241.43070      0.56528
  1119     82.34885      1.38407    240.93260      0.58330
  1139     85.50172      1.41718    243.86780      0.54907
  1159     81.27381      1.39922    243.40450      0.59333
  1178     88.36771      1.42104    243.38960      0.60163
  1198    118.83730      1.55182    248.23820      0.51937
  1218    123.03370      1.58280    249.95900      0.50800
  1238    105.67870      1.51306    247.40830      0.55242
  1258    159.36510      1.71300    250.58100      0.47258
  1278    107.76500      1.53450    247.79630      0.54027
  1297     87.47555      1.45182    245.00510      0.62755
  1317     83.28120      1.41749    246.38910      0.63301
  1337     87.49185      1.47992    245.43300      0.61379
  1357     83.10010      1.41248    245.41690      0.61722
  1377     81.92500      1.42535    246.44790      0.60904
  1397     87.81331      1.44787    246.45920      0.61807
  1417     84.12000      1.43354    245.84170      0.62415
  1437     84.42345      1.44280    246.18490      0.62473
  1457     86.43801      1.46341    247.55350      0.61194
  1477     87.71282      1.47128    245.50710      0.64977
  1497     88.71236      1.49214    245.13230      0.65207
  1517     87.94499      1.47283    246.70440      0.62209
  1537     86.95712      1.48077    246.66730      0.64340
  1557     87.00861      1.47346    248.84580      0.64913
  1577     85.51028      1.46682    248.66290      0.65306
  1597     88.96556      1.50003    248.92400      0.64723
  1617     84.07834      1.41471    250.28620      0.67165
  1637     86.54662      1.48521    251.62800      0.69100
  1657     86.81239      1.49204    253.18900      0.67423
  1677     90.86978      1.51985    253.49240      0.67820
  1697     90.31901      1.51929    255.45560      0.63254
  1717     94.01608      1.50698    258.06140      0.63875
  1737    131.82880      1.60467    268.96890      0.42987
  1757    182.34190      1.66502    269.03300      0.34462
  1777    178.18930      1.64193    268.87860      0.34492
  1797    182.44040      1.66599    269.36860      0.33579
  1817    182.50230      1.63308    269.50430      0.33228
  1837    182.88910      1.65425    268.88850      0.37994
  1857    175.09630      1.64675    268.72150      0.37843
  1877    157.56640      1.59882    269.53600      0.33417
  1897    165.25270      1.66950    268.89540      0.35593
  1917    180.18080      1.69578    266.77060      0.37154
  1937    182.79800      1.71695    267.23740      0.39154
  1957    149.25200      1.63360    266.05520      0.43738
  1977     90.67725      1.49525    258.33160      0.63110
  1997     93.57284      1.56504    254.52540      0.68498
  2017     89.09772      1.52883    254.18150      0.66007
  2037     85.30132      1.48923    254.52460      0.67466
  2057     92.68286      1.56767    255.06030      0.65647
  2076     94.45996      1.56235    255.29870      0.67206
  2096    112.41710      1.65194    257.88040      0.60384
  2116    147.30020      1.68297    257.77660      0.53764
  2136    195.15630      1.76290    253.68900      0.50663
  2156    232.16440      1.88012    250.23750      0.53481
  2176    309.52130      2.08665    239.41890      0.50871
  2196    386.77010      2.17743    228.01300      0.44852
  2216    454.59210      2.18765    220.18880      0.35114
  2236    483.39100      2.18969    219.24800      0.31554
  2256    489.07070      2.18336    219.71770      0.31440
  2274    442.19550      2.21421    225.05480      0.37956
  2294    427.32580      2.22031    225.73270      0.37199
  2314    372.70480      2.20259    230.97210      0.46601
  2334    373.49570      2.21067    229.10360      0.48397
  2352    335.88810      2.17494    234.01200      0.49123
  2372    350.36790      2.19745    233.93860      0.47678
  2392    329.50740      2.16460    238.98230      0.47785
  2412    248.71650      2.03330    242.23300      0.54991
  2432    184.24080      1.91291    229.14380      0.71085
  2452    145.14520      1.84239    215.86430      0.76478
  2472    228.89920      2.07555    194.25660      0.68561
  2492    381.61430      2.28237    176.45560      0.51833
  2512    525.39730      2.22343    160.93740      0.20577
  2532    552.03280      2.17579    157.02980      0.19915
  2552    578.51790      2.10169    159.65510      0.19198
  2572    602.37540      2.00808    166.45270      0.21189
  2592    600.73270      2.03179    182.00720      0.26813
  2608    570.58010      2.13154    199.13930      0.27303
  2628    509.61700      2.24670    215.50010      0.23165
  2648    456.31000      2.30055    221.75520      0.26551
  2668    501.59760      2.26066    224.15950      0.26246
  2688    540.28130      2.20866    228.68320      0.25729
  2708    437.94900      2.29650    236.88540      0.32369
  2728    338.46000      2.27523    240.02380      0.34390
  2748    356.63460      2.29282    238.56470      0.34806
  2768    457.99340      2.31058    224.42340      0.38888
  2788    533.77030      2.26589    199.09880      0.39265
  2808    564.53890      2.22226    185.86000      0.34821
  2827    563.48390      2.25718    180.61400      0.33612
  2848    546.79940      2.25585    186.95960      0.33514
  2868    581.97770      2.19752    172.07000      0.26856
  2888    600.15050      2.16923    163.00800      0.22939
  2908    552.92380      2.29423    168.10740      0.31618
  2928    493.38180      2.34976    201.77300      0.43564
  2948    528.81980      2.28784    221.66600      0.34992
  2969    507.75130      2.32364    228.53250      0.32429
  2989    346.33940      2.30395    245.30560      0.35616
  3009    254.89490      2.11806    250.11240      0.34280
  3029    349.55370      2.32077    243.29900      0.33690
  3049    299.25010      2.23905    249.67780      0.33914
  3068    263.43240      2.15782    256.85290      0.36772
  3089    365.16350      2.34596    250.08160      0.34083
  3107    463.39490      2.37697    243.83710      0.33321
  3127    378.77720      2.36047    253.74240      0.36893
  3153    330.07810      2.29486    258.25340      0.37398
  3173    315.76030      2.28637    254.56330      0.36410
  3193    362.68840      2.35991    247.26760      0.36086
  3213    390.38440      2.38730    242.69620      0.34162
  3233    391.84300      2.38275    244.65860      0.35226
  3253    395.00270      2.36393    244.04310      0.36331
  3266    362.36380      2.36085    244.91300      0.39459
  3283    343.61350      2.34855    242.82470      0.43837
  3303    340.35790      2.32312    231.63430      0.52004
  3322    308.91080      2.28089    223.63610      0.60889
  3342    270.47730      2.23224    223.30160      0.64724
  3362    257.03770      2.18119    237.94100      0.68133
  3382    242.66780      2.11658    255.95370      0.58963
  3402    269.90680      2.21300    250.88760      0.59226
  3422    279.41610      2.22416    243.04190      0.62378
  3442    261.68880      2.16342    249.04570      0.61181
  3462    264.96760      2.18525    259.82950      0.50339
  3482    285.63050      2.24421    265.16110      0.42293
  3501    274.90550      2.24553    271.56970      0.41954
  3521    166.16660      1.94850    272.76320      0.50277
  3541     99.49530      1.74224    272.14450      0.64194
  3561     95.27821      1.69806    273.91690      0.61741
  3581     97.19955      1.71424    273.88000      0.63257
  3601    102.86370      1.73632    274.28880      0.63324
  3621    107.48750      1.81002    274.25740      0.56584
  3642    198.68640      2.10688    275.70940      0.43884
  3662    281.28180      2.25509    259.67130      0.32405
  3682    246.15700      2.18146    271.73060      0.35518
  3702    211.23830      2.03034    281.34220      0.38636
  3722    217.59720      2.05847    282.18950      0.38086
  3742    208.81360      2.00441    286.39600      0.43272
  3762    233.44240      2.13068    279.82350      0.54105
  3782    261.41160      2.21833    261.08310      0.64673
  3802    285.36580      2.30056    241.77310      0.72039
  3822    294.33830      2.31625    225.66710      0.72711
  3842    308.89020      2.36623    209.62440      0.71616
  3862    312.05240      2.37176    208.69190      0.72641
  3882    328.08340      2.38947    200.33230      0.71006
  3902    317.49820      2.38141    205.44770      0.74456
  3922    309.45440      2.36909    200.27600      0.72999
  3941    312.31510      2.37549    184.64700      0.66974
  3961    315.01580      2.38962    170.11110      0.58957
  3981    340.65740      2.43828    172.29140      0.53815
  4001    372.98700      2.48843    165.26630      0.50969
  4021    387.70970      2.51279    176.00400      0.50495
  4041    392.95830      2.52459    171.29680      0.51987
  4061    445.90800      2.56489    164.44220      0.48860
  4081    490.76170      2.56400    165.10330      0.41447
  4101    492.72330      2.56190    169.17420      0.38511
  4121    431.60060      2.56043    168.37720      0.40270
  4141    406.45120      2.54903    180.32120      0.42033
  4161    406.97710      2.54843    187.99160      0.45260
  4181    367.89270      2.51997    196.69820      0.57697
  4201    339.89180      2.47182    193.41690      0.64337
  4221    327.61110      2.43291    197.00130      0.73248
  4240    376.59760      2.51778    190.40690      0.65596
  4260    368.72630      2.51361    197.24210      0.72989
  4280    370.14210      2.51718    189.06330      0.67867
  4300    375.33240      2.52473    185.14310      0.68249
  4320    415.23500      2.56028    171.63750      0.56661
  4340    455.92530      2.59059    163.29340      0.50582
  4360    522.92830      2.59087    153.52280      0.37166
  4380    609.88660      2.52094    145.03070      0.30436
  4400    669.63910      2.38693    139.10940      0.21422
  4420    685.67870      2.35919    137.61760      0.19346
  4440    706.54500      2.27237    141.73760      0.18751
  4460    737.41590      2.16079    145.74550      0.19343
  4480    779.00100      1.91724    150.46660      0.19955
  4500    792.01300      1.93148    156.31460      0.20252
  4520    790.38020      1.91227    155.83690      0.19360
  4540    725.79630      2.23763    157.02330      0.23625
  4560    680.11400      2.37330    152.77870      0.23862
  4580    670.37850      2.38005    147.42890      0.23965
  4600    731.63240      2.16708    145.87240      0.16947
  4620    727.26060      2.20671    147.64210      0.17122
  4640    763.75710      2.02116    155.44530      0.19760
  4660    816.31710      1.77797    162.40110      0.18862
  4680    852.57360      1.45163    164.48890      0.18137
  4700    847.26880      1.37167    167.52180      0.18576
  4720    847.28720      1.51213    171.88520      0.18568
  4740    797.70280      1.89924    188.98300      0.28880
  4760    742.30800      2.12137    208.52410      0.26205
  4780    657.29280      2.39074    224.37170      0.43036
  4800    515.34170      2.58372    243.34580      0.57135
  4819    446.82220      2.55177    250.55010      0.66640
  4839    425.33110      2.58324    247.28530      0.67247
  4859    418.49620      2.56940    252.36740      0.71200
  4881    362.17190      2.45869    275.92870      0.74674
  4901    341.46840      2.42811    288.17870      0.71633
  4921    304.52300      2.38270    294.25660      0.70348
  4941    254.64820      2.25845    300.67950      0.61871
  4961    256.22970      2.26739    304.16700      0.66814
  4981    266.08760      2.24875    306.43620      0.69391
