   153      0.00000      0.00000    200.20700      0.21227
   223      0.00000      0.00000    192.99700      0.28442
   245      0.00000      0.00000    189.29350      0.26720
   281      0.00000      0.00000    183.10460      0.22622
   320      0.00000      0.00000    183.28330      0.18911
   359      0.00000      0.00000    201.37050      0.30212
   398      0.00000      0.00000    183.70590      0.20234
   434      0.00000      0.00000    202.55270      0.26405
   475      0.81486      0.00176    209.53430      0.21433
   513      4.75817      0.00944    203.60070      0.20343
   554      9.73122      0.01675    201.18290      0.19828
   595     14.98037      0.02349    198.74770      0.19100
   634     20.52556      0.03187    200.84400      0.22960
   674     24.94260      0.03942    204.48120      0.23007
   712     30.18425      0.04477    207.51050      0.23162
   752     35.87927      0.05344    207.40170      0.21782
   791     40.79890      0.06205    206.71220      0.23453
   831     45.40320      0.07018    207.73820      0.24225
   871     51.00041      0.07924    210.98000      0.25029
   911     56.01347      0.08547    214.90300      0.28739
   952     61.68472      0.09668    215.76350      0.26356
   992     67.86664      0.10433    214.65850      0.25427
  1031     74.62378      0.11420    207.09240      0.22572
  1070     80.93387      0.12435    205.92940      0.22647
  1109     86.79251      0.12682    204.64510      0.22641
  1146     90.93094      0.12855    200.12880      0.27649
  1186     97.95599      0.14418    206.40020      0.23382
  1226    102.63260      0.15221    206.36520      0.22828
  1265    106.99620      0.16250    207.61740      0.25182
  1304    112.35500      0.16996    207.20140      0.27508
  1343    118.01780      0.17789    212.20960      0.27759
  1382    104.26760      0.23979    219.43790      0.31974
  1421    110.60540      0.23939    220.83490      0.29118
  1460    113.32230      0.25894    223.21550      0.28151
  1500    119.00330      0.26489    222.89210      0.28574
  1539    128.79390      0.26805    226.43450      0.32613
  1578    143.63940      0.24891    225.91060      0.32995
  1617    144.96830      0.25391    225.69050      0.34424
  1656     90.79918      0.45663    234.02700      0.37127
  1695    136.15150      0.42221    226.87290      0.33855
  1732    132.75790      0.46950    226.93200      0.35009
  1772    102.44290      0.51310    232.49120      0.42607
  1811    148.30090      0.45002    228.79140      0.36245
