   150    280.46820      1.01422      0.00000      0.00000
   360    293.08990      1.13980      0.00000      0.00000
   560    335.34250      1.19096      0.00000      0.00000
   760    326.14630      1.23180      0.00000      0.00000
   960    319.29950      1.40436      0.00000      0.00000
  1160    326.97430      1.51162      0.00000      0.00000
  1340    405.94250      1.46932      0.00000      0.00000
  1540    443.44240      1.43129      0.00000      0.00000
  1740    440.99710      1.50923      0.00000      0.00000
  1940    512.94130      1.50812      0.00000      0.00000
