   200    281.76230      1.05960      0.00000      0.00000
   380    269.68290      1.16998      0.00000      0.00000
   580    344.53930      1.12108      0.00000      0.00000
   780    365.25240      1.14755      0.00000      0.00000
   980    318.05700      1.41331      0.00000      0.00000
  1180    308.46410      1.52169      0.00000      0.00000
  1380    427.90700      1.40430      0.00000      0.00000
  1580    449.06670      1.39882      0.00000      0.00000
  1780    462.69440      1.55318      0.00000      0.00000
  1970    525.76800      1.41766      0.00000      0.00000
