  2504    353.89770      2.31623    283.28430      0.38884
  2536    241.59240      2.12051    287.43720      0.41998
  2575    247.06210      2.11259    294.14250      0.38977
  2614    206.41460      1.98415    299.36990      0.38347
  2653    256.33460      2.12721    293.73490      0.45775
  2692    187.62860      1.84976    300.10700      0.50770
  2730    243.73730      2.09302    296.41310      0.50692
  2769    308.04320      2.26630    295.30980      0.49971
  2807    299.10380      2.26803    298.72150      0.49179
  2845    313.31980      2.28672    299.19440      0.48508
  2883    244.46340      2.10902    298.48760      0.51202
  2922    198.57950      1.95369    301.83330      0.58818
  2961    308.05770      2.30813    242.13840      0.80432
  3000    417.20290      2.49086    151.85700      0.75992
  3039    791.06390      1.79670    102.74860      0.12259
  3078    856.73850      1.26780     99.63309      0.11724
  3117    831.63710      1.54731     99.04418      0.11341
  3153    273.53330      2.27272    187.17210      1.07816
  3192    658.51140      2.28173    116.41170      0.46281
  3231    869.19740      0.85326    100.99590      0.10059
  3276    190.84290      1.94361    307.65370      0.48111
  3316    195.39490      1.97680    315.98100      0.46832
