   260    430.98680      1.27431    207.88870      0.24777
   940     81.66442      1.10342    225.87940      0.57482
  1340    350.98500      0.77462    219.82120      0.28997
  1760    309.07990      0.70647    218.64970      0.29286
  2160    221.09990      0.29513    191.49470      0.15971
  2620    220.76010      0.38140    184.84910      0.25147
  3040    279.86390      0.73544    205.15140      0.28785
  3480    105.00230      0.17030    206.74810      0.23191
  3880     50.39249      0.07287    203.09080      0.19735
  4320      0.00000      0.00000    200.17170      0.20691
  4500      0.00000      0.00000    210.99020      0.24898
  4720      0.00000      0.00000    195.10930      0.16360
