  2535    171.00980      1.81401    266.28270      0.54565
  2538    172.18280      1.78180    264.90870      0.54015
  2576    267.82700      2.04289    246.29930      0.72264
  2615    343.52770      2.12295    271.81570      0.47952
  2653    231.80430      1.93653    275.55640      0.53654
  2693    240.54580      1.96809    270.40970      0.61993
  2731    214.66440      1.90198    273.93370      0.67349
  2769    193.95190      1.80816    275.59030      0.67974
  2809    382.56570      2.26143    221.11740      0.55780
  2847    307.04560      2.20620    214.28890      0.80229
  2886    582.06130      2.10451    180.11830      0.24996
  2925    437.22980      2.32353    201.65680      0.44295
  2954    361.71400      2.30760    213.05380      0.61672
  2992    470.11400      2.32975    214.40190      0.38101
  3032    215.17570      1.94198    278.73160      0.74012
  3072    187.00560      1.78548    290.65770      0.63935
  3110    190.70280      1.76597    290.82050      0.68462
