   828    298.80790      2.34074    268.94820      0.71186
   886    320.42530      2.41776    234.72990      0.87220
   920    406.30650      2.62312    231.92680      0.73348
   959    795.30570      1.93762    210.05380      0.48263
   998    494.15690      2.69866    228.48110      0.43691
  1037    368.13270      2.55757    238.95700      0.69795
  1076    258.76550      2.23806    256.62110      0.82342
  1115    249.95770      2.24256    254.84840      0.78383
  1154    290.47600      2.37112    261.38810      0.67729
  1192    350.01040      2.52187    261.53840      0.56341
  1231    423.28960      2.63927    254.24720      0.61300
  1270    273.36200      2.38632    257.51640      0.69337
  1309    420.34000      2.65188    222.80680      0.64793
  1348    340.21330      2.56532    246.15000      0.47056
  1387    487.26680      2.64403    225.57200      0.47010
  1423    352.26280      2.54657    228.56710      0.61461
  1462    547.53830      2.65744    180.94280      0.51731
  1493    309.10310      2.49448    208.76320      0.73170
  1532    471.49020      2.70572    172.79700      0.53561
  1572    337.00730      2.50916    217.53910      0.67474
  1611    619.26310      2.49540    192.74550      0.55725
  1649    349.95320      2.55828    220.21970      0.70665
  1675    420.80910      2.63587    211.49210      0.64663
  1714    685.58730      2.38544    186.35660      0.28089
  1753    692.88890      2.29658    180.99590      0.30814
  1792    853.29890      1.46162    138.71970      0.22329
  1831    828.92040      1.75357    141.69950      0.19944
  1868    446.72250      2.65730    168.28340      0.62022
  1907    660.84250      2.56818    115.20570      0.22731
  1946    562.47280      2.68838    136.31680      0.35237
  1985    684.53180      2.32947    172.27440      0.52001
  2032    466.97970      2.60624    208.32900      0.62204
  2073    756.41460      2.06418    191.78040      0.44725
  2112    821.27940      1.51652    195.03910      0.35144
  2151    658.02370      2.47307    213.33540      0.25641
  2187    435.53070      2.64515    217.95030      0.39517
  2226    354.48030      2.53422    226.57010      0.50358
  2264    465.18940      2.67203    204.36330      0.38262
  2303    391.92610      2.59767    212.29190      0.51194
  2342    415.06360      2.58208    234.85530      0.52464
  2381    393.24720      2.47372    255.59430      0.33970
  2419    571.35810      2.45025    259.22630      0.31754
