  2518    158.44730      1.72233    276.50160      0.49280
  2545    177.12350      1.77309    263.72890      0.57706
  2583    269.82190      2.04619    259.77690      0.64879
  2625    241.69820      1.95920    275.21080      0.48515
  2664    234.67780      1.95121    270.79420      0.59992
  2704    221.32810      1.90011    271.89210      0.63456
  2741    211.49690      1.90496    281.10780      0.66721
  2780    250.25930      2.01484    256.24410      0.67046
  2818    394.76790      2.28845    212.60290      0.53355
  2855    349.34280      2.27612    197.22650      0.71503
  2893    608.04180      2.02963    177.50180      0.24464
  2932    440.06820      2.33723    181.84820      0.44157
  2971    405.82500      2.32780    209.60820      0.50218
  3010    531.30750      2.30054    207.36060      0.24260
  3049    191.78070      1.81114    286.92230      0.69970
  3088    192.74700      1.80173    298.16760      0.61912
