   829    301.04260      2.37208    268.22100      0.73048
   878    334.29620      2.46410    231.91330      0.84635
   918    374.10800      2.55684    241.19450      0.74146
   957    772.26310      2.05634    205.45860      0.52110
   995    494.45960      2.69776    228.52480      0.42651
  1035    413.40770      2.62974    232.93880      0.67110
  1074    259.14970      2.24052    255.76980      0.80560
  1113    253.23080      2.26340    257.58710      0.76848
  1152    293.79150      2.40983    259.74920      0.70094
  1191    344.00630      2.53356    263.26750      0.56855
  1230    428.07750      2.63400    254.40320      0.61261
  1269    267.96360      2.35026    255.92250      0.69684
  1308    426.43950      2.64771    219.72200      0.66966
  1346    330.01060      2.51983    246.27540      0.49658
  1384    566.03480      2.63146    223.58670      0.45093
  1425    353.37720      2.57447    222.49430      0.63764
  1464    502.86360      2.67591    191.51170      0.57957
  1500    413.66300      2.62563    202.27900      0.73058
  1539    567.07930      2.69063    155.28570      0.33984
  1578    382.98380      2.61432    213.11560      0.63263
  1616    611.72630      2.52305    192.02200      0.59263
  1654    306.32770      2.44243    222.61250      0.71480
  1690    675.83950      2.52362    182.54260      0.33668
  1728    846.22950      1.40824    176.68040      0.26015
  1767    807.22860      1.79155    167.69940      0.25488
  1806    868.34780      1.24696    140.00100      0.20283
  1845    677.95350      2.46016    164.36450      0.23801
  1884    530.87240      2.71830    112.70250      0.30548
  1923    686.25350      2.52541    113.13910      0.14926
  1962    565.85760      2.69982    127.58660      0.30627
  2002    499.87100      2.68077    210.28850      0.55475
  2041    601.50660      2.60235    195.09960      0.50352
  2080    843.33440      1.27868    176.86710      0.40624
  2120    753.91680      2.06384    208.19710      0.27318
  2158    554.44230      2.67806    205.96990      0.34058
  2198    412.40530      2.61853    218.17370      0.41397
  2238    358.10370      2.54137    224.54970      0.49323
  2277    371.52820      2.55782    220.42290      0.54416
  2316    456.17840      2.66042    209.89590      0.44718
  2354    414.36230      2.46397    239.51280      0.43387
  2393    297.93160      2.34358    259.31230      0.41842
  2432    510.21570      2.46150    256.92470      0.32214
