  2498    368.23050      2.32503    284.40730      0.37331
  2545    226.56470      2.05789    291.85270      0.38922
  2583    203.28660      1.96963    291.21730      0.44149
  2622    235.94770      2.06043    298.69550      0.41027
  2662    252.14760      2.10818    293.23030      0.48058
  2700    193.18980      1.90023    297.37750      0.51683
  2740    292.87290      2.26009    294.51350      0.49830
  2779    303.48710      2.26455    297.54990      0.48827
  2819    341.68570      2.34384    298.31770      0.45465
  2860    270.46650      2.19099    301.23950      0.48265
  2898    236.83610      2.07799    296.80010      0.54615
  2939    245.33160      2.11245    276.76770      0.72184
  2978    421.38710      2.48654    227.83200      0.53423
  3018    562.62490      2.51171    106.10620      0.20172
  3057    804.70070      1.71007    102.12160      0.11870
  3091    841.34190      1.39440     99.69812      0.11639
  3131    695.91010      2.26888    100.11340      0.17266
  3170    200.40520      1.98182    273.98010      0.76307
  3209    866.31900      0.93541     99.21857      0.10254
  3250    467.42020      2.55390    153.15680      0.82100
  3269    196.76850      1.98383    295.86470      0.55799
  3309    197.39160      1.97052    306.21270      0.57704
