  2522    158.36210      1.71977    271.53640      0.55370
  2564    252.97400      2.05002    227.08050      0.81142
  2603    383.65500      2.12227    267.50780      0.51715
  2642    254.42750      2.00559    274.67160      0.52759
  2681    211.43490      1.90187    266.68220      0.65938
  2720    210.37550      1.88426    275.37310      0.65450
  2759    209.88220      1.86844    272.76770      0.70921
  2798    254.19780      2.05177    252.79630      0.74730
  2836    431.26590      2.29590    209.38190      0.53598
  2875    547.48930      2.21604    170.91700      0.25049
  2915    498.61720      2.27377    205.93220      0.38310
  2948    369.87490      2.31091    201.95930      0.59374
  2987    483.92250      2.31869    212.67350      0.35137
  3026    309.84860      2.21763    249.95960      0.75599
  3064    186.67650      1.77112    294.24920      0.63140
  3102    190.98310      1.76619    295.75850      0.60007
