   848    317.55090      2.41283    266.30980      0.69939
   871    316.98660      2.41827    252.13710      0.78672
   911    310.53010      2.39494    250.06650      0.80639
   950    661.42730      2.53647    202.36370      0.56120
   989    547.71000      2.69226    227.32940      0.36616
  1029    615.27520      2.59573    221.81710      0.54105
  1059    283.02000      2.32757    253.67680      0.77106
  1097    248.41440      2.21098    261.05430      0.78459
  1137    256.96370      2.29188    259.16120      0.74222
  1176    309.47600      2.44978    263.69300      0.61477
  1215    404.30380      2.61209    261.76850      0.55574
  1254    288.14500      2.39998    251.45860      0.68444
  1294    389.98670      2.61680    235.77850      0.71372
  1333    246.18890      2.28650    253.64960      0.64037
  1372    507.23920      2.60330    233.64720      0.42525
  1409    478.99790      2.67587    228.01000      0.53851
  1449    753.59280      2.10954    142.52330      0.27636
  1492    315.42030      2.51978    208.80220      0.70795
  1531    464.84900      2.70381    174.72640      0.53629
  1570    296.05930      2.42298    219.68960      0.69359
  1610    610.65330      2.51059    193.55700      0.54989
  1648    368.43510      2.58073    215.53650      0.70963
  1679    459.77000      2.68721    203.97990      0.63085
  1718    736.89420      2.17010    179.70930      0.28637
  1757    733.00460      2.18629    176.89700      0.28039
  1796    865.50870      1.32018    137.81470      0.22487
  1835    738.61290      2.22575    146.20300      0.23335
  1873    438.90560      2.68657    146.85870      0.62225
  1912    685.96110      2.54185    114.12020      0.15055
  1954    479.47330      2.69946    149.58610      0.46506
  1991    486.81990      2.67694    190.15010      0.66124
  2030    471.42900      2.62383    207.10590      0.62195
  2070    709.92660      2.31579    194.56360      0.46130
  2110    815.50710      1.55787    191.75310      0.38592
  2149    686.03100      2.39911    214.35900      0.25594
  2186    440.97130      2.65302    218.13790      0.40176
  2224    364.14310      2.56159    224.47140      0.52890
  2263    475.39580      2.67844    205.39910      0.36533
  2302    383.84150      2.57069    212.83540      0.52454
  2340    411.86150      2.57850    235.55040      0.51317
  2379    384.20370      2.45299    255.00790      0.32438
  2418    574.06240      2.45050    258.69310      0.32905
  2457    395.92350      2.53329    264.41420      0.35544
