   153    388.35230      2.02692    143.47220      0.34127
   178    398.27020      2.01383    150.82110      0.37369
   204    396.32420      2.00693    136.76540      0.35294
   224    402.34930      1.99523    151.55830      0.36888
   244    420.84150      1.98096    150.02920      0.34859
   264    443.37160      1.94773    139.08910      0.27352
   284    457.93350      1.92189    140.64720      0.23836
   304    483.28760      1.87401    124.32200      0.17852
   324    500.06600      1.81559    127.87440      0.18799
   344    495.89810      1.83914    134.37390      0.20692
   364    473.04430      1.87395    132.90470      0.24257
   384    451.05160      1.89355    141.43880      0.30692
   405    453.39090      1.88514    132.97070      0.29212
   425    427.40090      1.91658    143.25880      0.38555
   449    383.75070      1.93463    152.66130      0.49245
   472    304.85210      1.89878    177.36360      0.59782
   492    298.79320      1.89518    167.59860      0.55917
   512    278.52620      1.86534    177.23820      0.56658
   532    263.05020      1.85579    170.90140      0.55269
   552    234.47820      1.79813    193.03410      0.56864
   572    262.29860      1.83369    193.71670      0.52538
   592    287.96960      1.85567    176.86340      0.46799
   612    271.25630      1.84414    176.86410      0.49281
   632    230.22950      1.76034    198.93460      0.59819
   652    219.31050      1.74543    199.34340      0.59566
   672    199.99100      1.68180    198.27380      0.56554
   693    178.24310      1.64256    205.24840      0.48767
   712    147.04480      1.52278    232.81240      0.51410
   731    130.15620      1.44735    245.15410      0.52190
   762    145.95320      1.48222    238.22250      0.59559
   782    202.78580      1.65684    218.15170      0.73381
   802    226.32650      1.71850    199.47770      0.79037
   822    240.91140      1.74400    184.84510      0.79347
   842    241.81650      1.74029    180.26590      0.78026
   862    229.65310      1.70971    178.36010      0.80030
   882    215.12210      1.68535    192.84930      0.79755
   902    188.56080      1.61277    201.33890      0.78973
   922    176.32940      1.59205    208.19520      0.82505
   942    171.24260      1.55888    213.66850      0.84705
   963    161.64620      1.52697    222.74620      0.83840
   983    152.76960      1.49245    227.90270      0.79797
  1003    144.32750      1.46350    248.56670      0.78507
  1022    136.87490      1.43053    256.35570      0.75073
  1042    135.28640      1.43066    258.61650      0.75698
  1063    135.48420      1.45602    266.57470      0.72593
  1083    129.39070      1.40775    268.70610      0.66753
  1103    121.40520      1.37918    270.99520      0.62315
  1123    128.66130      1.39036    265.68300      0.64073
  1143    136.54530      1.40829    254.39910      0.64195
  1163    149.30410      1.45257    239.46570      0.59649
  1183    161.30600      1.50160    224.30980      0.56148
  1202    164.94980      1.51245    232.99320      0.57359
  1222    182.24120      1.55267    230.99070      0.53681
  1242    198.33150      1.59719    205.74470      0.47458
  1262    196.07770      1.58003    224.73750      0.48887
  1282    179.20510      1.54284    229.01960      0.54167
  1302    192.91410      1.56281    206.38250      0.58336
  1322    212.73380      1.59175    215.95340      0.61184
  1342    273.79350      1.61890    227.19080      0.58910
  1362    324.56770      1.56767    243.29230      0.45775
  1382    311.40130      1.57324    246.84210      0.32574
  1407    318.54240      1.55743    255.54130      0.33841
  1427    296.45490      1.58165    254.55410      0.32591
  1447    246.10490      1.58428    252.55460      0.30136
  1467    226.81570      1.56393    261.86390      0.29264
  1486    214.70130      1.54748    260.65810      0.32201
  1506    203.50750      1.52436    269.01510      0.31139
  1526    161.79200      1.42595    272.40680      0.31429
  1546    118.58410      1.27973    274.75060      0.32425
  1566    104.26060      1.23196    272.99550      0.30398
  1586    103.48460      1.22691    269.36110      0.29935
  1606    101.38400      1.22117    274.65830      0.33260
  1626     98.72124      1.19973    280.80400      0.34895
  1646     96.96071      1.15992    276.67940      0.33480
  1666     99.84980      1.18308    276.38310      0.33270
  1686    100.24260      1.17541    260.71310      0.29829
  1706     96.11694      1.16818    257.06450      0.32697
  1726     95.07238      1.17164    262.96030      0.33439
  1746     91.03815      1.15817    263.59300      0.33011
  1766     87.30767      1.12774    252.21420      0.30003
  1786     90.34168      1.12465    263.94300      0.33858
  1806     85.14550      1.10652    255.94930      0.32443
  1826     86.57339      1.11899    270.19890      0.37684
  1847     82.73931      1.09169    260.40750      0.32259
  1867     78.03445      1.05539    261.30580      0.32480
  1887     77.07989      1.04232    253.28430      0.28719
  1907     74.85344      1.01528    263.87550      0.33560
  1927     76.47023      1.03396    255.42190      0.31233
  1947     80.05072      1.05301    255.81760      0.31635
  1967     74.95523      1.01457    257.45650      0.30251
  1987     77.39671      1.03587    253.46260      0.31171
  2006     79.72376      1.05463    254.97490      0.31449
  2027    164.77920      1.29632    242.56750      0.26986
  2046    248.51070      1.35727    245.52450      0.29092
  2066    311.34990      1.30363    240.93540      0.27126
  2086    317.82270      1.26392    240.49250      0.24226
  2106    312.82080      1.25238    241.78670      0.26106
  2126    333.45600      1.18652    240.02100      0.24904
  2146    333.50820      1.20832    236.62970      0.24428
  2166    321.46890      1.23999    235.72700      0.24460
  2186    319.62980      1.20849    241.82010      0.25997
  2203    327.76120      1.18248    238.02890      0.25946
  2224    329.44280      1.17373    236.11450      0.26480
  2244    309.98480      1.21901    236.35430      0.28808
  2265    320.03040      1.20525    232.04350      0.26464
  2276    309.54570      1.20172    235.75660      0.24833
  2302    321.76930      1.15531    232.19220      0.23999
  2316    347.38350      1.10428    224.39470      0.27534
  2335    339.30910      1.10016    228.82450      0.26357
  2354    327.52670      1.09537    231.42450      0.24518
  2384    320.99140      1.13080    224.58050      0.25127
  2397    299.05510      1.14268    232.35540      0.27963
  2416    313.34630      1.10590    230.07970      0.26202
  2436    306.55930      1.11575    227.92620      0.25903
  2459    294.79960      1.11003    231.12030      0.27822
  2470    294.78110      1.12466    227.99460      0.25497
  2490    302.04230      1.09032    224.89030      0.25411
  2504    315.97800      1.05558    222.05480      0.26231
  2522    312.29460      1.04976    219.33530      0.29839
  2542    302.25070      1.05877    218.74930      0.30484
  2562    318.57610      0.99998    211.68510      0.28751
  2581    328.76610      0.95283    214.20020      0.26017
  2600    339.73200      0.90895    202.34420      0.28553
  2620    336.12990      0.91203    195.82590      0.31645
  2639    333.16890      0.88044    189.83200      0.32288
  2662    327.02320      0.91863    172.16080      0.31543
  2682    330.69100      0.90195    161.04460      0.27174
  2702    340.71250      0.84227    164.42280      0.24754
  2722    357.39880      0.74184    168.54380      0.24523
  2741    379.70470      0.58045    159.91960      0.21459
  2761    373.56920      0.58421    162.21600      0.24035
  2780    368.31190      0.59000    158.64610      0.23144
  2800    365.72400      0.55905    150.43450      0.22499
  2820    364.59250      0.56539    141.29320      0.21267
  2840    353.83480      0.64211    146.93450      0.22906
  2860    356.24070      0.60413    142.77280      0.21564
  2880    355.98560      0.56948    144.09160      0.21667
  2898    355.70430      0.51688    145.94660      0.21354
  2918    351.77340      0.55150    141.11820      0.22040
  2938    353.54960      0.50477    138.32280      0.21762
  2958    349.40490      0.50225    152.12450      0.25076
  2978    349.08480      0.47815    153.18730      0.23898
  2998    347.63750      0.46396    146.10510      0.21229
  3018    339.46610      0.49037    155.96090      0.20849
  3038    332.23460      0.50804    160.41010      0.22077
  3058    332.43610      0.51826    147.43900      0.20083
  3078    328.40650      0.51383    150.37190      0.21092
  3098    327.39850      0.50297    150.04280      0.20544
  3119    329.87490      0.45823    141.43930      0.19638
  3139    326.64650      0.46462    143.48870      0.19951
  3160    323.69220      0.44820    143.49580      0.19257
  3180    320.59760      0.44357    140.32920      0.18336
  3200    318.35490      0.41962    137.97150      0.17175
  3220    314.18550      0.42579    142.54550      0.19041
  3240    311.35610      0.38877    149.85840      0.20170
  3261    307.88870      0.40503    155.81520      0.19339
  3279    303.73330      0.42111    157.83340      0.19363
  3299    300.48110      0.40263    160.03640      0.19727
  3319    298.74270      0.39023    163.54790      0.20757
  3339    295.53310      0.37559    169.95190      0.20476
  3359    291.89330      0.39402    167.19530      0.21610
  3380    290.47960      0.40002    160.86220      0.20011
  3399    291.16910      0.37967    156.09840      0.17627
  3419    289.46210      0.36833    155.09310      0.17783
  3439    288.02990      0.36214    155.13720      0.17045
  3459    284.09130      0.35845    156.32800      0.18719
  3478    281.35360      0.35212    155.51100      0.17948
  3498    276.98910      0.35636    157.16150      0.17998
  3518    273.05250      0.35925    158.66290      0.19342
  3538    270.02680      0.34871    158.81160      0.19632
  3552    268.10120      0.36631    156.54440      0.20390
  3572    258.70650      0.39142    164.92280      0.24320
  3592    250.21210      0.43017    175.97120      0.24091
  3612    242.83830      0.45183    179.84700      0.22403
  3632    236.37050      0.47383    178.27790      0.21304
  3652    227.46900      0.52584    177.69450      0.22208
  3672    220.29940      0.53763    179.27830      0.22922
  3692    210.85030      0.57623    180.19480      0.22707
  3712    201.74090      0.59593    177.29220      0.23538
  3732    179.35930      0.65570    178.21490      0.26014
  3752    145.86140      0.69182    192.18650      0.41107
  3772    119.15050      0.68381    200.63480      0.47509
  3792    117.89670      0.68499    201.05850      0.48658
  3812    114.88490      0.67599    202.57670      0.51458
  3832    104.50700      0.65746    204.75000      0.56686
  3853     96.18898      0.65239    204.84050      0.58407
  3873     93.11057      0.64235    205.29110      0.58610
  3893     75.17912      0.61839    215.50230      0.58727
  3913     59.85690      0.58558    226.62130      0.56965
  3932     62.69580      0.58382    229.47140      0.57138
  3953     66.66350      0.57880    230.15230      0.53572
  3972     59.54745      0.56314    227.58710      0.53667
  3992     64.31636      0.56352    225.68870      0.53456
  4012     93.46210      0.57939    224.39720      0.48072
  4032    109.67050      0.57627    220.23000      0.45945
  4052    133.59170      0.54990    209.57660      0.42379
  4073    136.03610      0.53874    206.25640      0.40092
  4093    142.84110      0.51381    203.97180      0.37463
  4113    118.37220      0.53202    211.61400      0.41661
  4133     94.69724      0.53560    219.22740      0.43908
  4152     96.29552      0.52390    219.44370      0.44736
  4172    104.37820      0.51042    216.74630      0.41671
  4193    119.99980      0.48475    209.13690      0.35892
  4213    126.02290      0.46984    198.44300      0.35646
  4233    130.03750      0.45282    186.48440      0.36957
  4253    128.60490      0.44574    181.07570      0.39125
  4273    117.00950      0.45847    188.61820      0.44029
  4293     87.30820      0.47267    203.58580      0.51483
  4313     53.23142      0.44626    213.72200      0.57262
  4333     42.74960      0.42255    218.10510      0.56726
  4353     45.48317      0.41896    221.74540      0.55079
  4372     57.72441      0.42559    219.34050      0.53585
  4392     69.54862      0.42067    220.93160      0.47095
  4412     54.81710      0.40906    223.84800      0.50504
  4432     53.68322      0.40121    224.33000      0.52637
  4453     77.82607      0.39899    223.49500      0.38570
  4473     66.49671      0.39074    222.99600      0.49233
  4493     81.76302      0.37526    219.77620      0.38739
  4513     93.97137      0.35148    216.37380      0.29939
  4533     94.99534      0.32999    210.73940      0.36157
  4553     94.14690      0.31725    208.13350      0.35020
  4573     82.75945      0.33014    216.17020      0.35423
  4593     73.39235      0.33336    219.28820      0.43112
  4613     62.27237      0.33096    220.86740      0.46150
  4633     67.12222      0.31750    222.26730      0.41539
  4653     69.99571      0.30236    222.67490      0.36469
  4673     66.99664      0.29828    222.47990      0.36649
  4693     70.10693      0.28307    222.06690      0.32507
  4713     77.05283      0.26708    198.79030      0.33729
  4732     84.43131      0.24889    181.51790      0.24181
  4753     78.41600      0.25121    184.13490      0.29803
  4774     60.61629      0.26602    199.37370      0.42509
  4794     41.27631      0.26016    214.12650      0.52363
  4814     43.50021      0.25163    214.10510      0.51137
  4834     62.37891      0.22510    206.76960      0.39390
  4854     69.22191      0.18765    193.81320      0.35926
  4874     69.54107      0.17163    186.66840      0.31179
  4894     64.80798      0.17605    180.50680      0.28450
  4914     63.64999      0.16846    172.55320      0.24099
  4935     66.78587      0.13191    167.26230      0.16910
  4956     65.50715      0.11751    163.86120      0.15980
  4976     61.75717      0.12002    161.44280      0.15210
  4997     57.66304      0.12098    161.29170      0.16396
