   840    325.39220      2.43180    287.89320      0.80354
   883    321.25550      2.40861    283.45640      0.80436
   923    317.43640      2.39362    286.28160      0.73547
   962    316.35490      2.39844    287.98610      0.64695
  1000    288.87320      2.33896    280.45950      0.59573
  1039    297.43220      2.34051    277.62680      0.59934
  1078    376.58690      2.56661    250.60610      0.51554
  1116    388.67070      2.59232    243.76320      0.47342
  1155    348.82780      2.53060    247.95960      0.60900
  1194    297.38470      2.42032    258.03220      0.63217
  1233    361.81250      2.55981    227.88390      0.53376
  1270    443.56030      2.67073    217.12070      0.41264
  1310    276.53760      2.33952    248.46030      0.67196
  1348    248.83670      2.27703    274.31670      0.44997
  1385    222.99750      2.21461    277.06410      0.44928
  1423    211.48360      2.16144    278.53020      0.43164
  1462    213.86710      2.12917    277.00190      0.47543
  1501    353.50920      2.53356    240.66060      0.50028
  1540    247.90440      2.29036    270.14290      0.45893
  1578    265.74560      2.32912    267.74750      0.48043
  1617    191.96510      2.08331    264.03750      0.60098
  1653    274.70480      2.35059    258.81290      0.54998
  1690    188.09880      2.03811    279.92320      0.44358
  1729    360.87750      2.56522    148.29330      0.89612
  1768    911.56490      1.07571    100.55120      0.11836
  1817    831.26980      1.84017    112.56180      0.13976
  1843    823.29660      1.74159    120.64130      0.14746
  1880    349.29820      2.53894    167.98410      0.70970
  1919    223.33300      2.15820    273.90410      0.47116
  1956    224.88030      2.17198    272.11370      0.45125
  1997    563.32910      2.58681    130.40890      0.51367
  2033    439.35790      2.64108    115.39590      0.44636
  2072    197.41340      2.08600    249.72370      0.78855
  2111    303.65100      2.44642    171.22380      0.82425
