   159      0.00000      0.00000    229.57370      0.36575
   200      0.00000      0.00000    218.70910      0.27136
   239      0.00000      0.00000    214.54810      0.22091
   278      0.00000      0.00000    210.12910      0.20386
   317      0.00000      0.00000    211.44620      0.20015
   355      0.00000      0.00000    208.93480      0.22671
   393      0.00000      0.00000    210.48440      0.22644
   432      0.00000      0.00000    208.16000      0.21758
   471      0.00000      0.00000    208.33260      0.20634
   509      0.00000      0.00000    212.57170      0.24487
   546      0.00000      0.00000    214.00240      0.23124
   585      0.00000      0.00000    210.26050      0.22559
   624      4.28970      0.00854    208.65780      0.19867
   662      8.82087      0.01522    208.36230      0.21187
   697     13.58163      0.02131    206.16100      0.23499
   734     18.35419      0.02965    204.28950      0.24440
   773     23.15160      0.03608    205.63140      0.22703
   811     27.41393      0.04165    207.33050      0.20824
   850     32.78765      0.05300    202.82680      0.22927
   887     38.64072      0.05801    199.53580      0.24644
   926     43.99277      0.06775    201.46350      0.24553
   965     49.13839      0.07495    201.27410      0.24428
  1004     53.94717      0.08157    207.98420      0.21049
  1043     58.45271      0.09221    208.17310      0.21404
  1082     64.16454      0.09979    206.25970      0.21193
  1119     71.90410      0.10599    194.73580      0.20355
  1158     74.66309      0.12258    204.73900      0.24449
  1197     84.75189      0.12697    186.97070      0.19510
  1236     88.77573      0.13893    190.50950      0.19814
  1274     92.48386      0.14005    189.79220      0.19760
  1313    100.29990      0.14013    184.15530      0.15471
  1352    107.34610      0.15530    192.59450      0.18994
  1388    107.88920      0.17130    206.81000      0.19718
  1427    114.57180      0.17064    212.22760      0.21080
  1465    116.11910      0.18555    219.75280      0.22199
  1504    120.00440      0.20253    222.19600      0.26919
  1543    108.66080      0.25504    230.66090      0.21651
  1581    115.43780      0.26202    233.12580      0.19117
  1619    117.09740      0.26724    234.47590      0.22906
  1657    135.42400      0.26025    228.23020      0.28566
  1696    152.80320      0.24306    205.05330      0.25872
  1735    163.13210      0.26274    181.52290      0.25522
  1774    140.59270      0.30901    233.70860      0.36031
  1813    135.13150      0.43791    225.57930      0.45382
