  2513    157.87760      1.69239    275.67920      0.51688
  2557    219.99390      1.92753    237.53880      0.74961
  2596    406.55340      2.13679    270.17030      0.50680
  2632    261.19270      2.03548    269.67050      0.58195
  2670    221.23250      1.91278    269.68220      0.61629
  2709    212.91710      1.90561    273.99690      0.64351
  2748    223.05090      1.94602    277.10280      0.69347
  2787    263.18700      2.05792    250.55230      0.70697
  2826    424.95620      2.29402    212.15550      0.41860
  2866    505.67310      2.26122    177.63180      0.37179
  2905    729.96550      1.34445    185.28360      0.19835
  2966    414.18640      2.32666    212.43090      0.48627
  3005    495.71800      2.33815    209.72550      0.28633
  3043    195.13570      1.82492    287.20920      0.68512
  3083    192.82150      1.79643    292.66570      0.67447
