  2521    155.46080      1.70493    269.65360      0.57601
  2543    178.69920      1.79228    261.96720      0.59105
  2578    263.12420      2.00273    251.14540      0.70472
  2617    314.33380      2.09291    270.55160      0.50874
  2656    227.50720      1.95055    273.58740      0.56595
  2696    233.44700      1.94755    271.27200      0.62237
  2735    204.40680      1.85095    277.33300      0.66737
  2771    198.36050      1.82804    272.31130      0.68208
  2810    390.96990      2.27240    219.44510      0.50288
  2849    308.70220      2.21378    211.76810      0.81620
  2888    589.23770      2.05987    182.95270      0.24021
  2927    425.72630      2.32872    197.58190      0.46796
  2959    401.20770      2.32673    213.57860      0.51705
  2998    468.75920      2.33478    214.01660      0.38608
  3035    191.66230      1.84392    290.60830      0.65451
  3074    189.66570      1.80414    289.97820      0.66067
  3109    189.77770      1.77826    292.45790      0.67721
