   165    399.96830      2.02073    141.91790      0.33209
   188    400.84550      2.01119    153.60250      0.36102
   199    398.38010      2.00804    149.89370      0.36917
   219    400.14820      1.99749    153.07270      0.38297
   241    423.57200      1.97884    149.43500      0.33019
   260    440.15880      1.96006    142.90610      0.27420
   280    460.56690      1.92295    126.67740      0.21971
   300    478.81240      1.87368    137.86470      0.21740
   320    495.54450      1.84390    133.84320      0.20213
   337    503.43900      1.81859    125.57010      0.18687
   357    485.37780      1.84094    135.26100      0.24448
   377    462.73990      1.87525    138.90800      0.28475
   397    444.69910      1.90300    138.45250      0.33977
   417    436.14720      1.90729    135.19370      0.32708
   437    420.13670      1.92228    138.23840      0.37971
   457    354.94890      1.93405    163.95350      0.54241
   477    299.85800      1.89239    174.15650      0.59572
   497    294.04370      1.89598    156.91470      0.50469
   516    278.25350      1.86452    173.35670      0.55306
   536    257.58810      1.85151    182.04050      0.59636
   556    238.59880      1.81228    185.73090      0.55845
   576    266.86070      1.84643    192.24510      0.53276
   596    287.43410      1.86496    170.82340      0.45332
   615    265.05680      1.82873    177.50030      0.49855
   635    227.42450      1.76016    201.74840      0.60092
   656    208.11440      1.72340    205.36540      0.60025
   676    196.86190      1.67136    188.59500      0.50044
   697    173.08400      1.61997    200.19970      0.45427
   717    135.47550      1.48501    235.80530      0.50537
   735    124.18480      1.42292    249.69590      0.51013
   752    129.67380      1.42954    239.53400      0.54011
   772    167.27730      1.58439    237.23460      0.68912
   792    210.70500      1.68200    207.50020      0.78835
   812    229.81840      1.72426    190.87850      0.77882
   832    245.63730      1.74575    178.80790      0.76107
   852    233.13310      1.72193    181.57100      0.80360
   872    229.03690      1.71617    179.25420      0.76573
   892    197.95500      1.64926    193.18090      0.79276
   911    185.10770      1.60709    203.86800      0.79302
   931    165.99730      1.54635    215.02270      0.85895
   951    165.25430      1.53945    213.22750      0.85807
   971    158.68280      1.52308    222.75540      0.81697
   991    147.89730      1.47307    234.92450      0.79055
  1011    141.05710      1.45100    253.06770      0.74797
  1031    138.16910      1.43212    256.59230      0.74684
  1048    132.08630      1.38671    261.73140      0.75480
  1068    128.75040      1.38790    265.15100      0.68441
  1088    124.07970      1.37964    272.44920      0.63239
  1108    124.11850      1.38092    274.46370      0.59750
  1128    131.75270      1.40119    264.42790      0.61704
  1148    141.97220      1.43560    248.06360      0.62038
  1168    153.71760      1.48061    221.29480      0.54311
  1188    158.85340      1.48576    228.23640      0.56233
  1208    168.84510      1.52302    219.32290      0.55464
  1228    186.60030      1.56574    224.88170      0.54289
  1248    194.82180      1.58546    214.60330      0.47428
  1268    191.48370      1.57330    222.12830      0.51049
  1288    175.84040      1.52701    231.39750      0.57783
  1308    190.72770      1.56048    215.99440      0.61552
  1328    229.38460      1.61225    224.44850      0.61256
  1349    289.58040      1.61694    240.28690      0.51157
  1369    325.27250      1.56201    253.01090      0.40103
  1395    312.43350      1.57273    258.98860      0.30029
  1414    329.38210      1.53769    244.96030      0.28412
  1434    285.20610      1.59020    249.51690      0.28260
  1454    231.90640      1.56879    263.98130      0.35939
  1474    217.35520      1.55085    256.75250      0.30783
  1494    217.38780      1.54555    266.98250      0.32592
  1514    185.26110      1.48365    271.00930      0.32731
  1535    138.98030      1.37404    277.72910      0.33622
  1555    109.21210      1.25510    278.23700      0.32957
  1575    104.36450      1.22277    271.01830      0.34095
  1595    101.43740      1.20290    277.17510      0.32388
  1615     96.84239      1.16712    268.31720      0.29037
  1635     99.00856      1.19057    281.47190      0.36470
  1655    100.61090      1.18608    278.88780      0.31957
  1675    101.25390      1.18824    275.24150      0.36573
  1695     97.63187      1.16074    267.94660      0.32242
  1715     95.24192      1.17809    265.39740      0.33911
  1735     94.32263      1.16950    263.02860      0.32338
  1755     95.73972      1.16177    262.63310      0.35609
  1775     87.50595      1.12243    260.33810      0.32270
  1795     85.38380      1.10656    261.59910      0.34230
  1815     86.59415      1.09834    266.61420      0.34539
  1835     83.10114      1.07315    268.37090      0.36667
  1855     79.35571      1.06323    253.98530      0.35346
  1875     77.68100      1.05459    261.94720      0.31420
  1895     77.60932      1.04460    261.19280      0.29597
  1915     77.34806      1.03768    264.23690      0.31965
  1935     80.37006      1.06036    258.78450      0.32274
  1955     79.66949      1.04399    257.39490      0.32838
  1975     76.31075      1.03237    257.88720      0.32422
  1995     76.93020      1.02161    254.62810      0.33276
  2016    105.95310      1.16138    247.57440      0.30277
  2035    211.17260      1.35321    244.96340      0.28039
  2056    301.07280      1.31807    240.87830      0.28695
  2076    301.22920      1.29440    243.48060      0.26461
  2096    324.09530      1.24263    239.15350      0.25026
  2116    305.69120      1.26197    243.32410      0.25675
  2136    333.50420      1.20980    237.57410      0.25696
  2156    307.51130      1.24778    242.42550      0.25662
  2176    302.96930      1.23864    244.80830      0.28052
  2196    333.13940      1.17496    236.62860      0.24917
  2200    325.98230      1.18210    239.49670      0.27061
  2221    330.91850      1.17878    235.29450      0.26030
  2241    325.09860      1.19001    234.38930      0.26744
  2261    320.73950      1.20346    232.83410      0.25286
  2262    316.34050      1.20408    234.45270      0.25871
  2267    322.87280      1.20594    229.87920      0.25024
  2277    315.60240      1.19366    234.80920      0.25947
  2305    337.27420      1.14752    228.72840      0.25172
  2321    343.92680      1.12728    225.07740      0.25305
  2341    337.60590      1.09105    230.50690      0.25495
  2361    338.07140      1.07866    228.09230      0.24348
  2366    335.77780      1.10036    225.08380      0.25445
  2386    319.98930      1.13593    224.57180      0.25777
  2396    303.36430      1.14181    232.78380      0.28400
  2418    314.03810      1.10919    227.70200      0.26822
  2438    299.85410      1.12619    230.88680      0.24928
  2458    296.13540      1.11721    230.00000      0.25562
  2466    286.98180      1.12971    230.53730      0.26056
  2486    293.40750      1.11053    228.48370      0.24607
  2496    300.18670      1.08807    227.29480      0.25209
  2512    312.28210      1.04194    223.83440      0.26660
  2532    309.87050      1.05621    216.56900      0.31032
  2552    308.05620      1.03280    215.54290      0.29284
  2572    325.59790      0.97590    210.90940      0.25520
  2587    334.98840      0.91072    213.07790      0.24079
  2607    343.13230      0.89548    195.44670      0.29089
  2627    333.39870      0.89710    195.00860      0.33216
  2650    325.06480      0.91169    185.10300      0.32336
  2667    328.95050      0.91053    167.10380      0.30733
  2686    327.77040      0.90795    166.82970      0.27269
  2706    349.60090      0.83737    150.66650      0.22190
  2727    368.28780      0.67995    160.32530      0.22880
  2747    376.76870      0.58883    161.87300      0.23231
  2767    374.74140      0.56619    156.93470      0.23283
  2788    367.02290      0.58341    148.16120      0.21913
  2808    364.24310      0.56955    149.55870      0.22799
  2828    356.41340      0.61099    152.27990      0.23812
  2848    357.23890      0.61241    141.81200      0.21324
  2867    357.78700      0.57815    139.59460      0.21637
  2887    359.97100      0.53403    134.20240      0.18871
  2907    353.77800      0.54356    142.76010      0.21747
  2927    349.68230      0.53837    148.87020      0.24648
  2947    349.63220      0.52798    149.63600      0.25509
  2967    351.81030      0.46502    150.95180      0.23727
  2989    348.89930      0.46668    149.36080      0.22886
  3009    341.06180      0.46335    160.80790      0.22093
  3029    337.36880      0.49251    153.27800      0.20701
  3049    331.09700      0.51954    155.95790      0.20382
  3069    331.60570      0.51013    146.14660      0.20171
  3089    330.39760      0.49144    144.34750      0.19914
  3108    328.11940      0.48813    148.08790      0.20334
  3129    327.72410      0.45954    145.15650      0.20507
  3149    325.97250      0.43572    142.80770      0.19327
  3169    322.75040      0.43971    141.21660      0.18232
  3190    320.37010      0.39895    138.73750      0.18086
  3210    315.19040      0.44594    140.73000      0.17624
  3230    313.01790      0.41387    147.97780      0.19651
  3250    309.79870      0.39467    154.45830      0.20561
  3270    305.95190      0.39725    156.28530      0.18767
  3290    303.16720      0.39918    157.17120      0.18998
  3310    299.51280      0.39261    161.90870      0.19425
  3330    297.46440      0.36352    167.10440      0.20397
  3350    293.25390      0.39534    170.25220      0.20431
  3370    290.42340      0.40141    165.40340      0.21855
  3390    291.46550      0.38116    157.64010      0.18583
  3410    290.44380      0.37116    155.53880      0.17902
  3430    288.88810      0.37469    153.60240      0.17708
  3450    286.59290      0.35490    153.66090      0.18402
  3472    282.10880      0.36196    155.41450      0.18323
  3492    277.83890      0.36287    156.61000      0.17799
  3511    274.43500      0.36065    158.24760      0.18341
  3531    271.25160      0.34318    159.29280      0.19817
  3554    267.41450      0.37051    155.84390      0.20583
  3574    257.18770      0.40635    165.89030      0.25205
  3593    250.93120      0.40393    175.70960      0.24019
  3614    242.22290      0.43210    179.55730      0.21971
  3636    233.42730      0.48841    180.23000      0.20684
  3656    226.17090      0.51662    178.37600      0.21543
  3676    217.95190      0.55228    178.64620      0.21919
  3696    210.76560      0.56551    180.80700      0.21527
  3715    199.23680      0.60885    175.13780      0.22782
  3735    175.14140      0.66068    179.67600      0.28939
  3757    136.71110      0.69710    195.32770      0.43880
  3778    115.41850      0.69113    200.17340      0.47855
  3796    117.87330      0.68258    202.38870      0.48023
  3817    112.58190      0.67379    203.21520      0.52240
  3837     99.89973      0.66056    205.88790      0.56682
  3858     95.68793      0.64822    204.86280      0.58956
  3879     89.63955      0.63658    206.39120      0.59847
  3899     69.88239      0.60920    218.12180      0.59978
  3919     59.71806      0.58498    226.68370      0.59327
  3939     65.52459      0.58549    229.30340      0.51725
  3966     62.86508      0.57294    228.89080      0.54090
  3986     60.08110      0.55754    226.04110      0.53627
  4004     82.91182      0.58010    225.64560      0.47418
  4024     97.31824      0.57717    223.20450      0.46607
  4045    123.72800      0.56494    213.19600      0.44268
  4066    139.44850      0.53832    205.10920      0.41320
  4086    145.10530      0.51177    202.06480      0.35011
  4107    130.54570      0.51711    207.67500      0.40936
  4127     95.16373      0.53758    217.82210      0.46120
  4147     96.32674      0.52649    218.67750      0.44800
  4167    103.93840      0.51607    217.89210      0.39875
  4187    112.87640      0.49813    212.70340      0.36057
  4208    124.81200      0.46998    201.49200      0.36648
  4228    130.68000      0.45365    189.37620      0.36686
  4248    128.48220      0.45488    181.81590      0.38609
  4268    121.09250      0.45777    184.73580      0.41126
  4287     96.24640      0.47378    198.98490      0.49995
  4310     56.73788      0.44940    212.18080      0.58452
  4329     44.59499      0.42644    216.97920      0.58516
  4349     39.23703      0.41389    220.89400      0.57169
  4370     57.74451      0.42633    220.67240      0.51366
  4390     69.79491      0.42279    221.07860      0.46252
  4410     55.82120      0.41128    222.86980      0.52641
  4430     53.34882      0.40220    224.96440      0.53643
  4450     76.79579      0.39881    223.79780      0.41289
  4470     68.91327      0.39230    223.20380      0.45954
  4490     78.47210      0.37806    220.45940      0.39670
  4510     95.60128      0.34289    216.84720      0.27012
  4531     94.13324      0.33394    212.59950      0.34053
  4551     94.54000      0.31548    208.14720      0.34164
  4571     83.95633      0.32817    216.06960      0.35327
  4591     74.79224      0.33411    219.13680      0.40926
  4611     62.84875      0.33137    221.12190      0.46695
  4631     66.65115      0.31861    222.29370      0.40777
  4651     69.82964      0.30404    222.10590      0.36427
  4671     67.57510      0.29761    222.72020      0.35689
  4691     68.81425      0.28831    222.00400      0.37279
  4711     76.47785      0.27010    200.59260      0.35148
  4731     84.48969      0.24856    181.67050      0.24931
  4751     78.93311      0.25039    183.85920      0.28851
  4771     64.73750      0.26358    196.63310      0.40959
  4791     44.63523      0.26290    211.07150      0.50873
  4811     38.63491      0.25163    214.56510      0.51567
  4831     59.96936      0.23044    207.17490      0.42584
  4850     69.46404      0.19097    196.52030      0.34732
  4870     69.89507      0.17091    188.59720      0.31498
  4890     65.27526      0.18061    182.27320      0.30886
  4910     63.79705      0.17042    174.67240      0.24352
  4930     66.60860      0.13656    168.56880      0.17710
  4950     66.92509      0.11953    164.25610      0.16030
  4970     62.93358      0.11703    161.97830      0.16570
  4989     58.66410      0.12352    161.28670      0.16623
  5009     55.48521      0.12119    163.11750      0.18090
