  2508    331.49170      2.28257    283.03950      0.39482
  2554    238.48560      2.08887    288.23550      0.42496
  2596    188.77950      1.86535    299.10380      0.40667
  2636    246.27220      2.08755    293.38060      0.45077
  2675    200.22880      1.90042    297.48180      0.51722
  2714    195.40950      1.90366    297.24760      0.51337
  2753    312.83910      2.29078    293.43680      0.50035
  2792    318.45690      2.29772    302.45650      0.45007
  2831    302.80920      2.27484    297.60570      0.49021
  2870    254.29100      2.10664    300.89270      0.50592
  2909    202.50100      1.95256    289.57220      0.70974
  2948    312.51950      2.31698    255.26790      0.67892
  2987    358.98750      2.42076    223.95870      0.81135
  3025    652.95320      2.35615    104.38860      0.14386
  3064    828.18330      1.56890    101.44140      0.11562
  3103    839.97880      1.42431     98.98068      0.12042
  3142    466.07560      2.56557    110.27130      0.46693
  3181    219.04850      2.07977    258.90570      0.83392
  3220    869.06690      0.85923    102.85440      0.09861
  3259    241.28770      2.17945    282.24860      0.57962
  3296    190.87810      1.95749    312.73750      0.49606
