   188      0.00000      0.00000    224.79190      0.32383
   206      0.00000      0.00000    219.45930      0.27411
   244      0.00000      0.00000    213.18140      0.23058
   284      0.00000      0.00000    212.52540      0.20140
   323      0.00000      0.00000    210.28980      0.20543
   361      0.00000      0.00000    209.19510      0.23192
   399      0.00000      0.00000    209.41910      0.22162
   438      0.00000      0.00000    208.00630      0.21502
   476      0.00000      0.00000    208.04590      0.22416
   515      0.00000      0.00000    214.14770      0.22802
   554      0.00000      0.00000    213.15150      0.22632
   593      0.93616      0.00204    210.26690      0.20895
   627      4.66988      0.00906    208.53390      0.20720
   665      9.18037      0.01660    208.41460      0.20820
   704     14.34422      0.02324    206.76260      0.21598
   743     19.56580      0.03227    204.87130      0.24118
   782     24.16483      0.03808    206.13920      0.22113
   821     28.99253      0.04333    208.02230      0.20486
   860     34.21354      0.05163    204.13070      0.20889
   899     40.81718      0.06320    198.09020      0.25721
   938     45.96061      0.06631    201.76420      0.23835
   976     50.44854      0.07758    204.98490      0.23807
  1015     56.15541      0.08795    204.88280      0.24060
  1053     61.51146      0.09640    203.09180      0.24405
  1092     64.51214      0.10218    207.27260      0.20683
  1130     74.73969      0.11232    188.24710      0.20468
  1169     69.59743      0.13986    219.06380      0.20909
  1208     85.74320      0.13163    186.84820      0.19191
  1247     89.45512      0.13953    186.82950      0.19899
  1286     95.39333      0.14104    189.32840      0.18408
  1326    103.96880      0.15589    180.55870      0.16239
  1364    105.62840      0.16287    201.64380      0.19126
  1403    110.54260      0.17056    209.53830      0.20155
  1442    114.58000      0.17580    214.97180      0.20512
  1480    118.30910      0.18246    222.26050      0.20323
  1519    113.09800      0.23654    223.05930      0.30174
  1558    109.60080      0.25145    233.87100      0.19938
  1596    113.65920      0.25727    232.24430      0.22460
  1635    130.21480      0.24420    219.80940      0.33149
  1674    146.07130      0.24976    210.34530      0.27212
  1713    150.89790      0.26710    212.92530      0.31289
  1752    159.01970      0.31688    182.66920      0.26918
  1790    126.20940      0.39776    238.25380      0.32622
  1828    123.08550      0.45791    231.55630      0.48882
