   158      0.00000      0.00000    227.55770      0.36309
   196      0.00000      0.00000    219.88970      0.29981
   235      0.00000      0.00000    213.97980      0.21207
   275      0.00000      0.00000    213.17510      0.21928
   314      0.00000      0.00000    210.86470      0.18315
   353      0.00000      0.00000    208.92310      0.22765
   392      0.00000      0.00000    210.51690      0.22189
   431      0.00000      0.00000    208.35350      0.21452
   470      0.00000      0.00000    208.14750      0.20895
   510      0.00000      0.00000    213.01190      0.23792
   552      0.00000      0.00000    214.12660      0.21603
   589      0.46900      0.00102    210.35680      0.20485
   630      4.92840      0.00953    208.92550      0.19170
   669      9.70862      0.01697    208.44120      0.21711
   708     14.79654      0.02336    206.83960      0.22094
   748     19.97774      0.03200    205.05100      0.22602
   787     24.68505      0.03995    206.39760      0.21303
   826     29.42953      0.04604    207.04670      0.20178
   865     35.11403      0.05507    203.79770      0.21411
   904     41.72804      0.06219    199.09410      0.24122
   943     46.27221      0.07129    202.73690      0.23141
   982     51.14155      0.08010    206.89390      0.23491
  1021     56.85585      0.08850    205.01470      0.25245
  1060     62.63702      0.10104    201.21890      0.26214
  1099     65.27805      0.10544    207.66480      0.19592
  1137     75.88581      0.11597    187.56300      0.20700
  1178     73.10085      0.13973    216.71180      0.22132
  1217     87.27551      0.13174    180.82850      0.20181
  1256     92.34651      0.13340    186.20090      0.20490
  1295     93.90072      0.14205    190.85940      0.18110
  1334    105.47180      0.14475    180.79140      0.16972
  1373    105.79730      0.16057    204.10600      0.18722
  1412    110.64220      0.17940    211.37800      0.20197
  1451    115.44920      0.16998    217.23720      0.20117
  1490    119.35680      0.19082    222.93510      0.20680
  1528    111.34360      0.24931    223.95860      0.31368
  1567    110.09120      0.26528    234.01750      0.20535
  1606    114.64350      0.25769    231.21670      0.19844
  1645    133.45000      0.23365    214.13050      0.29154
  1684    153.36810      0.24375    199.57790      0.26248
  1723    157.36350      0.25452    194.69510      0.32155
  1761    142.33420      0.39708    203.18400      0.38010
  1800    124.74090      0.40168    240.73750      0.37052
