   380    323.11150      1.51200    217.91450      0.29183
   840     79.00581      1.10037    228.28360      0.57827
  1240    263.03020      1.13774    223.99910      0.45278
  1640    278.06310      0.97129    209.21750      0.33572
  2040    297.99950      0.48908    196.01860      0.20286
  2460    248.35690      0.43533    177.32120      0.20061
  2840    148.94970      0.50525    208.30840      0.26692
  3240     92.19316      0.39804    208.52400      0.26515
  3660    407.61460      0.59258    207.37260      0.19078
  4080    451.01510      0.61499    207.44350      0.19230
  4540      0.00000      0.00000    217.01620      0.20606
