   300      0.00000      0.00000    201.45620      0.27163
   640      6.83264      0.03089    228.51210      0.58505
  1020     49.81540      0.15205    223.66370      0.37118
  1440    111.63420      0.21025    216.87100      0.28779
  1900    168.83780      0.33240    212.71940      0.32949
  2300    231.11320      0.36135    194.30490      0.19792
  2780    187.94120      0.46130    195.47040      0.23017
  3200    165.64520      1.05725    209.88310      0.27640
  3620    387.07320      0.70964    205.64930      0.24146
  4060    448.97530      0.66891    205.46930      0.16933
  4600      0.00000      0.00000    196.32030      0.19956
