   853    332.21170      2.43082    285.67930      0.85971
   871    333.46960      2.43598    288.23200      0.77733
   910    312.29440      2.38066    287.91720      0.70510
   949    308.73790      2.40134    289.99580      0.70450
   988    282.54120      2.31325    286.81200      0.64437
  1026    308.81520      2.38455    272.35220      0.63068
  1066    352.41990      2.53016    257.76270      0.56286
  1104    379.33590      2.57959    247.79580      0.49883
  1142    296.66830      2.40214    263.09230      0.67872
  1181    332.46540      2.46807    254.84360      0.52876
  1220    289.24010      2.39008    252.16220      0.70919
  1259    456.88970      2.68570    209.51020      0.43279
  1297    406.31120      2.63055    219.32800      0.45147
  1335    266.11070      2.27090    259.14130      0.55870
  1372    220.43760      2.20260    275.70390      0.46671
  1413    213.20280      2.16944    274.35010      0.45245
  1451    208.25170      2.12646    276.06560      0.47817
  1490    310.86560      2.45517    253.65980      0.52310
  1530    217.63080      2.17131    275.78450      0.45291
  1568    234.57090      2.23458    270.58990      0.49068
  1606    445.58800      2.65794    203.57860      0.62390
  1652    273.96100      2.34313    254.77560      0.57348
  1691    177.04330      1.94090    279.88310      0.45109
  1730    381.27360      2.59686    139.30860      0.82536
  1769    913.29200      1.05565    100.19660      0.11840
  1820    808.00180      1.93642    116.20330      0.15193
  1837    848.87300      1.45063    121.53430      0.14484
  1876    419.40370      2.63759    155.38600      0.54988
  1914    213.93460      2.13749    271.14410      0.52624
  1954    220.23010      2.12014    274.91190      0.50088
  1993    642.01790      2.41733    140.66400      0.53819
  2032    456.16370      2.64917    113.49370      0.41495
  2071    199.55600      2.07539    252.07500      0.78718
  2108    345.03490      2.51061    157.90410      0.72692
