  2507    335.11810      2.27610    282.96980      0.40421
  2559    235.90560      2.09654    287.24820      0.42811
  2599    183.38930      1.85608    300.31380      0.39184
  2638    240.55470      2.08683    293.78150      0.45756
  2678    194.89830      1.89238    298.89560      0.51485
  2719    207.19990      1.97218    295.52610      0.51843
  2758    325.17000      2.30270    291.33810      0.50696
  2798    293.11250      2.23464    304.31170      0.45040
  2837    305.52880      2.27393    298.73680      0.45961
  2876    243.85800      2.07923    299.86460      0.51412
  2915    199.45600      1.94942    296.26670      0.60043
  2954    313.49080      2.31085    254.85620      0.60901
  2993    321.17340      2.34182    203.47530      0.93504
  3032    733.33700      2.08763    103.24050      0.12369
  3071    848.77010      1.36197    100.31130      0.11643
  3110    836.42600      1.49075     98.79076      0.11896
  3149    338.75850      2.43476    150.09810      0.92985
  3188    423.06280      2.54618    164.44450      0.97154
  3227    869.15980      0.85448    102.30460      0.10191
  3266    210.67260      2.04447    291.97710      0.54705
  3305    191.92690      1.97215    314.36030      0.48211
