   825    322.82750      2.40667    277.04830      0.88444
   888    317.35230      2.39617    284.13740      0.82190
   928    319.72030      2.41387    284.08330      0.76601
   967    312.44850      2.38586    285.34810      0.66637
  1006    307.57170      2.37891    272.81710      0.66144
  1045    307.64310      2.37201    271.22380      0.61778
  1084    378.54380      2.56639    250.41150      0.52266
  1123    365.55160      2.56764    250.01310      0.55425
  1162    387.10420      2.59620    242.80650      0.48231
  1200    266.99960      2.30041    265.42980      0.66437
  1238    378.49490      2.58053    225.90900      0.50029
  1277    419.02820      2.64865    218.51680      0.43266
  1316    239.64810      2.24668    266.56020      0.63627
  1354    225.04600      2.18847    276.61700      0.44916
  1395    251.69380      2.29392    273.72760      0.43577
  1434    214.01570      2.14551    279.56470      0.45908
  1473    288.29850      2.39937    257.21730      0.54435
  1512    243.76370      2.25914    254.74330      0.68106
  1551    456.85930      2.63185    246.00210      0.41520
  1590    408.20860      2.62758    231.66460      0.55903
  1629    220.45510      2.14471    248.73740      0.66947
  1668    243.33800      2.26617    250.64070      0.65942
  1707    173.28980      1.93895    280.23280      0.46264
  1746    628.21330      2.60402    103.59620      0.21534
  1786    914.53220      0.98361    103.91170      0.11871
  1826    854.62990      1.46934    119.39200      0.13904
  1853    612.48330      2.55553    129.71640      0.30046
  1884    301.57550      2.43347    184.93030      0.81422
  1922    240.37630      2.20916    272.83030      0.45603
  1961    219.56700      2.14375    270.61350      0.44026
  2001    483.56590      2.65394    121.53030      0.51997
  2040    352.95590      2.53501    140.47530      0.73711
  2078    209.69280      2.11087    233.57140      0.86792
  2118    254.54490      2.30737    194.85060      0.92874
