  2528    159.51300      1.73246    271.24210      0.54399
  2561    227.15890      1.96747    237.29170      0.80381
  2605    380.34320      2.13756    268.69680      0.51510
  2644    252.67020      1.99709    269.63550      0.55770
  2683    215.41000      1.89470    271.54740      0.62105
  2723    214.85240      1.91394    272.80920      0.69409
  2763    197.50580      1.81599    277.56340      0.66918
  2802    302.13490      2.12857    239.35910      0.68879
  2841    372.15060      2.28996    212.14110      0.70481
  2878    542.67490      2.21011    173.98780      0.25700
  2919    446.46370      2.29856    210.21370      0.40906
  2943    410.54100      2.34084    187.20460      0.49402
  2982    463.59560      2.32341    211.91060      0.38325
  3021    441.30210      2.35070    218.06330      0.51158
  3059    192.90300      1.81221    292.86160      0.62124
  3100    194.43390      1.79876    297.44940      0.58795
