   856    330.18930      2.41054    283.46990      0.83823
   863    332.49120      2.43966    286.58030      0.77230
   903    313.53850      2.38052    288.33270      0.74372
   943    301.18980      2.32640    283.88790      0.77133
   983    296.64960      2.37861    286.22270      0.63622
  1022    309.37590      2.40554    273.95050      0.63981
  1061    342.79170      2.47101    262.76800      0.56648
  1100    375.35830      2.55862    249.37470      0.50244
  1140    294.89960      2.38510    263.56250      0.67433
  1179    342.04060      2.53093    253.36270      0.53491
  1218    277.98290      2.35928    258.56950      0.71693
  1257    450.33020      2.68689    209.97190      0.44640
  1296    415.42390      2.64737    219.20590      0.47012
  1338    274.79700      2.25941    254.61240      0.51799
  1378    204.03930      2.12378    278.20180      0.46025
  1417    213.08160      2.17496    274.92790      0.48083
  1456    202.08020      2.10231    279.46250      0.46059
  1495    375.86550      2.58598    220.53600      0.63930
  1534    193.40480      2.07375    277.80060      0.46677
  1573    237.19440      2.21464    273.16310      0.47563
  1613    205.08170      2.11050    255.27350      0.64838
  1650    290.24060      2.39460    250.94950      0.55557
  1689    195.62800      2.08632    279.52310      0.45761
  1728    338.04730      2.52629    158.09120      0.93706
  1767    906.38010      1.16204    100.92810      0.12068
  1824    834.78110      1.71714    118.42430      0.14602
  1848    750.93700      2.18789    121.08540      0.15978
  1894    239.68880      2.24639    208.31290      0.90033
  1939    223.75470      2.14265    279.78240      0.43953
  1977    259.67380      2.30509    227.08620      0.85244
  2017    475.41630      2.65683    102.78250      0.32887
  2057    196.32080      2.01363    259.94590      0.68596
  2097    438.69610      2.63421    136.84220      0.43269
