   240      0.00000      0.00000    207.30230      0.28850
   560    319.12480      1.43301    231.46390      0.36215
  1060    316.09450      1.17980    221.80690      0.32792
  1480    112.55030      0.24501    219.41220      0.29287
  1940    177.93040      0.34049    200.41170      0.35811
  2380    242.08310      0.40401    188.91340      0.24423
  2720    203.35370      0.41182    190.23310      0.24472
  3160    172.11190      1.04753    207.00000      0.38676
  3520    102.10880      0.12488    208.72490      0.19431
  3980     36.85237      0.05371    204.36090      0.18818
  4360    444.74190      1.09346    200.60840      0.22047
