   151      0.00000      0.00000    201.03340      0.22191
   212      0.00000      0.00000    203.63780      0.35203
   249      0.00000      0.00000    187.61840      0.26942
   285      0.00000      0.00000    183.27350      0.21612
   327      0.00000      0.00000    183.16660      0.19512
   366      0.00000      0.00000    198.80420      0.29016
   405      0.00000      0.00000    183.40160      0.18706
   444      0.00000      0.00000    203.63880      0.23303
   482      1.54347      0.00329    209.09570      0.21225
   522      5.91413      0.01080    202.99650      0.19758
   560     10.46071      0.01877    200.93620      0.19020
   599     15.44727      0.02572    199.37320      0.18226
   638     21.03706      0.03368    200.85220      0.23867
   677     25.16459      0.04068    204.51640      0.23739
   716     30.68291      0.04589    207.36990      0.22931
   757     36.42630      0.05417    206.91910      0.22673
   797     41.72256      0.06599    206.79410      0.25533
   837     46.42929      0.07334    207.00920      0.25110
   876     51.56054      0.07814    211.79000      0.25549
   915     56.31355      0.09036    215.46390      0.27465
   955     61.76570      0.09713    209.74120      0.31899
   994     68.28526      0.10552    213.68640      0.24949
  1033     75.02844      0.11887    207.68380      0.22560
  1072     81.20562      0.11892    204.88960      0.23551
  1110     86.83637      0.12924    204.34050      0.23177
  1149     91.52963      0.13698    204.01620      0.24704
  1188     97.56091      0.14500    205.49920      0.23490
  1228    103.06370      0.15022    206.17490      0.24538
  1267    107.12840      0.15972    207.86970      0.26443
  1306    112.68190      0.17059    209.03570      0.26216
  1345    118.17480      0.18261    212.42210      0.28138
  1384    104.73180      0.23759    219.04240      0.31822
  1423    111.24040      0.23104    219.05680      0.28904
  1462    113.56570      0.25441    221.69160      0.29487
  1501    119.49200      0.26804    223.12980      0.28288
  1540    128.43110      0.27812    226.34270      0.33005
  1579    144.33760      0.23938    226.89760      0.32577
  1618    145.02860      0.24938    225.82410      0.34584
  1657     92.62177      0.45905    233.53230      0.36445
  1696    134.78210      0.43031    226.40970      0.32804
  1734    129.94320      0.47506    227.37790      0.34095
  1774     99.24722      0.52286    237.34130      0.42648
  1814    145.64450      0.47413    225.31820      0.34835
