   290    263.81270      1.13367      0.00000      0.00000
   350    278.54610      1.14472      0.00000      0.00000
   550    293.36800      1.24358      0.00000      0.00000
   750    313.58770      1.30049      0.00000      0.00000
   950    318.94440      1.38841      0.00000      0.00000
  1130    387.43580      1.35509      0.00000      0.00000
  1300    344.45630      1.55918      0.00000      0.00000
  1500    424.89720      1.47055      0.00000      0.00000
  1700    461.50590      1.46315      0.00000      0.00000
  1910    480.57870      1.60476      0.00000      0.00000
