   832    301.86680      2.36670    269.23720      0.70552
   895    336.03630      2.45526    242.19190      0.73272
   934    602.03890      2.64244    214.81820      0.45096
   974    690.66060      2.43799    223.05850      0.35662
  1012    825.83570      1.72899    214.30390      0.45869
  1051    281.23430      2.29087    252.17530      0.75294
  1094    248.62930      2.21632    262.70470      0.75036
  1134    266.55930      2.34294    258.60010      0.73590
  1175    315.56940      2.45843    263.38750      0.61482
  1217    411.00990      2.61912    261.18590      0.54742
  1256    287.71270      2.39870    250.80780      0.73236
  1295    393.36320      2.62494    233.94170      0.71019
  1338    262.47740      2.33702    254.01410      0.56592
  1381    587.06630      2.60351    225.47060      0.39710
  1421    346.33540      2.55969    231.34800      0.59617
  1461    576.83310      2.62130    177.32150      0.48017
  1494    318.79350      2.52457    204.03470      0.73280
  1534    499.99510      2.71130    166.15080      0.47790
  1577    379.18850      2.60691    211.49820      0.63382
  1618    587.26140      2.58529    192.14690      0.60816
  1660    331.65240      2.50115    226.34570      0.71899
  1704    662.15310      2.44605    195.57170      0.25782
  1745    632.40400      2.50415    185.63680      0.30922
  1773    789.69780      1.83245    173.46580      0.26926
  1817    850.49410      1.39607    138.25730      0.20881
  1858    576.78840      2.63566    171.01190      0.32503
  1899    522.84630      2.71131    123.97350      0.42334
  1938    610.10750      2.65611    120.84930      0.22545
  1980    729.89180      2.22455    150.60760      0.44117
  2027    463.22070      2.66355    207.94020      0.63433
  2068    692.98170      2.37778    193.49760      0.47102
  2108    806.42170      1.64203    188.71470      0.40267
  2147    727.44730      2.24863    215.28050      0.24786
  2192    426.40000      2.64151    217.28500      0.40829
  2234    334.95340      2.47912    229.77530      0.51019
  2275    386.07170      2.57812    218.92560      0.53417
  2315    458.48820      2.66607    208.87590      0.44646
  2355    421.17210      2.46998    238.47210      0.43874
  2395    297.68520      2.35639    259.54690      0.43903
  2437    514.54400      2.53282    258.61760      0.32430
