   172      0.00000      0.00000    204.84970      0.23912
   209      0.00000      0.00000    209.79510      0.35899
   266      0.00000      0.00000    182.28370      0.24450
   300      0.00000      0.00000    179.69200      0.26876
   333      0.00000      0.00000    183.27040      0.21731
   370      0.00000      0.00000    195.88230      0.27562
   409      0.00000      0.00000    185.67570      0.21078
   448      0.00000      0.00000    205.59090      0.26435
   487      2.14480      0.00444    209.10210      0.22035
   530      7.26379      0.01283    197.91700      0.22415
   569     11.53900      0.01986    202.39030      0.20609
   606     16.42924      0.02653    199.70510      0.19346
   645     22.07084      0.03478    202.28130      0.22721
   684     25.97686      0.04125    205.88060      0.22009
   724     31.46774      0.05014    206.89530      0.23718
   762     36.78932      0.05505    206.24520      0.23142
   802     42.28289      0.06656    207.72710      0.26070
   841     47.13910      0.06938    204.06340      0.27083
   881     52.24898      0.07699    212.44430      0.24639
   919     57.09600      0.08710    217.05590      0.25065
   959     62.62824      0.09585    216.49390      0.25788
   997     68.85699      0.10839    210.38900      0.26238
  1040     76.33396      0.10891    206.68420      0.22623
  1078     81.98557      0.12370    204.82260      0.22655
  1118     87.71327      0.12887    204.25920      0.22777
  1158     93.06277      0.13898    206.22120      0.22052
  1197     98.93246      0.14461    205.93080      0.23124
  1235    104.75860      0.14891    208.99140      0.22633
  1274    108.06450      0.15992    206.33380      0.28156
  1313    114.09560      0.17214    209.23320      0.26518
  1352    116.35710      0.18839    215.39230      0.29178
  1389    105.70260      0.23961    219.35560      0.30551
  1427    114.40170      0.23944    220.03160      0.30206
  1466    114.19670      0.25802    222.20630      0.30580
  1505    119.89180      0.26956    221.86380      0.29612
  1544    131.53060      0.26991    227.44520      0.32265
  1583    145.01160      0.23684    226.62260      0.33690
  1622    144.19170      0.26982    226.78130      0.34663
  1660     95.99963      0.45868    235.15610      0.34756
  1699    133.08150      0.43667    226.64420      0.32280
  1738    127.52790      0.48807    228.54280      0.32061
  1777    102.06450      0.52213    235.62360      0.39867
  1815    141.14940      0.48842    226.90720      0.36179
