  2510    159.06760      1.69958    276.16440      0.51791
  2546    177.77860      1.79647    263.42180      0.58630
  2585    278.14900      2.05923    263.36040      0.60657
  2623    248.88140      1.97847    273.96670      0.49870
  2662    236.70430      1.96571    272.34420      0.57799
  2700    227.68140      1.92803    272.40320      0.62089
  2739    214.95220      1.90744    277.48610      0.67573
  2777    234.21620      1.96539    260.76480      0.69135
  2813    398.06170      2.28332    217.63980      0.52121
  2852    317.36370      2.23066    202.46290      0.76365
  2891    591.48310      2.07630    178.85970      0.23173
  2930    427.24720      2.33234    189.10150      0.49546
  2969    412.41430      2.32786    211.07490      0.48814
  3008    512.39530      2.31930    208.24650      0.24987
  3047    193.13670      1.82314    285.73640      0.71566
  3086    186.40100      1.74816    296.69670      0.64052
