  2513    317.03560      2.27034    282.95000      0.40039
  2566    243.15450      2.10329    293.40960      0.37984
  2607    176.70150      1.83403    301.54540      0.39494
  2646    243.13460      2.07035    288.87180      0.51456
  2686    185.77630      1.83015    299.25010      0.52672
  2725    223.19860      2.01943    301.36400      0.46927
  2764    322.30670      2.29635    295.84890      0.49243
  2803    298.16030      2.21907    296.86810      0.54616
  2842    312.28100      2.29946    299.13970      0.48811
  2881    241.87360      2.08444    299.58350      0.52751
  2920    199.25240      1.94830    302.22140      0.58083
  2959    294.77220      2.25378    260.01180      0.66504
  2998    380.94710      2.45788    165.75500      0.83277
  3037    775.40800      1.91464    102.63910      0.12617
  3075    855.47110      1.27892     99.98388      0.11898
  3114    840.78000      1.46788     98.74254      0.11535
  3157    235.43440      2.11499    224.13420      1.05306
  3195    799.33920      1.66379    103.50860      0.10510
  3234    865.08290      0.94777    100.34410      0.09993
  3279    192.44130      1.96705    306.33400      0.49218
  3319    192.88610      1.93975    314.69930      0.46025
