  2527    247.18310      2.12109    285.68070      0.41730
  2567    250.29740      2.12543    292.85120      0.39025
  2605    171.13960      1.79411    300.72210      0.41873
  2644    251.36440      2.12435    288.79700      0.51448
  2683    188.45830      1.85466    299.61180      0.51671
  2722    212.65030      1.98898    298.13550      0.52091
  2761    329.82650      2.29089    295.67140      0.46948
  2799    293.19760      2.24412    304.24800      0.44260
  2838    305.41740      2.26796    297.93910      0.48158
  2877    239.53300      2.05154    300.51240      0.49394
  2916    195.56580      1.90001    290.46810      0.71061
  2955    299.98250      2.28694    259.54620      0.65941
  2994    330.17300      2.37346    197.62980      0.92591
  3033    743.79250      2.02639    103.34220      0.12034
  3072    851.19540      1.33234    100.06460      0.11857
  3113    842.77790      1.41312     98.93983      0.11448
  3151    305.77820      2.35974    167.74510      1.03865
  3190    533.33390      2.53823    138.62940      0.79254
  3229    869.39840      0.83603    101.73830      0.09644
  3268    198.35520      1.96990    287.49910      0.65039
  3307    192.48650      1.95514    307.54870      0.55685
