   163      0.00000      0.00000    233.78320      0.35865
   216      0.00000      0.00000    211.89700      0.24360
   257      0.00000      0.00000    213.82670      0.21357
   298      0.00000      0.00000    212.55130      0.19616
   337      0.00000      0.00000    209.72400      0.20762
   376      0.00000      0.00000    210.62190      0.23070
   416      0.00000      0.00000    209.72930      0.22694
   455      0.00000      0.00000    207.05070      0.22570
   494      0.00000      0.00000    206.81560      0.25385
   534      0.00000      0.00000    215.92530      0.22896
   573      0.00000      0.00000    211.36410      0.21579
   612      2.96201      0.00625    208.45040      0.21826
   651      7.48109      0.01306    208.91820      0.20881
   690     12.52721      0.02034    207.38110      0.22784
   728     17.85577      0.02784    202.54900      0.25429
   770     22.80847      0.03577    205.59460      0.22884
   809     27.11689      0.04261    207.33220      0.20161
   849     32.75158      0.05132    203.16350      0.22143
   889     39.07111      0.05771    199.55880      0.24289
   927     44.07247      0.06846    201.89670      0.24267
   967     49.47842      0.07615    201.13640      0.24872
  1008     54.63070      0.08227    205.79130      0.23936
  1047     59.25671      0.09480    206.21150      0.23246
  1087     64.60704      0.09867    206.26150      0.22008
  1126     73.24071      0.11118    190.06050      0.18843
  1165     71.57421      0.12640    213.21460      0.24053
  1205     86.02916      0.12276    186.34280      0.18425
  1245     88.92378      0.13602    188.35950      0.20742
  1284     95.25674      0.14177    188.98100      0.19225
  1322    103.31360      0.14941    182.44810      0.16141
  1362    105.77290      0.16246    200.55800      0.19410
  1401    110.87370      0.16512    208.72050      0.21037
  1440    114.62500      0.16771    214.42840      0.21055
  1479    116.57220      0.19885    221.58110      0.22561
  1517    114.01530      0.23251    223.37440      0.30119
  1555    108.67800      0.26133    234.05080      0.18965
  1594    114.91440      0.24372    230.94750      0.21247
  1633    127.50020      0.25860    223.07950      0.32645
  1673    145.41900      0.24573    212.29400      0.27862
  1712    151.27640      0.25771    212.79380      0.31635
  1751    159.99610      0.30907    182.28240      0.25809
  1791    124.88980      0.40875    238.82060      0.31986
  1831    123.29640      0.45772    227.20760      0.45607
