   854    334.96950      2.45057    284.36430      0.82801
   896    315.52440      2.39207    284.69470      0.78046
   935    317.24480      2.41345    291.76320      0.68785
   974    295.68070      2.35477    284.37480      0.65927
  1013    305.52400      2.35223    277.13200      0.68749
  1052    316.51410      2.39778    262.75770      0.63891
  1092    372.17190      2.54980    250.97150      0.52646
  1133    286.55850      2.37496    265.43670      0.64786
  1174    352.33260      2.54201    251.21490      0.54684
  1214    270.02960      2.35009    266.59660      0.68682
  1256    443.34150      2.67601    209.81740      0.43630
  1298    399.49630      2.61746    216.14950      0.48668
  1339    257.84860      2.26834    258.84540      0.52714
  1379    202.84720      2.10459    277.80090      0.46735
  1418    207.72200      2.10814    276.75980      0.46195
  1457    206.58030      2.12531    278.23500      0.47835
  1497    385.05890      2.59906    237.80890      0.45824
  1539    230.18750      2.23139    269.78730      0.48112
  1580    264.55260      2.30887    267.00150      0.47843
  1619    194.16820      2.06007    264.16140      0.61137
  1660    246.69130      2.24154    262.17810      0.57380
  1705    175.38610      1.96102    280.95270      0.45671
  1745    616.69200      2.61499    104.49720      0.26338
  1784    911.40400      0.99238    104.38640      0.11898
  1819    814.22610      1.89514    114.44280      0.14749
  1841    845.16150      1.49564    120.15710      0.13450
  1895    240.39960      2.23390    210.34230      0.90411
  1938    234.36470      2.20673    278.53090      0.41648
  1980    362.80190      2.55124    197.12740      0.88086
  2020    487.51540      2.66286    105.21310      0.36038
  2061    189.95290      1.99267    261.87640      0.67740
  2103    417.00910      2.61320    141.35770      0.47699
