   360      0.00000      0.00000    210.41730      0.27497
   680     10.11864      0.04560    229.05470      0.58390
  1080     46.30531      0.18750    228.09160      0.50457
  1560    113.93010      0.33298    222.01040      0.22394
  2000    193.33590      0.29721    196.14290      0.23713
  2400    250.87210      0.40810    192.93680      0.23310
  2800    268.22310      0.70301    199.72270      0.22910
  3220    246.37990      0.95086    213.06610      0.28278
  3640     84.89385      0.09806    208.08150      0.18551
  4120    457.15590      0.56662    208.93810      0.18351
  4700    540.52660      0.63205    201.38980      0.14573
