   167    163.13620      1.49295    221.82450      0.61949
   173    165.59720      1.50393    222.77440      0.61126
   193    161.05540      1.48901    224.89000      0.60436
   213    115.48570      1.37413    221.86160      0.59142
   233    126.89190      1.40649    214.11700      0.59533
   253    164.31950      1.51650    206.20970      0.56131
   273    207.10430      1.59638    206.09800      0.52365
   293    262.91210      1.65659    208.06080      0.47513
   313    306.52480      1.66566    210.47450      0.46379
   335    326.05170      1.66613    211.29320      0.44902
   355    355.84570      1.64572    211.31270      0.45697
   375    384.69740      1.63126    209.07760      0.47675
   395    413.82710      1.57804    206.12600      0.48698
   415    405.45930      1.61206    204.89450      0.48920
   434    397.15190      1.64572    201.82610      0.50699
   457    401.61450      1.64523    202.10820      0.52042
   477    400.93000      1.65091    199.71770      0.52246
   497    388.06390      1.68538    195.26720      0.52218
   518    381.13260      1.69533    193.40230      0.52450
   538    357.00960      1.72989    195.75670      0.54340
   558    320.20160      1.75267    203.42790      0.54736
   578    245.41650      1.72383    210.44680      0.59266
   598    176.00110      1.61594    219.67910      0.62729
   618    108.58390      1.42321    227.05350      0.66379
   638    104.75340      1.40875    234.02040      0.64009
   658     98.42586      1.39525    238.56280      0.64418
   678     96.75957      1.38695    239.57540      0.62669
   698    104.48030      1.41849    235.18870      0.62155
   718    122.19530      1.48858    225.72730      0.61398
   738    119.25370      1.46371    223.27870      0.61759
   757    116.08020      1.46748    225.39310      0.62731
   777    100.51250      1.43396    230.05040      0.64145
   799     91.39165      1.38792    233.85660      0.65845
   819     91.51646      1.37494    236.84930      0.66304
   839     99.20498      1.43919    237.89810      0.61864
   859    114.96960      1.48769    237.02960      0.58700
   879    132.09530      1.54678    235.55180      0.55945
   900    121.54430      1.51516    237.01770      0.55531
   920    115.51090      1.49721    235.38660      0.57197
   940    107.16440      1.48601    230.09170      0.64566
   960    107.18760      1.47568    226.60120      0.64743
   980    108.93410      1.49118    227.28280      0.65302
  1000    100.13120      1.46196    228.68860      0.64515
  1020     92.90334      1.43158    234.25420      0.62867
  1040     86.19807      1.40790    240.51770      0.59158
  1060     83.31460      1.38418    240.79920      0.61192
  1080     82.20829      1.38085    241.25240      0.60693
  1100     85.40889      1.39806    240.80300      0.61528
  1120     84.05534      1.40542    239.91890      0.60606
  1140     82.43674      1.38144    242.85350      0.59279
  1160     80.77367      1.37765    245.03530      0.55253
  1179     90.50331      1.48152    245.40640      0.55359
  1200    122.01280      1.56401    246.83250      0.54681
  1220    119.39490      1.57773    248.23250      0.52854
  1240    112.38430      1.54850    249.37430      0.55485
  1260    158.58960      1.70354    251.61700      0.45837
  1280    100.52020      1.48253    247.14200      0.55295
  1300     85.19399      1.42623    245.92860      0.61828
  1320     84.41251      1.40693    245.74270      0.60569
  1340     85.82846      1.43764    246.94700      0.59227
  1360     84.76299      1.43708    245.98800      0.61427
  1380     83.95331      1.42663    245.61430      0.62014
  1399     85.80297      1.43937    246.19410      0.62494
  1419     86.60918      1.46502    246.57240      0.58773
  1439     86.45570      1.46367    246.84320      0.62228
  1459     90.36887      1.48827    245.59710      0.63502
  1479     88.45174      1.49767    246.75720      0.61571
  1499     84.21413      1.42501    246.35360      0.63321
  1519     86.04291      1.44275    246.21270      0.63057
  1540     86.74711      1.46989    246.54930      0.63794
  1560     89.03622      1.49833    248.63330      0.63651
  1580     83.01915      1.43631    250.13550      0.63488
  1600     86.02341      1.46883    249.05490      0.67706
  1620     87.71488      1.47440    250.71000      0.66861
  1640     89.93565      1.50927    251.46540      0.67124
  1660     86.98233      1.49698    253.33090      0.67562
  1680     89.81110      1.50040    254.17050      0.66955
  1700     88.97313      1.49416    254.07700      0.67000
  1720     93.63419      1.52844    261.29740      0.60128
  1740    139.16650      1.61781    267.33780      0.42098
  1760    182.30290      1.66066    268.52820      0.37242
  1780    182.47980      1.65005    269.26510      0.34244
  1800    186.39500      1.67768    269.38740      0.34224
  1820    181.61080      1.62713    269.18640      0.34811
  1840    180.14810      1.60892    270.07320      0.32864
  1860    172.39940      1.63891    268.20280      0.37319
  1880    160.53850      1.64970    269.64290      0.36848
  1900    174.66300      1.71389    267.45100      0.37020
  1920    181.83600      1.67627    267.26150      0.33991
  1940    184.57320      1.72483    267.39550      0.37226
  1960    141.53270      1.64598    263.89090      0.50000
  1980     89.67463      1.51528    257.05500      0.66319
  2000     93.59244      1.57724    255.00430      0.66734
  2020     91.30751      1.54751    253.88140      0.69546
  2040     85.47100      1.49870    255.53470      0.63734
  2059     88.97020      1.54050    254.05310      0.66875
  2079     93.11735      1.55132    256.58440      0.64823
  2099    121.12980      1.67519    257.26570      0.61201
  2119    154.61900      1.72068    257.46310      0.52658
  2139    200.86320      1.76552    253.05670      0.52265
  2159    234.37490      1.87629    248.58960      0.53458
  2179    320.92440      2.10042    237.53680      0.50182
  2199    401.65410      2.18637    228.05570      0.42090
  2219    459.36720      2.19363    220.07120      0.33724
  2239    482.22050      2.18677    219.89970      0.34040
  2259    485.53820      2.19080    220.47340      0.33217
  2279    425.27350      2.21791    226.34660      0.38590
  2299    417.24560      2.21886    226.67070      0.39109
  2318    368.09610      2.20330    230.56210      0.45040
  2338    358.29850      2.20538    230.51310      0.50417
  2358    342.23220      2.18213    234.71030      0.48165
  2378    351.70520      2.19435    235.28180      0.47329
  2398    312.51500      2.14238    239.87870      0.46736
  2418    222.40080      1.97525    241.36510      0.59152
  2438    170.31930      1.87570    224.66670      0.73466
  2458    162.81980      1.88373    209.24590      0.75516
  2478    265.30440      2.15186    191.12910      0.64706
  2498    435.96470      2.28727    169.09330      0.42243
  2518    545.51390      2.18975    159.47790      0.19935
  2538    558.73020      2.15648    157.84940      0.18275
  2558    587.71550      2.07320    161.02370      0.20281
  2578    606.35470      2.00661    169.37660      0.21711
  2598    590.60880      2.06313    188.48650      0.27867
  2618    536.82900      2.21966    208.90130      0.25778
  2638    472.03650      2.29220    219.53040      0.27536
  2658    469.85320      2.28365    223.89200      0.26802
  2678    548.98420      2.18100    225.31140      0.25115
  2698    505.23720      2.25121    232.18450      0.30327
  2718    382.00550      2.30034    239.09390      0.33570
  2737    324.41160      2.27217    240.77850      0.34291
  2757    406.95130      2.31365    234.59140      0.33722
  2777    488.39340      2.29569    212.99560      0.43489
  2797    563.34110      2.22923    190.71810      0.35132
  2817    557.18540      2.24148    189.17720      0.36534
  2837    562.38020      2.22911    192.27730      0.34268
  2857    563.73530      2.24031    175.86420      0.29383
  2877    584.88750      2.21603    170.31760      0.25718
  2897    598.24440      2.18351    158.63800      0.21866
  2916    508.75160      2.34020    183.88820      0.40629
  2936    514.70950      2.31714    210.17660      0.40849
  2955    555.00090      2.25009    223.77060      0.28811
  2975    462.41180      2.35822    231.31020      0.33293
  2996    311.92190      2.22852    248.24370      0.36145
  3015    272.50170      2.15477    243.57210      0.34802
  3035    360.13350      2.33945    244.69250      0.33438
  3055    279.69390      2.19309    253.82300      0.35911
  3075    297.80210      2.24821    255.29060      0.35166
  3095    389.61170      2.36478    247.87500      0.33103
  3115    473.64160      2.37072    244.43820      0.30600
  3135    362.19290      2.32922    255.71620      0.36525
  3158    319.68720      2.28010    259.05040      0.36870
  3177    314.57930      2.28734    254.29510      0.35386
  3197    369.12240      2.36428    247.81380      0.34968
  3217    393.69930      2.38804    244.42320      0.34357
  3237    392.13610      2.39280    243.00830      0.34565
  3256    381.73240      2.35109    244.40840      0.37360
  3271    350.88990      2.34831    242.88390      0.41273
  3291    356.92870      2.35820    233.58190      0.48753
  3311    323.32750      2.32675    230.70880      0.55658
  3331    301.14510      2.29689    217.73160      0.62095
  3351    269.62350      2.22693    229.71510      0.66380
  3371    247.81010      2.16629    248.94870      0.63269
  3391    253.97670      2.15527    254.14960      0.60093
  3411    271.67690      2.20795    246.34430      0.58734
  3431    280.71840      2.22479    244.44830      0.62806
  3451    263.86400      2.17507    253.62460      0.57233
  3471    282.77880      2.24591    261.04380      0.43234
  3491    282.80900      2.26035    268.26490      0.42988
  3511    217.48870      2.08956    273.32130      0.41744
  3531    112.12240      1.73488    274.22910      0.55792
  3551     95.65491      1.67847    273.71930      0.62920
  3571    100.89250      1.74614    274.36060      0.62176
  3591     97.98263      1.70550    273.58220      0.66066
  3611    102.79360      1.73758    273.08620      0.62669
  3631    132.07480      1.86599    273.84440      0.54036
  3651    240.89350      2.18882    270.49000      0.37288
  3671    290.55900      2.29551    264.62590      0.34350
  3691    236.05420      2.12634    270.86640      0.36475
  3709    209.90930      2.02606    282.06770      0.37523
  3729    215.12360      2.04270    284.08200      0.38908
  3749    217.46640      2.02835    285.41860      0.44668
  3768    236.02150      2.11886    278.57210      0.60160
  3788    275.32300      2.23372    257.05500      0.70163
  3808    292.51070      2.29678    237.44830      0.72868
  3828    293.98500      2.33365    220.40080      0.72744
  3848    321.22520      2.38861    204.06750      0.69142
  3868    320.18400      2.39232    204.86930      0.72724
  3888    329.12610      2.41539    198.60910      0.71401
  3908    315.70360      2.36324    203.99520      0.75782
  3928    312.81070      2.38486    197.45200      0.71644
  3948    313.07400      2.37156    174.56080      0.63856
  3968    314.24880      2.38296    177.35340      0.58778
  3987    350.96940      2.47015    172.75990      0.53216
  4007    393.29990      2.52581    169.30800      0.48455
  4027    387.99070      2.50117    172.42530      0.49391
  4047    396.94480      2.52976    167.10910      0.51730
  4067    451.86930      2.55885    169.34840      0.50254
  4087    496.87090      2.56290    164.41160      0.39430
  4107    481.28580      2.56295    168.08520      0.37955
  4126    430.20770      2.56380    166.02310      0.40656
  4146    408.25030      2.55241    186.21950      0.45115
  4167    397.74450      2.53660    188.82530      0.47102
  4186    351.83350      2.49015    196.05330      0.61289
  4206    330.03750      2.46379    192.32650      0.65700
  4226    342.09560      2.48138    189.26720      0.71204
  4246    375.01040      2.51341    190.69310      0.65679
  4265    363.85320      2.50462    197.11770      0.72207
  4284    369.80410      2.52053    190.05210      0.68551
  4305    386.66750      2.53583    181.97400      0.67760
  4324    430.73490      2.57341    169.46810      0.54501
  4344    468.99600      2.59415    160.73540      0.48255
  4364    534.56480      2.58703    152.36280      0.37992
  4384    632.00290      2.47262    141.65110      0.23002
  4405    676.87820      2.36519    138.87820      0.20298
  4425    688.36330      2.33988    137.57430      0.19277
  4445    706.71810      2.27882    142.80640      0.18771
  4465    747.27620      2.14185    147.16190      0.19704
  4486    778.23570      1.93512    152.01720      0.19513
  4505    795.56630      1.88654    156.60700      0.19782
  4525    781.98360      2.01573    155.94940      0.19064
  4544    710.77050      2.29886    158.75920      0.24388
  4564    676.04760      2.37935    151.70770      0.22886
  4584    687.35030      2.30391    147.07820      0.22083
  4605    736.90320      2.14848    146.46870      0.17222
  4625    731.17590      2.17015    148.67700      0.16990
  4645    776.65390      2.00767    156.54290      0.19132
  4665    829.52920      1.68077    165.31680      0.18460
  4686    851.78030      1.47067    164.30700      0.18470
  4706    844.82720      1.43250    167.51130      0.18774
  4726    825.74410      1.65517    177.40120      0.23896
  4746    795.22130      1.94890    194.53660      0.27622
  4766    728.58160      2.15468    212.83530      0.29755
  4786    622.41560      2.47054    230.05290      0.46185
  4806    481.02840      2.59424    249.09840      0.61938
  4825    439.46220      2.56102    249.10550      0.67698
  4845    424.84090      2.58511    247.78040      0.68380
  4865    418.27670      2.57590    254.20310      0.71637
  4883    358.03580      2.44492    279.22150      0.75344
  4904    334.61780      2.42282    287.94040      0.71692
  4924    300.70910      2.38308    295.13230      0.69518
  4944    249.13900      2.24510    303.25700      0.65570
  4964    253.86320      2.24266    304.63240      0.69233
  4984    266.71760      2.23068    305.53330      0.71607
