   166      0.00000      0.00000    235.41000      0.35023
   199      0.00000      0.00000    219.95670      0.28496
   240      0.00000      0.00000    214.10450      0.20994
   279      0.00000      0.00000    210.37500      0.19112
   318      0.00000      0.00000    211.63430      0.19639
   356      0.00000      0.00000    210.03960      0.22068
   394      0.00000      0.00000    210.52680      0.22488
   433      0.00000      0.00000    208.09830      0.21929
   472      0.00000      0.00000    208.22080      0.20792
   512      0.00000      0.00000    213.71270      0.23414
   549      0.00000      0.00000    213.60480      0.23532
   587      0.22750      0.00047    210.14930      0.21348
   637      5.79221      0.01096    208.43410      0.20541
   676     10.55136      0.01794    208.38310      0.20489
   714     15.85618      0.02524    204.18150      0.24215
   754     20.70870      0.03311    205.61070      0.21363
   792     25.37100      0.03903    206.93740      0.20124
   831     30.30177      0.04688    205.83510      0.21375
   870     35.86743      0.05556    203.02360      0.23432
   908     42.43224      0.06285    200.18740      0.25555
   947     46.60451      0.07206    203.07220      0.22710
   986     51.84538      0.08010    206.74170      0.22885
  1025     57.26657      0.08937    206.00060      0.23455
  1063     63.07132      0.09880    201.62570      0.26092
  1102     65.54252      0.10732    207.74510      0.19517
  1142     76.47925      0.11386    189.00590      0.20574
  1180     74.68327      0.13950    214.38210      0.24684
  1219     87.51128      0.13649    180.19550      0.19596
  1257     92.18212      0.13340    186.52290      0.21106
  1296     95.03220      0.13812    190.10750      0.17491
  1335    105.48370      0.14680    181.11190      0.18096
  1375    105.59730      0.16064    205.24580      0.19117
  1414    111.42930      0.17457    211.34330      0.20047
  1452    115.09470      0.18267    217.02660      0.19883
  1492    119.61910      0.18826    222.70750      0.21988
  1531    111.77810      0.24786    222.49880      0.29994
  1570    110.54900      0.25651    233.96650      0.20378
  1608    113.76030      0.27090    234.81020      0.21258
  1648    132.97400      0.23654    215.73380      0.28721
  1687    155.48580      0.24561    197.32320      0.26347
  1725    158.38820      0.26841    190.52980      0.29957
  1765    140.66110      0.38658    214.96920      0.39808
  1803    128.22310      0.42519    233.41730      0.39527
