   162      0.00000      0.00000    233.39980      0.36676
   198      0.00000      0.00000    219.91000      0.28073
   237      0.00000      0.00000    214.61070      0.23468
   276      0.00000      0.00000    212.93440      0.22004
   315      0.00000      0.00000    210.80140      0.19209
   352      0.00000      0.00000    208.88480      0.22273
   391      0.00000      0.00000    210.64150      0.21998
   429      0.00000      0.00000    208.25470      0.21927
   468      0.00000      0.00000    207.92090      0.21582
   506      0.00000      0.00000    210.81580      0.24268
   545      0.00000      0.00000    214.55010      0.21115
   584      0.00000      0.00000    211.16420      0.21209
   623      4.10781      0.00843    208.99230      0.19857
   663      8.97645      0.01567    207.85480      0.23180
   702     14.25183      0.02223    206.56990      0.22524
   738     18.65399      0.02984    204.37140      0.24227
   777     23.61913      0.03809    206.25020      0.21931
   815     28.03041      0.04236    207.31810      0.19863
   854     33.32904      0.05125    203.29670      0.22126
   893     39.88741      0.06133    197.97420      0.24966
   930     44.72394      0.06864    201.94740      0.23060
   968     49.71786      0.07446    201.60030      0.24210
  1005     54.27641      0.08215    207.40260      0.21525
  1045     59.18674      0.08951    206.49940      0.22704
  1083     64.31318      0.09754    206.15320      0.23085
  1122     72.41048      0.11122    192.63490      0.19274
  1161     74.32064      0.12901    209.70700      0.23319
  1200     85.40094      0.13346    185.58240      0.18784
  1239     88.30424      0.13903    190.22010      0.18930
  1277     93.84164      0.13834    189.62970      0.19728
  1316    102.76630      0.14523    182.88040      0.15613
  1354    107.08080      0.16129    194.37560      0.19445
  1393    109.47560      0.16486    206.69290      0.20202
  1430    114.74720      0.16983    212.47460      0.20288
  1469    117.05290      0.18265    219.83990      0.21041
  1507    118.91040      0.21371    221.25790      0.28406
  1545    107.91800      0.25900    232.94810      0.21434
  1584    116.87490      0.23961    231.78060      0.22795
  1623    118.44550      0.24963    232.54650      0.24634
  1662    136.48440      0.25166    231.34020      0.28405
  1700    151.59250      0.24983    210.46720      0.25333
  1739    163.27740      0.27506    180.72590      0.22668
  1778    138.54960      0.30529    237.70870      0.32220
  1815    134.88350      0.43266    227.53800      0.45096
