   188      0.00000      0.00000    225.19820      0.26796
   202      0.00000      0.00000    220.01390      0.30651
   250      0.00000      0.00000    187.73390      0.26710
   293      0.00000      0.00000    184.01700      0.26996
   336      0.00000      0.00000    184.45800      0.23874
   377      0.00000      0.00000    191.22830      0.27141
   421      0.00000      0.00000    190.37590      0.26337
   460      0.00000      0.00000    205.62670      0.26698
   499      3.33999      0.00695    208.62190      0.20099
   539      7.82889      0.01433    200.43480      0.19378
   578     12.34281      0.02070    202.80330      0.19462
   619     18.57068      0.02813    200.09630      0.19625
   658     23.48537      0.03834    202.05550      0.24099
   697     28.18532      0.04310    202.64570      0.26022
   736     33.54765      0.05079    207.72740      0.21884
   775     38.70757      0.05618    206.66890      0.22981
   814     43.86638      0.07115    206.66390      0.27553
   852     48.93478      0.07198    212.98280      0.20245
   891     53.64903      0.07731    212.91850      0.25894
   930     59.31817      0.09231    217.47900      0.26710
   968     64.28236      0.09974    216.34440      0.26344
  1007     71.04456      0.10973    206.62990      0.24785
  1045     76.99100      0.11341    206.85890      0.22895
  1084     82.47337      0.12535    203.89730      0.23526
  1123     88.29134      0.12554    203.92970      0.22682
  1162     94.18115      0.13917    206.27210      0.22800
  1201     99.33459      0.14229    206.04050      0.23053
  1240    105.27460      0.15285    208.66290      0.22654
  1279    109.11800      0.15617    206.94050      0.27336
  1318    114.71390      0.17197    208.07770      0.27750
  1357    114.26750      0.20014    218.90310      0.27829
  1396    106.14360      0.22939    219.40780      0.31182
  1436    127.09910      0.20535    216.57510      0.28409
  1476    116.34800      0.25207    217.34720      0.32370
  1516    120.78280      0.26841    226.67020      0.25301
  1555    133.81830      0.24265    227.51430      0.35995
  1594    147.72900      0.23383    225.12540      0.35566
  1635    130.20360      0.35652    227.72740      0.35166
  1676    120.27640      0.43450    229.59090      0.36985
  1714    129.55920      0.46035    228.40170      0.32596
  1753    108.07540      0.51383    228.73420      0.39669
  1792    124.20280      0.51596    231.37510      0.32950
  1834    145.83990      0.50533    225.45010      0.35981
