  2517    291.69460      2.21760    281.49540      0.44394
  2570    244.18530      2.11898    293.71250      0.38349
  2611    185.81160      1.85884    299.91810      0.43574
  2648    246.27610      2.09572    293.53270      0.47785
  2689    189.21530      1.86519    300.51680      0.50103
  2728    234.66410      2.07820    299.48000      0.50135
  2767    315.01210      2.27820    301.23480      0.42810
  2805    294.65730      2.22321    298.24310      0.50114
  2843    306.16450      2.28767    299.90950      0.46275
  2884    241.33800      2.08351    296.86680      0.54908
  2924    194.94390      1.91167    296.02790      0.63622
  2963    306.43150      2.29325    258.03850      0.66438
  3003    452.65040      2.51642    133.33150      0.57161
  3042    805.08370      1.70869    102.54830      0.12176
  3081    859.19820      1.24738     99.31440      0.11881
  3120    813.19230      1.75002     98.75657      0.11799
  3160    222.47310      2.10093    240.47210      0.98038
  3199    863.66780      0.89661    101.80540      0.09184
  3238    859.57690      1.04437     99.86417      0.10071
  3298    189.39130      1.92918    314.30990      0.48123
