  2514    155.51420      1.67024    275.06350      0.51784
  2570    269.46700      2.07717    235.39440      0.78672
  2608    391.84590      2.11092    268.15440      0.49322
  2647    250.03550      1.99887    273.70750      0.52698
  2685    230.79730      1.94674    270.43780      0.61408
  2727    212.28680      1.89805    275.47370      0.66225
  2765    197.89970      1.83573    277.35010      0.67757
  2804    335.62300      2.18809    233.31580      0.66071
  2843    343.48180      2.25781    214.40880      0.76826
  2882    548.88340      2.19437    176.87380      0.28897
  2920    437.13170      2.31334    209.52810      0.42404
  2942    422.46250      2.34248    183.77820      0.43865
  2981    459.56350      2.32515    211.72760      0.40318
  3020    462.26820      2.34496    216.10200      0.48082
  3057    188.68870      1.77269    291.13550      0.63509
  3096    189.08570      1.76509    296.44910      0.64506
