  2504    165.19990      1.69548    278.65740      0.46837
  2559    218.79970      1.93857    239.33900      0.79540
  2598    405.08550      2.12374    270.73440      0.50486
  2634    262.10840      2.03529    267.35670      0.60057
  2672    199.95830      1.82746    269.23800      0.62443
  2711    209.02320      1.84475    273.80350      0.65120
  2750    213.04520      1.89729    277.10210      0.69158
  2789    264.30990      2.06271    232.13390      0.77736
  2828    439.22780      2.29254    212.23990      0.40476
  2867    512.47270      2.26232    177.36460      0.38026
  2906    722.96590      1.38613    187.71270      0.21221
  2964    416.09590      2.32990    213.01120      0.49331
  3003    488.78920      2.33694    210.19260      0.28275
  3042    193.27600      1.81108    286.05120      0.68532
  3081    198.29470      1.84444    283.03860      0.71717
  3118    189.71820      1.81980    289.59890      0.71589
