   153    151.25760      1.46299    222.25260      0.61408
   180    161.92370      1.48534    225.42640      0.59292
   200    149.42970      1.46789    224.16210      0.60204
   220    113.86040      1.37168    220.61960      0.59761
   240    142.36820      1.47439    210.11010      0.58130
   259    178.03070      1.56250    207.52980      0.54122
   279    232.52600      1.63519    204.39860      0.50620
   299    278.77880      1.65949    209.46800      0.47548
   319    318.28610      1.66196    211.29950      0.44681
   341    330.44270      1.66216    211.57410      0.46085
   361    362.35920      1.64775    209.99350      0.46885
   381    396.70280      1.60846    208.46510      0.47301
   401    413.57150      1.58374    204.81880      0.49755
   421    402.85560      1.62067    203.06320      0.51574
   441    398.52010      1.63993    202.86940      0.51932
   461    404.60120      1.63036    201.65960      0.51902
   481    398.62090      1.66299    199.27770      0.52703
   501    387.19420      1.68217    194.59520      0.52648
   521    371.97070      1.71490    191.58460      0.52337
   541    350.31140      1.73418    197.04300      0.54431
   561    308.71110      1.75418    204.02240      0.55182
   581    232.21890      1.70934    212.32100      0.59916
   601    163.34590      1.58673    221.26750      0.63194
   621    106.31240      1.40627    228.47740      0.66093
   641    100.98570      1.40035    235.22980      0.65292
   661     98.69429      1.40031    238.57350      0.65207
   681     96.70871      1.37031    238.60460      0.63975
   701    108.93080      1.44307    233.25020      0.60669
   721    121.43760      1.47593    224.12020      0.60773
   741    125.66020      1.49475    226.02240      0.60586
   761    111.84040      1.45927    224.04190      0.65463
   781     97.68766      1.41147    230.47210      0.65384
   801     92.27108      1.39190    234.20120      0.64991
   821     91.94415      1.39646    238.10620      0.63859
   841     97.28571      1.38535    237.11040      0.63518
   862    111.65070      1.47554    237.02990      0.58736
   882    133.63340      1.52463    235.41130      0.56885
   902    120.54510      1.51319    237.94890      0.52688
   921    116.77500      1.50716    235.52460      0.56147
   941    105.86020      1.48611    230.30670      0.62787
   961    108.59450      1.48555    226.11620      0.64478
   981    105.82340      1.48261    226.53930      0.66188
  1001    101.49190      1.48073    228.19540      0.67426
  1021     91.26488      1.43432    234.03040      0.63900
  1041     84.85307      1.39653    239.62140      0.62571
  1061     83.17563      1.39579    241.99230      0.60336
  1081     88.98804      1.42177    240.98760      0.60202
  1101     85.15456      1.40930    240.16960      0.59621
  1121     84.30090      1.40711    241.85620      0.57361
  1141     83.71339      1.39992    241.76420      0.59238
  1162     84.67591      1.43341    245.93240      0.57342
  1182     88.85039      1.44620    245.38010      0.57918
  1201    118.58930      1.53495    248.34000      0.50240
  1221    118.49870      1.57306    248.57600      0.50819
  1241    112.00120      1.52791    248.01780      0.53559
  1261    156.29570      1.67587    250.64750      0.47455
  1281     95.14702      1.45127    246.50040      0.57620
  1301     86.93741      1.43423    245.63860      0.60652
  1321     84.18232      1.42867    245.83200      0.60653
  1341     84.86198      1.42642    246.01880      0.60163
  1361     82.08003      1.40674    245.70010      0.61482
  1381     81.89771      1.40038    245.61040      0.62709
  1401     91.01817      1.48601    246.56490      0.60353
  1421     85.19112      1.43662    245.82380      0.63453
  1440     85.70525      1.45845    247.16880      0.60339
  1460     90.64994      1.49914    246.42890      0.61269
  1480     86.19360      1.45782    246.45280      0.62585
  1500     84.97858      1.44551    245.61230      0.63899
  1520     85.50275      1.45907    246.87410      0.62413
  1539     86.08141      1.46284    247.40330      0.62551
  1559     89.27735      1.49057    247.44540      0.67015
  1579     85.35129      1.46336    248.82330      0.65638
  1599     90.05466      1.51446    248.78650      0.68177
  1619     91.58858      1.53394    250.76940      0.67971
  1639     91.75192      1.52015    251.59580      0.69098
  1659     89.82104      1.50122    252.61090      0.68224
  1679     87.27376      1.49552    253.86310      0.68166
  1699     89.35979      1.51095    255.69200      0.62542
  1719     95.99487      1.55344    258.66040      0.65710
  1739    137.28300      1.60557    267.98020      0.40302
  1759    180.47340      1.65014    268.54350      0.34671
  1779    178.00470      1.64767    270.20000      0.34669
  1799    181.77950      1.65441    269.28460      0.36287
  1818    185.79200      1.66985    268.85500      0.38928
  1839    182.74790      1.65641    267.94800      0.34459
  1858    175.11410      1.64937    268.62360      0.34948
  1878    158.47220      1.62064    269.39040      0.36535
  1898    166.17110      1.68836    267.39890      0.35588
  1918    180.04330      1.66229    266.79080      0.38031
  1938    182.65190      1.70534    266.91870      0.38497
  1958    148.88100      1.65325    266.58730      0.46079
  1978     90.87664      1.55065    257.64220      0.64900
  1998     97.65720      1.58568    254.71940      0.68660
  2018     93.26194      1.55770    254.57460      0.64508
  2038     87.27782      1.53597    255.13140      0.63016
  2058     89.80462      1.53277    254.42880      0.65929
  2078     95.88436      1.57515    255.83850      0.64751
  2098    120.93320      1.66404    257.73580      0.60963
  2118    148.94950      1.67303    257.48850      0.52599
  2138    199.99350      1.75551    252.89920      0.53246
  2158    236.21270      1.91166    250.17180      0.52141
  2177    315.39750      2.09363    238.45020      0.50634
  2197    393.10710      2.18168    227.44550      0.44606
  2217    454.41360      2.19139    220.29250      0.34453
  2237    483.45200      2.18845    219.73690      0.31083
  2257    485.31030      2.18310    220.37660      0.34244
  2277    426.92520      2.21582    225.46050      0.36533
  2297    420.41250      2.21957    225.46290      0.39253
  2316    373.56430      2.20019    230.30200      0.46451
  2336    360.87860      2.19882    231.40420      0.49145
  2355    337.56560      2.17133    234.92330      0.50585
  2375    351.08600      2.20018    235.10880      0.45325
  2394    317.60330      2.15722    239.64000      0.48194
  2414    243.01560      2.02743    241.86590      0.56681
  2434    177.39760      1.90422    227.20940      0.73391
  2454    150.61440      1.86252    211.94610      0.76177
  2474    246.82050      2.13212    194.34110      0.68573
  2494    397.39950      2.28729    174.32670      0.49294
  2514    533.42980      2.20381    160.07100      0.20109
  2534    556.13090      2.16543    157.37430      0.18585
  2553    584.55770      2.07696    160.21020      0.18795
  2573    603.88670      2.01332    166.31920      0.21449
  2593    596.72390      2.02872    182.79470      0.27256
  2611    560.32840      2.16861    201.95590      0.27240
  2631    490.45680      2.27213    216.95930      0.25661
  2651    451.24060      2.29836    222.81020      0.28626
  2669    512.64470      2.23254    223.85000      0.25225
  2689    545.72050      2.18217    228.34980      0.27564
  2709    431.10410      2.29657    236.94390      0.32297
  2729    330.25220      2.26242    240.29470      0.33579
  2749    361.33660      2.29127    238.41020      0.33689
  2769    462.21120      2.31247    222.86160      0.39543
  2789    538.63820      2.25395    199.42390      0.39760
  2809    561.47020      2.22216    186.01640      0.35297
  2829    572.23860      2.22379    179.65050      0.32819
  2849    547.66200      2.27150    185.90320      0.32547
  2870    582.11960      2.21141    172.38660      0.26889
  2890    601.56390      2.20147    158.90910      0.21259
  2911    535.18130      2.30422    177.38730      0.35978
  2931    503.91790      2.33562    205.98020      0.43318
  2951    550.34270      2.25487    222.42090      0.32066
  2971    497.83020      2.33005    227.60270      0.34128
  2991    331.57440      2.27747    247.05060      0.37401
  3011    245.32470      2.07757    249.53170      0.33523
  3031    352.40630      2.32094    244.15900      0.32681
  3051    286.52870      2.20122    251.41260      0.36456
  3071    266.41010      2.16655    258.47920      0.34659
  3091    373.07780      2.34958    249.51480      0.35654
  3111    486.24690      2.35941    243.13080      0.30252
  3131    373.10130      2.34254    254.23040      0.37698
  3148    299.80930      2.25553    262.16930      0.37616
  3168    314.80730      2.27442    256.60060      0.38449
  3188    345.08460      2.33079    249.06200      0.35925
  3208    386.65400      2.38298    240.84750      0.34038
  3228    394.62920      2.39492    241.66380      0.33596
  3248    392.72960      2.36435    242.73490      0.37884
  3272    354.87000      2.34436    242.36130      0.40469
  3292    361.15390      2.36784    234.28680      0.49144
  3312    313.96640      2.29403    225.21550      0.54460
  3332    293.95260      2.26734    218.01720      0.62158
  3352    267.24470      2.21049    230.21950      0.66525
  3372    246.31270      2.14108    249.74650      0.64449
  3392    255.85020      2.16506    253.04510      0.58555
  3412    269.92960      2.18507    244.37430      0.60815
  3432    280.63040      2.23163    245.12770      0.62854
  3452    260.22210      2.17992    253.06920      0.56969
  3472    278.30190      2.22200    260.22950      0.42538
  3492    284.12920      2.24888    269.31710      0.40151
  3512    208.54140      2.05009    273.39290      0.39171
  3532    110.07450      1.69156    274.41740      0.58316
  3552     95.06145      1.68590    274.14850      0.63465
  3572     97.35503      1.68405    273.36840      0.61284
  3592     98.32675      1.71057    275.10150      0.62263
  3612    104.86080      1.75994    273.69770      0.62178
  3632    134.29160      1.84934    274.95390      0.50088
  3652    246.09300      2.19362    268.36350      0.38460
  3672    292.17790      2.27271    262.38760      0.32187
  3692    236.44440      2.14462    266.00510      0.34388
  3706    212.34460      2.05096    283.21770      0.37693
  3726    210.01020      2.03082    282.38900      0.37053
  3746    212.47400      2.01619    286.68080      0.42952
  3766    234.48590      2.10113    278.63380      0.57871
  3787    267.96260      2.23002    258.88260      0.69399
  3806    286.03770      2.28984    240.39670      0.72610
  3827    294.03710      2.31441    223.38340      0.72209
  3847    312.42450      2.35992    204.65490      0.69991
  3867    315.79340      2.38603    205.45630      0.72720
  3886    328.59340      2.40808    201.14650      0.71181
  3906    317.81730      2.39045    206.45130      0.76829
  3926    308.73590      2.36070    199.65490      0.72153
  3946    314.77850      2.38900    178.07790      0.64610
  3966    321.10130      2.43081    177.21710      0.58879
  3985    351.30260      2.46394    173.48060      0.53160
  4005    386.82500      2.51759    164.85220      0.48126
  4025    389.56480      2.51457    176.97250      0.49807
  4045    390.33370      2.51059    171.22180      0.52765
  4065    454.61000      2.56413    161.70200      0.48328
  4085    495.08940      2.56120    165.74650      0.41812
  4105    493.44160      2.56314    165.54480      0.38052
  4125    424.29640      2.55976    165.10870      0.38712
  4145    405.85200      2.54378    183.95520      0.44589
  4165    402.42640      2.54607    186.25930      0.46642
  4185    357.66930      2.49527    195.06060      0.59430
  4205    335.29940      2.45391    192.67130      0.65670
  4225    338.13130      2.46864    190.11810      0.71674
  4245    381.09270      2.53076    193.21020      0.69448
  4264    366.70620      2.49440    195.86020      0.70731
  4285    364.05000      2.51036    191.46020      0.70986
  4306    384.98620      2.52720    178.81020      0.65136
  4325    429.02720      2.57129    169.44470      0.52121
  4345    476.98650      2.59428    159.23510      0.45960
  4366    545.26470      2.58159    151.85900      0.37612
  4386    636.00200      2.45819    140.68590      0.25081
  4406    678.60720      2.36711    139.09680      0.20330
  4426    686.71350      2.35541    137.36920      0.19087
  4446    710.32900      2.26077    142.77700      0.19025
  4466    744.05900      2.13663    147.70320      0.20241
  4485    781.55680      1.90881    151.25580      0.19635
  4506    798.49200      1.87381    154.61990      0.20208
  4526    779.29560      1.98157    156.55640      0.19490
  4545    707.94930      2.28208    157.98850      0.22875
  4565    677.76560      2.37003    151.74270      0.22627
  4585    687.07480      2.33381    146.03150      0.20347
  4604    734.18550      2.16812    146.60720      0.16925
  4624    731.97670      2.14467    148.52500      0.16324
  4644    769.91190      2.06855    156.22410      0.20048
  4664    825.80100      1.72031    164.20790      0.19378
  4684    850.83180      1.49310    164.04600      0.18339
  4704    845.52660      1.39793    167.48450      0.18689
  4724    834.63360      1.59497    176.17140      0.22128
  4744    793.13920      1.90663    192.69480      0.28234
  4763    729.74440      2.19541    211.26880      0.29046
  4783    640.63320      2.42689    226.66660      0.43042
  4803    494.68330      2.59146    245.98300      0.58530
  4823    441.29700      2.56689    250.41080      0.66635
  4843    428.96570      2.59125    248.66970      0.69015
  4863    423.89340      2.58112    252.43060      0.72064
  4880    359.45950      2.45713    275.49070      0.73677
  4900    339.01720      2.41610    288.91980      0.69281
  4920    306.72310      2.37447    296.15540      0.66163
  4940    255.41950      2.26783    299.79780      0.64344
  4960    255.73280      2.23304    305.20220      0.62702
  4980    261.31570      2.22395    307.09740      0.68187
