   181      0.00000      0.00000    217.92140      0.27642
   222      0.00000      0.00000    192.55210      0.30298
   260      0.00000      0.00000    186.29150      0.27900
   305      0.00000      0.00000    181.55260      0.28851
   342      0.00000      0.00000    192.52880      0.27631
   379      0.00000      0.00000    189.55850      0.26063
   416      0.00000      0.00000    188.49870      0.24125
   455      0.00000      0.00000    206.43770      0.25171
   495      2.97616      0.00593    209.33130      0.20581
   534      7.29269      0.01283    200.42060      0.19406
   573     11.83700      0.02061    203.83090      0.20531
   612     17.40231      0.02727    199.65380      0.20313
   651     22.86124      0.03488    201.24320      0.24135
   689     26.56030      0.04224    204.51950      0.21928
   727     31.99841      0.05125    206.41390      0.23625
   766     37.47116      0.05514    206.67310      0.23732
   805     42.64072      0.06658    208.76840      0.26431
   842     47.26145      0.07293    205.31430      0.25989
   880     52.20671      0.07804    212.15990      0.24133
   918     56.73449      0.09132    215.26190      0.27735
   956     61.84515      0.10226    210.83380      0.30552
   995     68.66721      0.10774    212.98800      0.24085
  1034     75.44514      0.11134    207.39650      0.22675
  1073     81.42603      0.11891    204.65530      0.22922
  1111     86.81022      0.13021    203.90730      0.23136
  1150     91.76429      0.13315    204.61350      0.23452
  1189     97.64415      0.14521    205.91630      0.23194
  1227    103.16470      0.14509    206.24020      0.23304
  1266    106.74620      0.16548    208.12630      0.26059
  1305    112.45000      0.16881    207.02740      0.27748
  1344    117.62390      0.19033    212.34940      0.27390
  1383    105.42480      0.22740    218.99440      0.31827
  1422    110.46230      0.24165    220.82340      0.28842
  1461    114.10100      0.25877    221.44870      0.31661
  1499    118.70840      0.26765    224.00750      0.26774
  1538    128.59890      0.26464    225.29460      0.32099
  1577    143.43950      0.24800    226.89640      0.32417
  1616    145.31430      0.24538    227.55530      0.32829
  1653     95.57476      0.44251    234.68610      0.34560
  1692    135.41890      0.40994    227.11390      0.33775
  1730    132.62570      0.46666    227.11510      0.34409
  1769    103.91030      0.51703    233.21550      0.41934
  1807    145.23860      0.46465    227.89830      0.36376
