   849    333.91680      2.44040    285.49480      0.83276
   876    327.13200      2.43478    281.88740      0.82312
   914    316.60600      2.40523    277.17750      0.77320
   951    304.24940      2.36955    289.06320      0.69755
   991    279.54190      2.30974    285.15970      0.65974
  1029    305.18840      2.37506    272.90010      0.62856
  1068    356.48970      2.52945    256.51260      0.55721
  1107    384.99380      2.60105    246.31300      0.48768
  1146    311.53050      2.42192    258.66310      0.65667
  1185    335.51210      2.51535    253.52460      0.53672
  1225    316.41170      2.46779    238.31080      0.67092
  1264    469.80990      2.69278    210.35090      0.40270
  1304    343.32080      2.51616    228.41520      0.55328
  1343    264.32680      2.33724    270.17790      0.49969
  1381    206.35410      2.12354    278.86800      0.44079
  1420    211.88520      2.16262    275.93210      0.44790
  1459    204.61440      2.07243    278.10970      0.47212
  1499    372.27160      2.56857    230.59190      0.53450
  1536    187.66990      2.02282    266.67700      0.66211
  1575    247.40860      2.25688    273.24360      0.44836
  1614    200.14700      2.09715    255.84400      0.62793
  1654    289.24950      2.38955    256.31620      0.52503
  1693    177.60610      1.98877    280.51610      0.43825
  1731    399.13440      2.62149    129.10350      0.73120
  1770    910.44430      1.09522    100.28600      0.10871
  1818    822.09140      1.87582    113.72990      0.14162
  1839    851.21220      1.43507    121.31470      0.14617
  1886    292.24890      2.39806    188.33310      0.80131
  1926    231.49400      2.19134    275.59780      0.48374
  1964    194.79260      2.04289    271.74380      0.46805
  2002    475.60170      2.65543    118.56770      0.50035
  2043    297.19140      2.40111    167.37170      0.89514
  2083    240.26770      2.20959    210.49700      0.90486
  2122    226.09050      2.20151    212.52750      0.95664
