   826    326.06480      2.44137    289.95730      0.75678
   880    323.27110      2.42449    282.33000      0.83608
   918    318.63710      2.39704    286.29850      0.74386
   955    314.44230      2.39323    287.39500      0.66942
   993    280.71510      2.32296    282.30400      0.64381
  1032    301.55980      2.38190    276.65760      0.59338
  1071    359.23890      2.53688    253.08040      0.52644
  1109    381.31190      2.58162    245.01860      0.46329
  1148    324.16930      2.47431    253.67000      0.67762
  1186    329.36170      2.49323    242.90210      0.64843
  1224    308.90110      2.43711    240.27940      0.66976
  1263    465.78590      2.69099    211.06680      0.40207
  1302    360.63310      2.55178    224.86840      0.50322
  1341    258.87630      2.30590    271.22860      0.48695
  1380    204.01300      2.14044    277.50760      0.45821
  1419    207.66500      2.11916    276.00240      0.46414
  1458    208.88130      2.13928    278.63960      0.46209
  1496    378.67680      2.59270    239.89560      0.45929
  1535    190.33460      2.04802    278.25820      0.45677
  1574    245.79550      2.26531    273.23190      0.44172
  1612    221.22430      2.18923    248.57690      0.69228
  1641    284.44220      2.35346    245.24060      0.61903
  1680    218.36980      2.15585    270.15540      0.58050
  1719    182.25360      1.98378    265.55310      0.73367
  1758    784.44520      2.10915    101.95020      0.16960
  1797    919.79910      0.82921    105.55460      0.12074
  1836    846.23210      1.46655    121.50630      0.14395
  1875    435.76270      2.64446    155.03310      0.54225
  1915    209.58430      2.11179    272.27800      0.50899
  1953    223.45600      2.14269    276.34000      0.45316
  1992    658.82810      2.35188    142.52470      0.55531
  2031    465.43730      2.65390    111.66030      0.38112
  2070    191.68640      2.03225    256.49390      0.76544
  2110    318.89720      2.47253    166.77920      0.80377
