   180      0.00000      0.00000    225.11990      0.46600
   500    327.94070      1.47406    219.07560      0.26332
   900     82.18983      1.11665    227.02240      0.55991
  1200     65.84290      0.21392    223.72540      0.51714
  1600    100.99280      0.39367    223.48260      0.27424
  1960    187.40880      0.29151    206.59480      0.27293
  2320    256.44320      0.42619    194.76270      0.19357
  2760    273.98010      0.65556    191.59720      0.22095
  3060    148.17000      0.31075    200.52880      0.31972
  3400    114.34800      0.20581    201.62590      0.26353
  3800     60.86591      0.09951    205.15170      0.18559
  4200     10.36433      0.01906    195.11130      0.17702
  4560      0.00000      0.00000    210.46190      0.21853
  4740    499.42810      0.93468    197.14140      0.22810
