   162    165.56370      1.49139    220.84230      0.63723
   171    166.94130      1.50878    222.00000      0.62020
   191    166.70490      1.51077    224.84120      0.58640
   211    120.07430      1.39370    222.60620      0.58361
   231    121.90160      1.40026    218.53040      0.58078
   250    159.82330      1.51946    205.55540      0.56374
   270    201.70360      1.59206    205.38670      0.53827
   290    258.91910      1.65436    206.30680      0.49355
   310    297.99830      1.66614    209.97220      0.46652
   330    329.13050      1.66213    212.73340      0.44278
   350    348.34890      1.65173    211.13900      0.45112
   370    378.40380      1.62890    209.75050      0.47322
   390    410.84080      1.58168    206.36930      0.48437
   410    407.87850      1.60570    204.46220      0.49891
   430    401.82290      1.62014    202.17190      0.51768
   449    400.52150      1.62457    202.16270      0.51802
   469    401.75050      1.64795    200.62050      0.52134
   489    398.34180      1.65382    196.25350      0.52215
   509    382.50740      1.70093    193.23860      0.53226
   529    365.34490      1.72507    192.95010      0.53725
   549    337.27450      1.74412    198.34480      0.54931
   569    279.05620      1.74569    207.96590      0.56608
   589    199.37790      1.65580    216.36250      0.60173
   609    138.49020      1.52666    224.86800      0.63229
   629    105.26160      1.40778    231.24040      0.64726
   649    100.40190      1.40005    237.19810      0.65866
   669     94.64403      1.36604    239.48530      0.64487
   689    102.46380      1.41267    237.36540      0.61201
   709    113.97050      1.45136    231.70340      0.62812
   729    121.91570      1.49031    225.68990      0.60975
   749    122.72550      1.51838    224.53980      0.61722
   769    106.30710      1.43998    225.54220      0.66620
   789     93.12257      1.37541    231.11920      0.66894
   809     92.97497      1.40662    235.07280      0.66152
   829     93.65558      1.42368    238.09900      0.63967
   849    107.00210      1.44415    236.42870      0.61655
   868    113.38380      1.47624    237.79930      0.57145
   888    136.68450      1.56372    235.40840      0.54744
   907    131.18600      1.55555    237.08980      0.56391
   927    107.21080      1.46128    233.09440      0.60264
   947    108.04800      1.47477    229.33590      0.64239
   967    109.11160      1.47312    226.29760      0.64619
   987    104.38040      1.44806    225.76890      0.65672
  1007     95.42830      1.41786    228.91940      0.67503
  1027     90.15576      1.42881    236.44410      0.63238
  1047     90.31468      1.42582    240.63250      0.61493
  1067     82.16345      1.37323    241.56930      0.59835
  1086     81.92439      1.38746    240.59740      0.60376
  1106     86.99258      1.42844    241.05540      0.60750
  1125     88.15561      1.44521    241.99500      0.56928
  1145     87.23161      1.44218    243.99640      0.56224
  1166     79.91908      1.38135    243.71860      0.58802
  1186     92.63262      1.45333    245.95500      0.55003
  1206    132.25730      1.60797    248.37290      0.52600
  1225    104.66010      1.48903    247.43390      0.54077
  1245    139.46680      1.61509    248.25270      0.52544
  1265    151.38980      1.65790    250.01090      0.49328
  1285     94.19967      1.49750    246.07460      0.59420
  1305     85.38886      1.43001    246.25230      0.59751
  1325     85.07456      1.43374    245.74930      0.60001
  1345     86.08493      1.44935    245.57610      0.60379
  1365     83.17019      1.43099    245.86010      0.60781
  1384     88.16263      1.50145    246.96570      0.59877
  1404     85.80111      1.45816    246.68620      0.61103
  1424     85.16006      1.44477    246.38200      0.60610
  1444     84.85365      1.45315    246.91390      0.61759
  1464     89.77187      1.45594    246.56540      0.62556
  1484     87.76614      1.46636    246.43290      0.63531
  1504     88.09016      1.48784    246.66590      0.61292
  1524     88.61073      1.48264    246.24850      0.62868
  1544     84.87638      1.45615    247.09960      0.64446
  1564     86.78177      1.45297    249.60780      0.63641
  1584     86.08602      1.46040    248.46770      0.63315
  1603     86.64491      1.48378    250.90550      0.65655
  1623     88.17556      1.49917    251.33700      0.66511
  1643     90.07244      1.51649    252.55860      0.68238
  1663     87.57574      1.50927    254.36090      0.64861
  1683     91.75453      1.53408    254.94710      0.63826
  1703     89.83390      1.49878    254.38140      0.65729
  1722     92.92986      1.50307    261.14060      0.61189
  1742    144.52800      1.63258    269.15330      0.37952
  1762    183.75080      1.67879    268.76970      0.36335
  1782    180.47990      1.63241    269.22550      0.32241
  1802    184.42490      1.65096    268.74750      0.35282
  1822    181.87900      1.63635    268.87680      0.38230
  1842    178.54570      1.61571    269.22090      0.35456
  1862    170.16360      1.63491    269.17350      0.33132
  1882    168.16350      1.70725    269.75060      0.34278
  1902    170.32990      1.70022    265.63850      0.35591
  1922    183.87010      1.72005    267.76920      0.33916
  1942    179.34800      1.69639    267.56710      0.36950
  1962    137.13740      1.62434    263.47770      0.49289
  1982     88.78316      1.51628    256.50140      0.67264
  2002     91.47005      1.53214    254.40720      0.68050
  2022     91.47550      1.54389    254.89140      0.64972
  2042     83.26221      1.48009    255.39250      0.64908
  2062     90.21005      1.54632    256.04310      0.66277
  2082     98.01750      1.60239    255.01630      0.69154
  2102    127.96870      1.66316    257.29330      0.62331
  2122    162.29370      1.72135    255.30000      0.53422
  2142    217.13850      1.83247    249.20200      0.52822
  2162    247.79320      1.94201    247.59130      0.54523
  2182    345.51900      2.11465    234.06800      0.48683
  2202    412.71110      2.18939    226.15450      0.42116
  2222    463.44660      2.19547    219.15040      0.34338
  2242    481.87180      2.19129    218.29150      0.32400
  2262    474.31710      2.19939    221.98130      0.33201
  2282    417.43420      2.21531    227.65780      0.39801
  2302    409.91460      2.19060    226.98990      0.42726
  2322    371.37270      2.21013    230.57630      0.46542
  2342    347.81500      2.18585    231.26020      0.50324
  2362    352.47580      2.19209    234.07370      0.47279
  2382    336.60540      2.16636    236.25500      0.47900
  2402    298.54800      2.12524    240.41020      0.49235
  2422    209.57230      1.96591    241.14320      0.61358
  2442    160.47630      1.87822    220.89440      0.74392
  2462    177.39360      1.95471    204.31850      0.74535
  2482    302.62970      2.21959    189.68610      0.63440
  2502    465.61890      2.27441    165.67210      0.33764
  2522    553.69360      2.16489    158.93950      0.19622
  2542    566.43610      2.14088    157.62770      0.19174
  2562    592.72430      2.05805    162.31010      0.20901
  2582    600.04990      2.02807    173.29700      0.24026
  2602    578.33810      2.12351    192.79980      0.27876
  2625    518.84650      2.23567    213.83770      0.23147
  2645    460.30620      2.29434    221.26820      0.28953
  2665    483.60600      2.27328    224.73160      0.26854
  2685    543.29720      2.20499    228.13620      0.26441
  2705    456.00730      2.28336    235.33390      0.30038
  2725    340.36030      2.28283    240.43680      0.34263
  2745    334.68050      2.27382    239.82120      0.35863
  2765    438.74250      2.31504    227.54610      0.38250
  2784    517.25630      2.28113    205.31310      0.41553
  2804    565.86510      2.22713    183.54160      0.34430
  2824    567.23200      2.22834    181.22770      0.33688
  2845    547.59390      2.25902    189.60900      0.33858
  2865    578.35720      2.21359    171.64120      0.25891
  2884    587.20910      2.21302    162.79850      0.23754
  2904    571.40290      2.26490    159.46590      0.26104
  2924    495.63610      2.34298    196.54800      0.43472
  2944    523.28270      2.29464    221.42910      0.35095
  2964    520.86540      2.31439    226.30790      0.31525
  2982    401.02230      2.35876    238.54010      0.34466
  3003    276.90610      2.16038    249.72160      0.35107
  3023    322.32260      2.27015    239.84890      0.32053
  3043    343.89870      2.31278    246.71340      0.35481
  3063    269.33470      2.17430    254.84180      0.36004
  3083    323.67780      2.27765    251.88570      0.36295
  3103    438.84780      2.38010    245.79890      0.32295
  3123    437.83900      2.37905    248.28820      0.33549
  3143    295.95460      2.21634    261.88140      0.39484
  3154    324.97670      2.28664    258.71390      0.37424
  3174    307.86330      2.26383    254.30320      0.36381
  3194    362.17850      2.35997    248.57970      0.36126
  3214    393.41550      2.38864    241.62210      0.33176
  3234    392.06650      2.38550    245.25560      0.35220
  3254    387.51420      2.38475    244.39770      0.35560
  3268    355.62890      2.34836    246.09330      0.39969
  3286    351.91110      2.35460    238.61680      0.45314
  3306    329.43020      2.32511    229.22510      0.52701
  3326    312.17180      2.30568    220.63350      0.61590
  3346    264.49010      2.21803    229.28630      0.65207
  3366    249.67700      2.15076    241.14220      0.68181
  3386    256.88750      2.16384    256.55970      0.56005
  3406    271.91370      2.21164    249.27600      0.59466
  3426    276.23200      2.21003    241.91620      0.62880
  3446    264.46080      2.18268    251.29380      0.59574
  3466    271.56220      2.20455    262.33710      0.48184
  3486    279.05640      2.20051    269.03410      0.43533
  3508    234.08820      2.13882    276.07070      0.40373
  3528    128.57810      1.80023    274.77630      0.53148
  3548     96.25504      1.71534    272.85070      0.66289
  3568     99.91935      1.74505    272.69290      0.65207
  3588    100.62490      1.74763    274.42580      0.61681
  3608    104.79040      1.77465    274.22300      0.60145
  3628    122.33710      1.81300    274.80110      0.53103
  3648    225.45240      2.13896    270.34750      0.40266
  3668    281.74940      2.26867    268.58800      0.38211
  3688    240.53590      2.14015    272.67600      0.37625
  3712    221.59440      2.05218    282.91070      0.40302
  3732    205.55980      1.98841    286.79910      0.43342
  3752    223.40800      2.08181    281.88060      0.46449
  3772    244.54060      2.15846    273.16020      0.61450
  3792    275.48920      2.25583    249.00950      0.68779
  3812    294.85030      2.32081    234.06610      0.73534
  3832    300.68350      2.35051    219.64220      0.71899
  3852    311.16670      2.35372    210.45010      0.73273
  3872    319.83590      2.37985    205.09400      0.72170
  3892    326.05880      2.40860    200.67420      0.72577
  3913    317.81190      2.38917    204.40640      0.75503
  3932    309.23570      2.38535    198.06730      0.70798
  3953    312.45330      2.38752    172.53870      0.61963
  3972    319.16840      2.39120    177.64860      0.56873
  3992    361.24090      2.48131    171.69780      0.52291
  4012    395.62770      2.52481    173.32050      0.50332
  4032    392.43270      2.51414    165.52410      0.48105
  4052    414.10460      2.53783    166.46160      0.50636
  4072    472.49500      2.56656    169.86270      0.47146
  4092    502.29970      2.55836    167.11310      0.40096
  4112    465.63570      2.56980    165.00420      0.40137
  4132    418.54160      2.55630    171.29850      0.40462
  4152    406.77360      2.54604    187.60100      0.46379
  4172    388.32500      2.53557    193.69520      0.52283
  4192    346.43540      2.48794    198.92650      0.64504
  4212    326.08620      2.44492    199.02560      0.72234
  4233    355.54400      2.49675    192.75150      0.70948
  4252    377.81500      2.52518    192.13270      0.68284
  4272    359.85240      2.49966    192.86810      0.70748
  4292    354.60020      2.48111    191.52560      0.72868
  4312    398.85910      2.54513    175.65600      0.61658
  4332    442.18710      2.57988    166.26720      0.51132
  4352    496.44780      2.59898    157.03190      0.42260
  4372    577.63100      2.55744    148.27860      0.35664
  4393    660.21300      2.41671    140.40900      0.21596
  4413    690.88890      2.32954    138.62170      0.19656
  4433    700.59220      2.28816    138.54150      0.18691
  4453    722.60800      2.21555    145.46710      0.19109
  4473    766.81940      2.02270    149.25620      0.20291
  4493    795.15670      1.87854    153.25900      0.18882
  4513    791.98000      1.90483    153.87140      0.19986
  4533    748.64120      2.15783    157.91490      0.20925
  4553    682.68240      2.36483    156.38280      0.23512
  4573    671.85280      2.36932    149.42760      0.23840
  4593    715.62410      2.20331    145.82410      0.18150
  4613    733.63550      2.16459    147.33890      0.16985
  4632    740.69840      2.11684    150.90510      0.18707
  4652    789.28000      1.99429    158.46710      0.19618
  4672    845.41660      1.59025    166.49730      0.18960
  4692    847.64840      1.43558    166.10910      0.18877
  4712    852.44040      1.41488    169.73560      0.18385
  4732    804.98650      1.85259    182.88560      0.24859
  4752    788.61700      1.93541    199.88170      0.26819
  4772    681.52800      2.32664    219.30890      0.37900
  4792    576.16110      2.52774    235.07260      0.49965
  4811    453.65130      2.52891    253.97710      0.65077
  4831    446.20980      2.60009    247.90390      0.67529
  4851    428.02890      2.59255    248.28670      0.70314
  4871    400.16160      2.54998    261.82700      0.73890
  4890    337.32940      2.40255    287.91740      0.71084
  4910    323.30700      2.39653    290.15280      0.67013
  4930    296.61360      2.39043    295.78630      0.66569
  4950    248.18800      2.23025    303.89980      0.65473
  4969    258.91670      2.23200    306.07350      0.67187
  4989    268.53430      2.23296    306.74430      0.67641
