  2520    276.63350      2.18905    280.92240      0.45952
  2574    244.38600      2.12814    294.69450      0.37728
  2610    184.85580      1.85049    293.23920      0.46968
  2649    250.46940      2.09722    286.14890      0.56055
  2688    188.74400      1.83753    300.94300      0.49922
  2727    226.12930      2.04327    299.36220      0.50878
  2766    319.12920      2.29457    300.41790      0.44186
  2804    291.80210      2.23134    298.08560      0.51734
  2844    308.33660      2.27739    297.19140      0.49033
  2882    245.53830      2.08827    298.00400      0.53903
  2921    196.09600      1.90673    299.98310      0.62201
  2960    305.50050      2.28102    257.90320      0.62321
  2999    395.41880      2.45726    157.92320      0.78635
  3038    781.01780      1.88634    102.72080      0.12336
  3077    855.68830      1.29034     99.53159      0.12025
  3115    837.40070      1.49402     99.11374      0.11042
  3155    251.71280      2.18212    205.53230      1.07801
  3194    759.29270      1.94954    104.78640      0.15634
  3233    868.02260      0.90073    100.77560      0.10032
  3282    196.07010      1.98987    306.08830      0.48847
  3321    197.49840      1.99110    307.45620      0.55556
