   156    389.66010      2.02461    146.38650      0.34716
   175    395.06310      2.01724    150.42510      0.35390
   196    399.74910      2.00899    151.86150      0.36558
   217    396.02770      2.00194    152.44760      0.39955
   236    417.59010      1.98261    148.21650      0.32848
   257    437.56850      1.95750    147.43800      0.27933
   277    456.77580      1.92678    130.78160      0.23355
   298    477.67720      1.86879    141.60530      0.22212
   318    492.43310      1.83842    135.18360      0.19499
   333    500.55620      1.81450    128.18680      0.19533
   353    492.79700      1.81362    134.86250      0.23133
   373    462.65910      1.87840    139.96140      0.29945
   393    447.18940      1.89481    139.32950      0.30725
   413    441.34580      1.89863    135.40600      0.32431
   434    423.81630      1.90936    152.25020      0.41098
   453    372.01220      1.93607    158.27950      0.51200
   471    309.29370      1.91017    177.40610      0.59505
   491    296.70410      1.89209    168.48490      0.56688
   511    285.22780      1.87894    175.51410      0.55870
   531    265.33040      1.85074    173.18960      0.55448
   551    230.31610      1.77360    192.47960      0.56896
   571    262.17150      1.83773    193.57340      0.52161
   591    290.13700      1.87023    176.95970      0.45915
   611    273.48140      1.84675    173.33670      0.47919
   631    248.73100      1.78524    198.78650      0.59411
   649    207.55720      1.71820    205.95310      0.61367
   669    203.73470      1.70892    201.97570      0.57712
   689    180.88010      1.63240    202.67690      0.50419
   709    152.28980      1.50387    229.79280      0.49250
   727    129.81160      1.47272    244.74070      0.50275
   749    131.37830      1.46097    243.99030      0.50447
   769    159.76520      1.54953    238.03400      0.68253
   789    205.14910      1.67527    211.24570      0.78065
   809    231.11110      1.72641    193.67760      0.77214
   828    249.72200      1.75577    176.75940      0.75180
   848    238.04150      1.74207    179.96010      0.79053
   868    230.40030      1.71814    181.21520      0.76604
   888    201.89900      1.65341    194.06250      0.77885
   907    182.30700      1.59035    201.77270      0.78614
   927    169.21930      1.56156    212.12940      0.85864
   947    165.88340      1.54943    214.91820      0.84836
   967    158.37080      1.50540    221.74790      0.83181
   987    150.34250      1.48851    233.17520      0.80175
  1007    141.17400      1.46422    250.43240      0.76706
  1027    139.38660      1.45249    255.11370      0.74173
  1047    137.22650      1.44080    261.11940      0.75820
  1067    129.04240      1.40644    263.87590      0.69536
  1087    123.79550      1.36668    272.56160      0.65547
  1107    128.35630      1.41775    274.14500      0.61982
  1127    129.42110      1.37926    263.53120      0.62587
  1147    138.26760      1.42121    248.91850      0.61100
  1166    154.79290      1.48508    232.03840      0.57940
  1186    162.41050      1.50377    227.90650      0.56655
  1206    169.48410      1.50893    229.78240      0.57918
  1226    183.45630      1.55241    228.18890      0.53273
  1246    195.54880      1.58847    216.11450      0.47310
  1266    190.87660      1.56460    222.07120      0.47766
  1286    173.22680      1.52096    234.85770      0.56173
  1306    192.32260      1.55620    205.89370      0.58806
  1326    232.01170      1.61299    213.52700      0.59806
  1347    274.09270      1.62049    241.90390      0.53105
  1367    331.93570      1.54856    240.90230      0.38918
  1391    300.74910      1.58624    263.10020      0.34680
  1409    323.06580      1.55340    249.87730      0.28597
  1429    292.05720      1.58737    255.18350      0.31819
  1449    241.82300      1.57952    257.45720      0.31796
  1470    211.17150      1.54438    258.21670      0.31764
  1489    213.99480      1.54008    261.35490      0.31029
  1509    197.79700      1.51700    269.56730      0.29150
  1529    154.35080      1.41784    271.32670      0.32534
  1549    113.09840      1.29335    277.84060      0.35291
  1569    101.94760      1.21427    276.36560      0.33407
  1589    103.08810      1.23584    277.28750      0.33822
  1609    100.11800      1.19706    274.98620      0.33264
  1629     98.53893      1.19908    280.63290      0.35765
  1648     98.57255      1.17759    276.33280      0.33869
  1668    100.00210      1.17828    277.49640      0.36235
  1688     99.74992      1.19766    264.57190      0.32694
  1708     95.47314      1.16569    265.08700      0.34217
  1727     93.51730      1.15189    263.83260      0.33779
  1747     90.12845      1.14166    261.46070      0.33453
  1767     88.30975      1.13579    257.52110      0.32807
  1787     87.68461      1.11689    263.92100      0.33977
  1807     85.77504      1.08326    257.51900      0.33328
  1827     82.76036      1.07094    268.77560      0.36513
  1846     83.62978      1.10017    254.39220      0.31065
  1865     78.42479      1.05791    265.44810      0.33493
  1885     78.93281      1.06141    259.43280      0.32095
  1906     75.98861      1.03865    264.37550      0.32354
  1925     76.91166      1.03153    259.43620      0.34257
  1945     79.55671      1.05736    259.63880      0.31556
  1965     76.82196      1.04078    252.04700      0.30766
  1985     78.14194      1.04933    253.43480      0.29317
  2005     79.30349      1.05381    254.24330      0.32150
  2025    147.09840      1.25595    242.96390      0.26740
  2045    246.74680      1.35716    245.14980      0.28273
  2064    308.77500      1.30043    241.12310      0.26081
  2084    318.40560      1.26254    241.04840      0.24201
  2104    321.38120      1.24359    240.96620      0.24030
  2123    311.86960      1.24447    242.74530      0.25324
  2143    329.36860      1.22278    238.12640      0.24526
  2163    316.79030      1.23328    238.47840      0.25753
  2183    316.41240      1.20832    242.07860      0.26541
  2215    334.58680      1.18895    231.49980      0.25421
  2237    326.28810      1.19425    234.55930      0.26588
  2257    327.71130      1.19094    231.77040      0.24525
  2283    328.01490      1.19097    230.23550      0.24480
  2320    341.96890      1.12761    226.22050      0.26708
  2340    342.10770      1.08917    228.78460      0.24963
  2360    329.76990      1.09579    231.30680      0.23434
  2364    336.60000      1.10510    225.74690      0.25409
  2382    320.74550      1.12027    228.16310      0.24888
  2401    305.23800      1.12389    233.20570      0.26717
  2421    304.80700      1.11331    231.97940      0.25817
  2441    301.30570      1.11907    227.98900      0.25351
  2461    288.74190      1.13930    228.66230      0.25400
  2477    289.02170      1.12300    229.55250      0.26253
  2511    310.05910      1.04719    224.30580      0.27272
  2529    303.08980      1.07012    221.16260      0.30377
  2549    308.03730      1.03981    216.16230      0.29589
  2569    323.74830      0.99406    209.51780      0.26896
  2591    342.39680      0.90359    204.63300      0.24978
  2610    340.96510      0.88945    198.58240      0.30577
  2630    332.59500      0.89060    193.40820      0.33259
  2647    331.31810      0.86995    184.23420      0.32852
  2668    329.95270      0.89614    167.99840      0.30099
  2688    326.06470      0.92290    169.69800      0.27810
  2707    347.12950      0.83181    155.86030      0.23802
  2726    365.71450      0.71250    160.13140      0.22559
  2746    378.60230      0.60181    157.19090      0.21070
  2766    370.02860      0.61851    164.10900      0.24787
  2787    367.98750      0.61488    147.81540      0.22014
  2807    362.21940      0.58557    154.92050      0.23126
  2827    360.21660      0.58138    146.27940      0.22314
  2846    358.61600      0.61497    134.96380      0.20068
  2866    356.74930      0.58814    143.05220      0.21253
  2886    359.73400      0.54322    134.18620      0.19228
  2905    353.83480      0.53435    146.02960      0.21602
  2925    350.07550      0.54638    149.02050      0.23775
  2945    348.86690      0.52514    149.86820      0.25028
  2965    351.27410      0.49021    150.34220      0.24515
  2985    348.66580      0.47940    148.85920      0.23084
  3005    345.40800      0.45935    150.69450      0.21675
  3025    335.12200      0.49128    162.55230      0.22091
  3045    334.41830      0.49777    152.91570      0.20537
  3065    329.96840      0.52294    150.99910      0.21298
  3085    326.76610      0.50698    152.65990      0.21429
  3104    328.60930      0.46117    148.64270      0.20699
  3125    329.12180      0.44360    143.85330      0.20236
  3145    326.58160      0.43417    143.26970      0.18935
  3165    324.58090      0.41149    141.69790      0.18179
  3185    320.81220      0.40661    139.01890      0.17813
  3204    316.53720      0.44901    138.28270      0.17330
  3225    314.41980      0.39842    144.65160      0.19267
  3245    310.50090      0.39055    152.97530      0.19297
  3265    306.32850      0.40639    157.14900      0.19484
  3285    302.89410      0.40798    158.31180      0.18415
  3302    300.35620      0.39931    159.23970      0.19885
  3322    297.72370      0.38138    165.46820      0.20492
  3342    294.70810      0.36840    171.29700      0.20880
  3362    291.50420      0.39335    167.86550      0.21172
  3382    291.10600      0.38742    161.34950      0.19945
  3402    291.02490      0.37780    154.51810      0.17789
  3421    289.84240      0.36840    153.95180      0.17301
  3441    288.73090      0.32995    154.69190      0.18085
  3461    283.75030      0.36200    156.15270      0.18792
  3481    279.34860      0.37250    156.66950      0.18746
  3501    276.64850      0.32856    158.62290      0.17664
  3521    271.97600      0.35396    159.11460      0.19074
  3539    269.69930      0.34966    158.79980      0.20064
  3556    265.40950      0.38692    158.02740      0.21327
  3576    257.32990      0.39482    165.80210      0.24261
  3596    249.81590      0.41165    176.17290      0.24234
  3616    242.44820      0.44216    179.28300      0.21008
  3635    234.42460      0.47807    179.97470      0.20774
  3655    226.92250      0.51296    178.33380      0.21559
  3673    219.03440      0.55406    178.20070      0.22488
  3693    210.51860      0.56836    180.00520      0.23523
  3713    200.07100      0.60150    176.48670      0.24091
  3733    177.73860      0.65301    178.71100      0.26597
  3753    144.96970      0.69000    191.98420      0.41255
  3773    117.54050      0.69055    202.75130      0.48262
  3793    118.26950      0.68303    200.60910      0.48239
  3813    115.39730      0.67574    202.14920      0.49687
  3833    101.05120      0.66166    206.38010      0.56404
  3852     96.07615      0.65198    203.81770      0.59528
  3872     94.08675      0.64348    204.56100      0.58279
  3891     76.89581      0.61801    215.03880      0.58489
  3911     62.74611      0.59066    223.40620      0.57158
  3931     62.85371      0.58237    230.73230      0.52123
  3951     67.29631      0.58265    230.03880      0.52243
  3971     61.86903      0.57006    227.21260      0.54833
  3990     59.44968      0.55845    226.19340      0.54433
  4010     87.79269      0.58048    224.88370      0.47546
  4031    108.72760      0.57615    219.61380      0.49656
  4051      0.00000      0.00000      0.00000      0.00000
  4065    139.52510      0.53487    205.67320      0.39089
  4085    144.29600      0.51361    203.39950      0.36470
  4105    132.01260      0.52240    206.98460      0.40661
  4125     94.66804      0.53882    218.00800      0.46703
  4145     94.44418      0.52893    220.16270      0.43989
  4165    103.19950      0.51522    217.64860      0.40259
  4185    112.14350      0.49947    213.36010      0.38725
  4205    124.70290      0.47433    203.67550      0.34596
  4223    128.95650      0.46011    193.23340      0.35156
  4243    130.44690      0.45079    181.93880      0.37727
  4263    125.24510      0.45116    182.33670      0.39509
  4283    103.49690      0.47192    196.44170      0.47841
  4303     73.10131      0.46549    208.18190      0.57126
  4323     45.37500      0.43122    216.15070      0.57971
  4343     39.53867      0.41240    219.23470      0.58508
  4363     48.96341      0.42094    220.71980      0.54819
  4381     63.57759      0.42697    221.32250      0.48544
  4401     59.96842      0.41812    221.58620      0.50603
  4421     49.11697      0.40070    223.56530      0.53757
  4441     65.60369      0.40371    222.41680      0.49964
  4459     79.50812      0.39455    222.31750      0.41535
  4479     68.84865      0.38701    222.89990      0.46663
  4498     89.00047      0.36672    218.69610      0.32686
  4518     91.30592      0.35116    217.21790      0.32017
  4538     93.33517      0.32948    209.28590      0.35835
  4558     92.08319      0.31270    209.32040      0.34805
  4579     79.86255      0.33194    217.53250      0.37244
  4598     67.06629      0.33511    220.24960      0.45646
  4620     62.69756      0.32687    221.27950      0.46158
  4638     68.19127      0.31476    223.22570      0.35775
  4658     69.84119      0.30054    222.67820      0.35861
  4678     67.34142      0.29529    223.00980      0.35481
  4698     73.04973      0.27941    217.03950      0.35171
  4717     81.31012      0.25976    193.14790      0.31498
  4736     82.79928      0.25219    181.33310      0.24364
  4756     76.78308      0.25758    185.05050      0.30512
  4776     58.63081      0.26595    201.13750      0.42814
  4796     39.49209      0.25917    215.14580      0.51934
  4816     45.62525      0.24987    213.59800      0.48283
  4836     63.97339      0.22058    205.08750      0.39452
  4856     69.07142      0.18973    193.50940      0.34888
  4876     69.15475      0.17140    186.33800      0.29921
  4896     64.59270      0.17630    180.12420      0.29565
  4916     63.00172      0.16608    172.06550      0.23728
  4936     66.75661      0.13222    167.10930      0.16128
  4955     65.96180      0.11207    164.10860      0.15821
  4975     61.88370      0.11766    161.50240      0.15753
  4994     58.06874      0.12330    161.67430      0.16454
