   120      0.00000      0.00000    224.78210      0.39298
   540    268.33820      1.46785    232.79270      0.36879
   920     24.75576      0.14030    226.78370      0.57989
  1220     73.03845      0.20285    223.28210      0.41889
  1580    275.02930      1.01879    222.50830      0.23678
  1980    301.00020      0.54828    201.93120      0.22607
  2340    230.30260      0.41129    192.78650      0.19632
  2660    213.82310      0.39592    190.20630      0.24197
  3000    163.07730      0.37424    193.23570      0.20800
  3380    335.26080      0.79029    201.23670      0.26251
  3740     68.66883      0.10942    206.91090      0.18449
  4140     15.15084      0.03192    212.16570      0.17975
  4480    437.76250      1.15533    209.23110      0.26348
