   156      0.00000      0.00000    227.15010      0.34702
   195      0.00000      0.00000    220.08660      0.29297
   234      0.00000      0.00000    214.12230      0.23007
   273      0.00000      0.00000    214.61130      0.21108
   312      0.00000      0.00000    211.64260      0.19298
   350      0.00000      0.00000    209.05720      0.23350
   389      0.00000      0.00000    210.44030      0.22711
   428      0.00000      0.00000    208.52340      0.21395
   467      0.00000      0.00000    208.11080      0.20711
   507      0.00000      0.00000    211.49850      0.24131
   551      0.00000      0.00000    213.85980      0.21881
   591      0.70044      0.00156    210.34610      0.20991
   636      5.66155      0.01075    208.42340      0.20836
   675     10.40842      0.01765    208.12580      0.21945
   715     15.99412      0.02623    204.12950      0.24246
   756     20.99376      0.03293    205.11190      0.22666
   796     25.66783      0.03952    206.39380      0.21914
   837     30.96154      0.04978    203.52730      0.20704
   878     37.44484      0.05585    200.46570      0.24599
   917     43.39214      0.06435    201.49110      0.24507
   957     47.80963      0.07199    203.44780      0.23687
   996     52.92778      0.08294    207.57230      0.21947
  1035     57.60706      0.08926    207.81460      0.21758
  1075     63.65257      0.09947    205.14600      0.21486
  1114     69.33585      0.10955    199.62380      0.20926
  1153     75.68694      0.11821    198.00720      0.24344
  1192     82.53680      0.12880    193.08160      0.24116
  1231     89.10082      0.13343    189.46260      0.19584
  1271     92.55462      0.13556    189.21590      0.19939
  1309     99.85746      0.14029    184.69260      0.16702
  1350    106.97350      0.15776    191.07360      0.19304
  1389    108.30150      0.17236    206.67590      0.21038
  1428    114.87000      0.17607    212.24960      0.20594
  1467    116.32360      0.18832    219.54500      0.21006
  1508    118.66270      0.21759    220.98460      0.28405
  1547    108.42100      0.25388    233.32570      0.20486
  1587    116.04320      0.26268    233.30690      0.22208
  1626    119.12440      0.27332    231.65120      0.25989
  1665    137.57320      0.24999    227.80680      0.29271
  1705    148.99440      0.25261    211.63430      0.28422
  1744    163.28480      0.27885    180.56720      0.22782
  1785    128.46170      0.37817    238.46910      0.31017
  1824    125.17850      0.45485    229.79520      0.45129
