   843    326.74860      2.42638    284.50960      0.80640
   893    318.36660      2.37906    277.97400      0.78171
   933    313.86030      2.37503    290.33970      0.70921
   973    297.08580      2.34586    285.91980      0.64675
  1012    310.12010      2.39821    277.77780      0.63424
  1050    310.26370      2.38841    269.53390      0.60274
  1089    376.02030      2.56323    251.19560      0.53771
  1129    309.89810      2.42447    258.66200      0.63562
  1167    382.76710      2.58717    244.20260      0.46453
  1207    263.31850      2.32038    271.70600      0.65230
  1245    422.79190      2.66076    217.93020      0.43308
  1284    436.65620      2.66862    217.53260      0.45437
  1324    257.07720      2.27369    258.50540      0.56104
  1363    213.69380      2.16464    274.43120      0.48278
  1403    233.88280      2.24074    274.10540      0.46399
  1444    215.63340      2.15923    278.13800      0.46648
  1482    274.29280      2.34761    260.38980      0.52487
  1521    222.08490      2.21083    274.39660      0.46992
  1560    396.90840      2.61011    249.63910      0.46632
  1601    619.24620      2.52591    184.13220      0.41877
  1639    283.33970      2.35377    242.47100      0.59980
  1678    221.60260      2.19104    276.36530      0.47150
  1718    179.53520      1.97758    271.66760      0.66228
  1756    736.46470      2.32562    104.11020      0.16256
  1795    919.50980      0.87503    104.59920      0.12185
  1834    854.31430      1.37194    119.40860      0.12828
  1873    463.36460      2.66003    152.91530      0.48350
  1912    202.01720      2.08099    272.89140      0.51935
  1951    225.71890      2.14361    276.28440      0.44948
  1990    671.68320      2.28545    145.76020      0.57542
  2029    477.78240      2.65734    108.77820      0.34517
  2068    191.63990      2.04782    258.77150      0.72799
  2106    374.29590      2.55677    152.17050      0.65064
