   158    397.18150      2.02180    144.53620      0.33226
   171    399.12420      2.01505    149.35900      0.36018
   191    402.96260      2.00943    148.01010      0.33002
   212    393.81480      2.00344    148.59510      0.39842
   233    417.49390      1.98753    148.51650      0.32952
   253    431.34410      1.96611    148.06960      0.31756
   273    454.22110      1.93512    127.79050      0.23796
   293    467.06030      1.90384    145.92660      0.24612
   313    489.84810      1.83495    136.64430      0.20657
   335    503.95730      1.81502    124.92490      0.19471
   355    486.81450      1.84564    136.53710      0.23750
   375    463.02770      1.87361    141.03750      0.29284
   396    444.95830      1.90114    138.09070      0.31212
   416    439.25200      1.90449    136.95280      0.34640
   436    422.28080      1.91833    145.46650      0.40983
   456    364.04450      1.93659    160.59860      0.52945
   476    299.75200      1.89024    174.94510      0.59415
   496    295.91790      1.89586    163.29900      0.53957
   517    276.43550      1.86698    174.00320      0.55051
   537    250.08220      1.82523    182.80510      0.58684
   557    238.61510      1.81304    186.04350      0.55755
   578    264.96710      1.83870    189.37070      0.51112
   599    287.97060      1.86040    160.95960      0.41449
   619    259.57050      1.82802    184.98050      0.53343
   639    222.70850      1.75827    202.87470      0.61076
   660    208.17900      1.72222    202.98390      0.59149
   680    198.60690      1.68960    204.81950      0.54750
   699    173.93740      1.63779    201.64870      0.45368
   720    133.60600      1.45649    237.48770      0.48595
   740    115.81310      1.36704    250.67660      0.51682
   758    149.33720      1.52576    232.38700      0.53896
   780    182.75020      1.60891    221.94890      0.71487
   800    226.48900      1.72025    203.87020      0.80096
   820    236.68360      1.73575    186.88910      0.80125
   840    246.14640      1.74434    177.33410      0.76181
   860    234.41090      1.72511    176.99960      0.79585
   880    217.15230      1.69084    192.41040      0.79078
   901    191.06640      1.63747    199.10200      0.79837
   921    175.33130      1.58141    207.95740      0.82011
   941    168.85970      1.56069    212.06130      0.85324
   961    161.60330      1.53562    220.66620      0.83262
   981    155.97780      1.51848    226.90690      0.79322
  1002    142.32570      1.43496    247.27370      0.79149
  1021    138.97390      1.43733    254.34930      0.75770
  1041    136.69380      1.44228    258.86110      0.75425
  1061    129.27110      1.38623    264.40190      0.69425
  1081    126.14310      1.38734    269.03450      0.64760
  1101    120.66280      1.36803    271.09270      0.63482
  1121    127.08040      1.39280    266.54690      0.63150
  1141    137.97210      1.42683    256.93790      0.66023
  1162    147.83320      1.44855    242.20540      0.60188
  1182    156.56850      1.47994    229.43430      0.57105
  1203    162.40860      1.48274    231.27510      0.58877
  1223    181.30020      1.55116    230.80810      0.53068
  1243    194.41720      1.58469    216.03640      0.49181
  1263    197.33090      1.58958    225.20620      0.49158
  1283    174.88080      1.52965    233.54940      0.54606
  1303    194.49260      1.56612    201.66440      0.56929
  1323    223.12030      1.60884    214.98910      0.60985
  1343    280.86050      1.56801    231.39340      0.58071
  1363    322.01610      1.56364    238.81350      0.41395
  1383    309.27980      1.57747    248.76580      0.35147
  1418    316.57490      1.56761    244.46180      0.28432
  1438    269.10450      1.58998    251.99120      0.28809
  1458    233.45920      1.57067    260.55070      0.32583
  1478    214.31840      1.54803    261.14890      0.31506
  1498    211.11640      1.53550    268.68080      0.32684
  1518    180.31470      1.47191    271.98320      0.32229
  1538    130.27690      1.33729    279.11400      0.35168
  1558    106.80470      1.26083    281.21910      0.34953
  1579    104.34530      1.22585    277.60100      0.36174
  1599    100.85890      1.20195    276.08970      0.35054
  1619     99.75262      1.21367    273.11130      0.35831
  1639     98.48765      1.17602    278.44550      0.33439
  1659     97.92419      1.16976    277.57740      0.38209
  1679    101.08050      1.18273    272.48130      0.34495
  1699     97.19230      1.15423    267.98090      0.35859
  1719     93.76221      1.15313    266.20350      0.33607
  1740     91.11480      1.16219    259.00190      0.32530
  1761     87.99722      1.12537    255.57980      0.33826
  1781     88.50700      1.11085    255.47410      0.31326
  1801     87.65775      1.11067    264.64790      0.32066
  1821     82.50574      1.06624    262.34440      0.32500
  1841     83.45093      1.10517    264.36000      0.32855
  1861     77.50535      1.06438    264.37170      0.34344
  1882     78.67285      1.04735    260.15590      0.32329
  1903     76.65160      1.04515    263.34040      0.33832
  1923     77.02206      1.04509    257.19560      0.31047
  1943     79.59607      1.05399    261.05830      0.32037
  1963     76.04310      1.04992    250.21100      0.27949
  1983     78.60218      1.04809    250.77960      0.30116
  2003     77.58948      1.04529    254.92880      0.34387
  2023    125.03200      1.20985    251.41630      0.31922
  2043    222.05270      1.35383    248.03860      0.29708
  2063    309.20440      1.30208    241.84170      0.27425
  2083    317.80930      1.26083    240.45580      0.26977
  2103    326.99840      1.23230    239.82530      0.23498
  2124    312.65190      1.24071    243.37680      0.26022
  2144    334.63520      1.20113    237.32390      0.23017
  2164    324.48210      1.21704    235.22890      0.25834
  2185    292.34810      1.24677    246.59260      0.27587
  2213    329.03680      1.18604    235.70860      0.26882
  2236    331.07170      1.18666    232.32530      0.26060
  2256    325.67640      1.18794    232.94740      0.26513
  2284    327.25180      1.17875    230.87970      0.25381
  2329    321.46470      1.14001    231.93120      0.25128
  2349    336.51730      1.08894    230.83610      0.25864
  2374    323.76490      1.11860    228.56530      0.26277
  2394    303.19230      1.13477    232.77090      0.27126
  2414    317.58660      1.08816    228.96920      0.25207
  2434    307.03550      1.10988    228.97120      0.26556
  2454    307.32400      1.10656    225.59020      0.24370
  2481    292.50210      1.11062    229.04050      0.26023
  2531    303.90590      1.06191    219.75000      0.30356
  2551    309.01550      1.02027    217.49320      0.28546
  2571    326.59700      0.95496    211.37180      0.25354
  2586    333.50980      0.91333    213.09740      0.23563
  2606    343.96820      0.88095    196.88510      0.29142
  2626    332.75950      0.90129    195.91620      0.32257
  2646    336.19240      0.85774    180.37900      0.34266
  2665    328.32520      0.90227    171.33790      0.31134
  2685    324.86370      0.92685    169.46870      0.28471
  2705    348.39640      0.83711    150.49480      0.22632
  2725    361.06550      0.72543    166.07530      0.23644
  2745    379.32180      0.59986    155.70770      0.21433
  2765    372.57100      0.56477    164.54250      0.24409
  2784    367.66200      0.60798    152.57120      0.22680
  2804    363.82760      0.56322    154.74630      0.23657
  2824    362.88330      0.58400    145.21400      0.22275
  2844    357.47620      0.62848    136.81910      0.20643
  2864    358.51400      0.59995    135.71690      0.20424
  2885    359.30570      0.54145    135.51000      0.19589
  2906    352.68490      0.54760    144.68080      0.21443
  2926    349.92670      0.54011    148.92250      0.24683
  2946    349.90210      0.52124    149.72060      0.25008
  2966    351.25150      0.47156    150.99960      0.24210
  2986    348.90040      0.46865    148.87600      0.24074
  3006    342.36890      0.46612    157.41570      0.22162
  3026    338.26820      0.46040    156.20200      0.20828
  3046    334.55360      0.49163    148.55880      0.19363
  3066    328.95140      0.50333    155.28420      0.21960
  3086    328.05540      0.49046    151.86930      0.21336
  3106    328.60500      0.46403    148.32320      0.20676
  3126    328.03970      0.44678    144.99440      0.20118
  3146    326.47350      0.43669    141.43960      0.18916
  3166    323.65120      0.42975    141.39630      0.18393
  3186    320.91350      0.42673    139.07910      0.17627
  3206    316.61910      0.42683    138.40340      0.17726
  3226    314.45030      0.40242    145.15980      0.19435
  3246    310.52510      0.40104    151.57380      0.19798
  3266    306.95800      0.40454    157.13630      0.19989
  3286    301.91570      0.42081    158.04660      0.19030
  3303    300.60890      0.39176    159.43020      0.20927
  3323    298.20100      0.37615    164.73020      0.20101
  3343    293.30930      0.39801    171.32130      0.20298
  3363    291.56370      0.37849    168.07950      0.20473
  3383    291.38910      0.38509    160.76880      0.19303
  3403    290.22800      0.38862    156.22400      0.17929
  3422    290.16490      0.35824    153.86360      0.17510
  3442    287.97740      0.36938    152.91330      0.17912
  3462    284.78820      0.33679    156.26250      0.18731
  3482    280.41770      0.34027    156.76700      0.17559
  3503    275.96560      0.35572    157.93030      0.19058
  3523    272.00500      0.36431    159.55840      0.19155
  3542    269.61790      0.34893    158.42210      0.19451
  3561    264.22530      0.37767    158.22720      0.22029
  3580    255.15250      0.40271    169.14120      0.25204
  3601    246.85710      0.43752    179.14520      0.22565
  3621    239.82870      0.45655    179.91210      0.21594
  3642    232.79090      0.48453    180.21360      0.21898
  3662    223.83290      0.52872    178.15500      0.22478
  3682    214.88900      0.55819    179.02160      0.22740
  3701    206.94510      0.58657    178.98770      0.21950
  3719    195.21880      0.61890    175.88270      0.23170
  3739    169.44540      0.66759    182.49760      0.33485
  3760    132.68200      0.69603    197.39050      0.44930
  3780    115.68970      0.68865    202.02150      0.48299
  3800    118.11650      0.68145    201.30560      0.49052
  3820    112.05060      0.67266    203.75070      0.51991
  3840     98.55608      0.65800    206.86270      0.55362
  3860     96.50905      0.64941    203.87630      0.58802
  3880     89.40838      0.63655    206.66960      0.60596
  3900     69.27393      0.60543    218.57660      0.59603
  3920     59.25001      0.58100    227.89540      0.56142
  3940     72.60712      0.58889    230.29720      0.55312
  3960     65.83121      0.57798    227.85760      0.52186
  3980     57.14727      0.55830    226.78140      0.53313
  4000     79.23772      0.57554    225.27870      0.51915
  4020     86.24627      0.57755    223.17750      0.48729
  4040    114.80430      0.57299    215.49210      0.45848
  4060    137.97800      0.54540    207.29760      0.40310
  4080    140.46190      0.52776    204.64510      0.37983
  4100    136.90370      0.51533    206.72770      0.38993
  4123     96.85221      0.54065    217.49230      0.47087
  4143     94.99820      0.52902    220.03160      0.44617
  4163    100.59770      0.51921    218.07510      0.43470
  4183    111.55530      0.50236    214.73820      0.36443
  4203    124.37680      0.47406    204.23590      0.35659
  4224    129.15370      0.46106    192.26860      0.36122
  4244    131.69190      0.44334    181.15110      0.38437
  4265    124.25220      0.44766    183.37100      0.39363
  4285     99.28186      0.47362    197.86410      0.49352
  4305     69.31087      0.46272    209.65060      0.56519
  4325     44.79863      0.42957    216.42150      0.58054
  4345     38.82984      0.41274    219.47850      0.59121
  4365     51.06646      0.42347    220.60690      0.53271
  4384     67.05595      0.42669    220.35300      0.47422
  4404     58.24523      0.41566    221.12690      0.54497
  4426     50.89875      0.40175    224.59380      0.51896
  4446     72.84972      0.40049    223.32520      0.45017
  4466     74.52757      0.39241    223.28990      0.42805
  4486     71.82101      0.38586    220.57180      0.46323
  4506     97.04804      0.34948    216.27020      0.28374
  4528     93.61098      0.33908    213.65340      0.36232
  4547     94.65471      0.32038    208.36470      0.34361
  4567     85.72052      0.32221    213.72060      0.33421
  4587     78.22399      0.32975    218.25320      0.37501
  4607     63.79230      0.33323    221.90730      0.44259
  4627     65.46758      0.32213    222.21710      0.41517
  4647     69.51056      0.30679    222.02650      0.38318
  4667     68.21111      0.29893    223.23150      0.35827
  4687     67.54871      0.29001    222.70600      0.36933
  4707     71.80669      0.27869    205.94050      0.36736
  4725     86.12504      0.24471    183.85410      0.26056
  4744     80.91959      0.25176    183.34160      0.26796
  4765     71.29163      0.26090    192.30560      0.37700
  4785     50.24369      0.26589    207.73880      0.48597
  4805     34.02332      0.25256    214.42420      0.53890
  4824     54.43921      0.24335    210.54160      0.45624
  4844     69.01721      0.19597    200.87430      0.35731
  4864     69.54615      0.18028    190.65160      0.32784
  4884     66.17867      0.17680    183.52330      0.29876
  4904     64.49780      0.17393    176.88780      0.27183
  4924     65.12132      0.15016    169.88250      0.20553
  4944     67.18566      0.12190    165.36630      0.17137
  4964     63.66861      0.12417    162.72080      0.15444
  4985     59.58535      0.12134    160.82650      0.15494
  5005     56.59363      0.11597    162.20660      0.18120
