   185      0.00000      0.00000    221.53790      0.27553
   199      0.00000      0.00000    222.77090      0.27472
   264      0.00000      0.00000    183.91960      0.27393
   306      0.00000      0.00000    184.60530      0.27957
   347      0.00000      0.00000    195.38310      0.29243
   390      0.00000      0.00000    182.40220      0.22069
   435      0.00000      0.00000    202.96120      0.25950
   476      0.81607      0.00175    209.40870      0.21429
   514      4.94074      0.00964    206.29370      0.18802
   555      9.82835      0.01714    200.77780      0.20011
   596     15.07590      0.02469    199.06980      0.18547
   636     20.87412      0.03259    200.89130      0.23239
   676     25.10113      0.03974    203.82720      0.24022
   715     30.62923      0.04273    207.67430      0.23525
   754     36.19056      0.05375    207.97030      0.21171
   793     40.70973      0.06399    206.01580      0.23647
   832     45.74548      0.06688    207.28060      0.25324
   870     50.87463      0.07897    210.87420      0.26354
   909     55.85322      0.08813    216.56670      0.26209
   948     61.39192      0.09425    216.96380      0.26747
   987     67.09459      0.10505    216.16960      0.24823
  1026     72.93838      0.11396    205.89630      0.23817
  1065     80.21115      0.12107    206.20210      0.21283
  1104     86.20444      0.12621    205.62660      0.21822
  1143     90.14285      0.13660    200.38400      0.26775
  1182     97.58450      0.14252    207.15290      0.21856
  1221    102.08480      0.14423    206.21540      0.23347
  1260    106.98840      0.16069    210.29540      0.23235
  1299    111.61180      0.16510    206.19660      0.28222
  1339    117.91410      0.18378    210.97200      0.27819
  1378    104.11560      0.23332    220.44710      0.30702
  1417    110.03310      0.24091    219.98340      0.30660
  1456    113.39060      0.25373    223.00130      0.30079
  1495    118.59470      0.27206    220.89040      0.29326
  1535    127.27490      0.26654    225.96240      0.30592
  1574    142.57490      0.23265    226.69950      0.33954
  1613    145.63100      0.24246    226.76460      0.32136
  1650     98.01668      0.44019    235.24940      0.35733
  1690    132.76140      0.42147    228.46330      0.34337
  1729    130.69280      0.47353    229.18010      0.32431
  1768    105.33950      0.51525    230.42540      0.45216
  1808    146.85460      0.45637    227.48450      0.37472
