  2503    361.47340      2.31874    282.41180      0.37687
  2537    235.80950      2.09269    291.57930      0.41046
  2577    235.45170      2.09009    294.83420      0.39368
  2615    213.33360      2.02501    299.52520      0.40688
  2655    252.04000      2.09750    293.75050      0.46210
  2694    188.85000      1.86433    299.24420      0.52018
  2731    247.54440      2.11723    303.30460      0.42739
  2770    310.71020      2.27399    301.51090      0.44276
  2811    314.75160      2.28732    295.16250      0.52171
  2851    293.50910      2.24733    300.59650      0.47507
  2892    246.35100      2.10703    296.56410      0.55005
  2931    190.44040      1.89657    295.71460      0.65511
  2970    367.92290      2.40823    245.27800      0.60233
  3010    501.61820      2.54024    113.24980      0.38644
  3049    814.29240      1.63559    102.38510      0.11875
  3088    849.87340      1.29752     99.77444      0.11764
  3127    740.59560      2.12640     99.53032      0.11984
  3164    208.82120      2.02824    255.96080      0.89775
  3203    862.72140      0.92477     99.89875      0.09702
  3240    851.28380      1.19022     99.32583      0.10115
  3294    190.25150      1.94582    313.41270      0.50923
