   152    387.62600      2.02562    149.13880      0.37529
   177    397.31190      2.01403    153.37270      0.35097
   200    401.49610      2.00536    148.49820      0.37552
   220    401.15380      1.99624    152.71780      0.37954
   240    418.91010      1.98170    149.32740      0.33719
   261    438.04500      1.95863    142.95100      0.27625
   281    459.18180      1.93557    127.76000      0.23153
   301    478.84250      1.87904    137.45400      0.22739
   322    500.87320      1.81260    130.83940      0.18946
   342    503.54400      1.79639    131.86690      0.20194
   363    474.05500      1.87849    130.24410      0.25102
   383    455.69930      1.87624    141.22700      0.29334
   404    443.31850      1.90763    133.93140      0.29972
   424    430.66240      1.90851    144.41660      0.40365
   444    403.43650      1.92609    149.72690      0.44908
   464    335.12090      1.92712    173.29300      0.57147
   483    301.34110      1.90042    178.74340      0.58906
   503    295.23000      1.88820    165.17320      0.53948
   523    272.46790      1.85388    171.61910      0.55276
   543    242.83480      1.82058    173.16970      0.54378
   563    243.87710      1.81916    190.05810      0.54388
   583    273.96510      1.85599    184.41050      0.48933
   603    282.71420      1.85660    162.99440      0.42224
   623    248.08430      1.80499    191.58030      0.57796
   643    215.95730      1.74443    203.76000      0.60640
   663    205.62980      1.71783    203.85620      0.58210
   683    196.79320      1.69800    202.13130      0.53223
   703    161.18350      1.55633    213.32970      0.47715
   723    134.22560      1.48914    242.75230      0.51457
   743    121.65680      1.42571    244.40910      0.49441
   763    151.40600      1.51990    239.64940      0.58753
   783    191.60550      1.64376    217.33950      0.73216
   803    229.94350      1.72584    197.21130      0.79607
   823    245.28380      1.74599    181.26340      0.77884
   843    242.56510      1.74039    177.79030      0.76302
   863    237.72530      1.73307    178.27300      0.80253
   883    213.37290      1.68273    195.76600      0.80328
   903    185.76210      1.61035    197.03220      0.77981
   923    173.23930      1.56932    209.43120      0.82460
   943    171.97900      1.56768    214.34000      0.84698
   962    157.13840      1.51109    219.88900      0.83506
   982    153.68060      1.50309    227.97670      0.79337
  1001    141.27190      1.44232    243.86050      0.77901
  1023    138.75040      1.45312    254.42630      0.79143
  1043    137.05180      1.44127    260.02420      0.73868
  1062    133.77710      1.43359    265.04030      0.70864
  1082    126.57640      1.39422    268.47720      0.67520
  1102    122.03250      1.37767    271.85810      0.62243
  1122    126.16300      1.36994    265.82360      0.59797
  1142    137.62550      1.41379    255.79760      0.63679
  1161    146.13440      1.43553    243.88260      0.58614
  1181    157.47150      1.48264    229.19190      0.57667
  1201    163.47480      1.49217    232.41520      0.58441
  1221    178.11470      1.53279    229.78700      0.54707
  1241    193.91650      1.58209    207.99400      0.48156
  1261    194.75570      1.58578    223.39040      0.47671
  1281    178.58170      1.52966    225.28400      0.53623
  1301    193.46400      1.56858    209.27900      0.59621
  1321    216.62890      1.59251    213.74670      0.59463
  1341    273.87220      1.60657    226.94870      0.58005
  1361    321.27860      1.57963    238.09680      0.42772
  1381    312.16970      1.58139    249.37520      0.33670
  1402    311.99460      1.56619    257.95800      0.32400
  1422    312.08570      1.56942    250.01990      0.30277
  1442    257.25740      1.59027    251.32430      0.27883
  1462    236.78410      1.51370    264.98250      0.32974
  1482    230.83560      1.56360    263.53030      0.30715
  1502    209.45420      1.53808    268.94690      0.31938
  1522    172.25460      1.46106    271.83830      0.33173
  1542    126.60020      1.33008    270.56770      0.33011
  1563    102.49080      1.21940    280.06910      0.32499
  1583    102.91220      1.19973    277.20270      0.34236
  1603    100.38200      1.21539    275.91150      0.31513
  1621     99.42670      1.20708    277.39110      0.34509
  1641     99.78510      1.20055    276.61060      0.36569
  1661    100.00740      1.20143    275.96080      0.36708
  1681    101.66060      1.18790    267.33680      0.37343
  1701     98.78043      1.19111    264.45280      0.32587
  1721     93.01661      1.15292    257.99230      0.32905
  1741     90.45046      1.13906    263.91570      0.32785
  1760     88.01991      1.12365    258.45650      0.32439
  1780     89.13026      1.10940    262.20230      0.33462
  1800     87.48599      1.12015    263.52950      0.34069
  1820     84.21759      1.08217    263.31310      0.35529
  1840     83.60563      1.09273    262.54880      0.33666
  1860     90.69711      1.12136    264.66860      0.35412
  1880     78.47807      1.04945    260.21940      0.30925
  1900     76.47040      1.02806    258.82410      0.28141
  1920     77.99429      1.06707    253.82980      0.30016
  1940     80.77488      1.06109    259.22540      0.31552
  1960     75.85735      1.02499    255.63170      0.33210
  1980     76.81003      1.04053    253.88200      0.30051
  2000     79.43098      1.04801    255.46010      0.31732
  2020    128.28180      1.21332    244.66690      0.24228
  2040    230.36190      1.36081    245.96840      0.30130
  2060    308.75040      1.30254    241.52480      0.24871
  2079    320.07950      1.26578    240.30250      0.25713
  2099    326.17040      1.23562    240.12410      0.25575
  2119    309.10710      1.25031    243.02380      0.25911
  2138    331.95870      1.21080    238.41520      0.25201
  2158    314.82110      1.23453    240.74760      0.24070
  2178    298.43080      1.24777    245.59450      0.27406
  2198    331.45960      1.17863    236.44350      0.25940
  2199    326.05190      1.17902    239.61680      0.25634
  2219    319.29690      1.21013    237.82230      0.25322
  2239    331.18980      1.18688    231.20590      0.26558
  2259    323.39360      1.20375    232.79290      0.26051
  2288    312.31270      1.19129    233.00450      0.25522
  2296    309.38180      1.19009    233.92580      0.26777
  2310    336.01580      1.12885    229.10040      0.24227
  2327    334.70990      1.13094    228.24650      0.26094
  2347    338.78120      1.08748    230.15020      0.25962
  2372    323.80290      1.11602    229.23820      0.25090
  2389    309.74880      1.14029    230.41030      0.25120
  2412    316.64460      1.10554    228.36980      0.25094
  2428    310.07780      1.10422    228.64020      0.26514
  2448    308.36820      1.12030    223.07420      0.25073
  2473    299.78960      1.10971    226.51970      0.26363
  2498    309.39490      1.05716    225.37380      0.24013
  2514    312.44160      1.06036    222.45910      0.27490
  2534    303.98850      1.05682    219.86900      0.30509
  2554    309.34610      1.03630    216.20700      0.27990
  2574    324.91650      0.96640    214.45580      0.26796
  2594    339.22430      0.91241    207.84970      0.25736
  2614    339.80870      0.89800    196.13600      0.31255
  2634    335.30330      0.87961    187.86790      0.33668
  2652    331.59750      0.88174    179.53090      0.32922
  2670    330.89020      0.89238    162.04200      0.30226
  2690    330.11640      0.88490    168.82550      0.26482
  2710    348.01110      0.82576    157.32310      0.24190
  2731    375.71860      0.64785    153.12670      0.20486
  2751    377.07800      0.60706    158.24070      0.22589
  2770    368.73260      0.62930    159.79360      0.24003
  2790    366.97280      0.58407    150.36470      0.23286
  2809    368.10860      0.54484    138.47210      0.19874
  2829    356.04190      0.61562    152.58750      0.23783
  2849    356.25440      0.62436    141.77840      0.21897
  2869    355.61900      0.57512    145.90430      0.22358
  2888    358.30710      0.52643    141.34060      0.20888
  2908    353.71560      0.53583    142.98840      0.21636
  2928    348.46400      0.55926    149.43460      0.24103
  2948    350.61030      0.48111    149.81300      0.24730
  2968    351.36550      0.45981    150.52340      0.24408
  2987    348.24250      0.46961    151.46670      0.24060
  3008    341.10870      0.48920    159.54830      0.22344
  3027    339.61420      0.48572    147.80360      0.19951
  3047    331.86830      0.50278    155.86800      0.20968
  3067    330.72530      0.50469    150.76780      0.21304
  3087    328.06760      0.48535    152.24710      0.20924
  3109    328.11720      0.47533    147.99910      0.19937
  3127    328.11780      0.44927    145.51460      0.20171
  3147    326.25620      0.43093    141.83860      0.18767
  3167    322.56130      0.44118    142.39540      0.18955
  3188    320.45530      0.42531    140.12760      0.18130
  3208    316.36360      0.42386    138.95950      0.18181
  3228    313.87140      0.40221    145.25940      0.19690
  3248    311.55150      0.36834    152.36390      0.19466
  3268    306.83800      0.38948    155.85420      0.19921
  3288    302.53360      0.40569    157.23940      0.18668
  3306    299.25970      0.39998    161.62170      0.19851
  3326    298.59110      0.37175    165.23730      0.20458
  3346    294.14680      0.37406    169.76860      0.20762
  3365    291.20750      0.38992    166.05340      0.21231
  3385    291.40780      0.38738    159.61830      0.18859
  3406    291.38550      0.36183    155.69830      0.17207
  3424    290.04320      0.35456    155.18060      0.17627
  3445    287.08150      0.34790    154.52220      0.18521
  3465    283.87650      0.35815    155.19030      0.18001
  3486    279.11040      0.35159    157.07050      0.18187
  3506    276.52040      0.35590    156.71780      0.17950
  3527    271.55180      0.35806    158.46820      0.18570
  3547    269.06280      0.36219    155.62300      0.19844
  3565    261.41780      0.40314    161.80180      0.23689
  3585    253.25140      0.41165    172.08960      0.25026
  3605    244.71730      0.44419    178.95110      0.22438
  3625    238.21660      0.46963    177.96540      0.20612
  3645    231.80610      0.49001    178.92740      0.21134
  3665    220.31040      0.55019    178.39790      0.22301
  3685    213.89780      0.56085    178.83530      0.22921
  3705    204.84070      0.58621    179.34200      0.23902
  3725    189.60530      0.63445    175.61150      0.23949
  3745    158.25070      0.68584    186.16110      0.37000
  3765    122.76670      0.69711    198.63630      0.45197
  3785    116.06890      0.68740    201.24410      0.47990
  3806    118.63880      0.67858    201.36690      0.48890
  3825    109.09250      0.66859    205.87720      0.53978
  3845     97.40003      0.65275    204.61610      0.59582
  3865     96.94188      0.64759    203.54500      0.59323
  3885     83.91904      0.63027    210.34680      0.59413
  3905     64.09129      0.59599    221.60010      0.59479
  3925     60.68969      0.58456    226.67810      0.55984
  3945     69.27925      0.58257    230.76550      0.50830
  3962     66.38141      0.57746    229.48440      0.52284
  3982     58.59131      0.56000    227.07480      0.53216
  4002     80.96981      0.57665    223.65620      0.50944
  4022     89.89619      0.57852    222.93730      0.47895
  4042    116.81230      0.56909    214.99700      0.45286
  4062    139.11160      0.54046    205.99340      0.40179
  4082    143.26800      0.51838    203.98560      0.37409
  4102    133.11340      0.52107    208.20850      0.38945
  4122     99.95847      0.53781    217.85340      0.44641
  4142     95.99524      0.52985    218.88060      0.45603
  4162    100.85600      0.51619    218.86400      0.39787
  4182    111.38050      0.50197    215.00000      0.38179
  4202    123.17530      0.48106    204.49190      0.35091
  4222    128.93500      0.45918    193.62690      0.36238
  4242    130.71150      0.44851    182.99820      0.37642
  4262    125.01820      0.45093    182.97910      0.39913
  4282    104.99200      0.46982    195.38290      0.48347
  4302     74.47120      0.46624    207.42660      0.56167
  4321     47.30645      0.43682    215.30860      0.58130
  4341     40.01609      0.41526    219.75770      0.56893
  4361     51.94975      0.42363    221.17830      0.54007
  4383     65.74515      0.42770    221.34330      0.46612
  4403     59.08004      0.41588    222.28950      0.49767
  4423     49.99939      0.40079    224.41630      0.51955
  4443     68.40855      0.40368    222.95310      0.47747
  4463     76.98432      0.39311    222.23320      0.43301
  4483     69.92516      0.38555    222.61000      0.45104
  4503     96.37546      0.34769    216.71620      0.28476
  4522     92.06200      0.34809    216.53870      0.34776
  4542     94.00549      0.32306    208.86560      0.34716
  4562     89.22724      0.31995    210.99930      0.34274
  4582     79.15189      0.33146    217.37750      0.38426
  4602     64.21835      0.33601    220.76220      0.45797
  4621     62.22757      0.32738    221.30610      0.45893
  4641     68.20215      0.31356    222.49160      0.36737
  4661     69.23682      0.29997    221.95730      0.37696
  4681     67.35071      0.29300    223.02870      0.36989
  4700     74.27296      0.27635    214.75100      0.33195
  4719     83.33837      0.25369    191.54840      0.31094
  4739     82.03050      0.25044    182.28850      0.27269
  4759     76.01881      0.25096    187.35660      0.33176
  4779     55.59264      0.26537    203.35790      0.46448
  4799     37.18820      0.25583    214.25700      0.54178
  4819     48.93735      0.24755    212.58120      0.47005
  4839     65.85630      0.21105    203.02730      0.39901
  4859     69.36801      0.18677    192.42980      0.34263
  4879     68.17745      0.17361    185.32340      0.30827
  4898     64.25150      0.17810    179.44250      0.27783
  4919     63.77475      0.16164    171.60410      0.22404
  4939     66.75471      0.13010    166.78990      0.16573
  4959     64.68129      0.12461    163.66220      0.15873
  4978     61.33894      0.11990    161.12380      0.16121
  4998     57.85853      0.11747    161.36810      0.17215
