   836    324.62940      2.42797    290.13460      0.78812
   879    327.34330      2.42287    283.00700      0.82631
   917    312.22560      2.36714    287.42400      0.70882
   956    310.94870      2.38498    287.50390      0.67208
   999    291.31870      2.35606    281.14390      0.60561
  1036    300.23680      2.37782    276.74380      0.60491
  1075    364.29400      2.55034    252.36510      0.52999
  1115    389.75960      2.59431    244.38560      0.48083
  1154    340.50580      2.50551    249.04020      0.63976
  1193    304.05220      2.40240    255.90830      0.63044
  1232    356.01520      2.55958    228.55650      0.55609
  1272    442.37360      2.67873    218.44210      0.38227
  1311    269.00300      2.33567    251.66420      0.67471
  1350    251.03090      2.30558    276.05870      0.45293
  1389    240.96650      2.27207    274.66630      0.44234
  1428    214.70260      2.12320    275.45190      0.46233
  1467    242.91480      2.25433    271.85820      0.51181
  1506    286.97550      2.40087    253.60030      0.56681
  1545    327.82210      2.50460    260.91960      0.46771
  1585    294.22990      2.42278    255.59060      0.53425
  1624    207.05930      2.11817    254.97720      0.65840
  1662    244.06190      2.24510    265.81470      0.54836
  1701    177.69170      1.97133    282.57690      0.43917
  1740    515.77480      2.68756    106.88760      0.38896
  1779    905.36160      1.06112    101.99490      0.10961
  1803    922.34160      0.83247    106.36470      0.12225
  1865    523.69840      2.64579    152.12460      0.38116
  1904    204.80270      2.10948    256.24980      0.73086
  1943    217.47870      2.10829    277.09290      0.46708
  1982    442.56120      2.61416    178.08620      0.83065
  2021    492.01660      2.66465    105.73570      0.33148
  2059    189.90750      1.97583    260.01710      0.70525
  2098    453.89910      2.64499    134.86810      0.36723
  2136    231.14050      2.18868    259.12470      0.71390
