   155    395.36920      2.02358    143.56910      0.34790
   173    397.72060      2.01808    151.43610      0.34781
   193    405.51810      2.00767    149.76050      0.36583
   213    396.50650      2.00468    148.72820      0.39612
   232    417.96560      1.98605    146.95550      0.34804
   252    430.56850      1.96444    147.83400      0.30179
   272    457.29220      1.91637    129.60530      0.24186
   292    466.49170      1.89109    145.88020      0.23702
   312    489.04930      1.85056    135.11010      0.21206
   332    500.23320      1.82023    126.83020      0.19381
   352    489.05730      1.83495    136.94220      0.25102
   371    463.31900      1.88195    140.29650      0.27842
   391    448.63050      1.89599    140.66090      0.33143
   411    448.17300      1.88993    131.14200      0.30112
   431    431.53890      1.90004    149.57670      0.38429
   451    377.40820      1.93814    156.81780      0.49986
   468    318.37290      1.91628    174.79460      0.57304
   488    298.20790      1.89337    172.10300      0.57923
   508    285.82300      1.87768    176.12040      0.56574
   528    264.90840      1.84996    172.62870      0.55486
   548    234.38830      1.80526    189.84830      0.59247
   568    260.01620      1.83718    180.35310      0.50933
   588    284.15560      1.86435    180.11840      0.47571
   608    274.33540      1.84408    170.46860      0.46026
   628    241.75520      1.79834    192.63580      0.57454
   647    210.92010      1.73235    205.96960      0.61508
   667    204.37830      1.70742    203.12460      0.58036
   687    186.55730      1.66432    199.31350      0.49510
   707    158.70220      1.56665    227.04690      0.50854
   725    128.68680      1.44155    246.17470      0.49472
   745    125.18970      1.41806    245.70900      0.50621
   765    150.50130      1.50936    241.12170      0.62871
   785    197.11330      1.65627    216.39580      0.73407
   805    234.15920      1.74607    194.81770      0.77099
   825    243.61470      1.74196    179.56350      0.76722
   845    244.32370      1.75086    178.80410      0.77974
   865    233.98080      1.72547    176.91350      0.76212
   885    208.68850      1.67555    189.95470      0.76117
   905    183.45940      1.60001    198.94810      0.78640
   925    170.99710      1.57051    211.87240      0.84886
   945    173.95170      1.57144    210.58990      0.84494
   964    161.45800      1.53423    221.98800      0.84201
   984    152.68800      1.51137    228.78700      0.78949
  1005    139.12990      1.43957    250.99230      0.78448
  1025    140.24510      1.46020    252.95320      0.75271
  1045    136.78410      1.43808    258.72130      0.75726
  1065    131.23130      1.40889    266.64450      0.71900
  1084    123.81500      1.37442    269.59470      0.65587
  1104    121.84370      1.37746    272.64440      0.59509
  1124    129.01280      1.38929    266.44450      0.63069
  1145    139.28170      1.43064    253.99950      0.63860
  1164    147.46070      1.44004    238.99520      0.60760
  1184    156.75470      1.48575    232.56860      0.57070
  1204    165.74900      1.50789    229.90190      0.59409
  1224    181.77220      1.54739    226.71800      0.53567
  1244    195.65550      1.58977    218.45560      0.49769
  1264    195.14240      1.57570    228.28820      0.48684
  1284    174.85840      1.53504    234.46750      0.54833
  1304    190.30470      1.55599    209.49160      0.59552
  1324    224.06250      1.60458    216.95480      0.60206
  1344    276.71850      1.62205    236.41290      0.54177
  1364    326.45210      1.57269    238.34060      0.41861
  1387    289.66390      1.59511    267.22580      0.35442
  1405    311.33030      1.57429    253.89670      0.31550
  1425    306.66160      1.57495    252.80470      0.32008
  1445    245.82300      1.58301    255.37850      0.28230
  1465    224.52340      1.56212    262.15260      0.33065
  1485    222.32460      1.55286    261.23060      0.30834
  1505    205.24760      1.52227    269.14750      0.33884
  1525    167.18260      1.44855    272.46010      0.31923
  1544    122.06730      1.31329    273.26460      0.30248
  1564    102.81990      1.22120    276.18050      0.33355
  1585    104.16310      1.23241    267.72260      0.32596
  1605    101.12880      1.21853    274.40710      0.33134
  1625     97.07613      1.18329    280.39020      0.35918
  1644     97.54564      1.18496    274.73070      0.33132
  1664    101.18900      1.18917    277.34380      0.38857
  1684     99.78097      1.17633    261.65540      0.34370
  1704     97.25926      1.18147    260.78580      0.32796
  1724     91.15067      1.12783    255.72330      0.30094
  1744     90.50535      1.13649    264.00940      0.33085
  1763     87.42352      1.12140    260.98590      0.35125
  1783     88.51689      1.11272    259.31120      0.33301
  1803     86.72336      1.09648    265.85180      0.34482
  1823     83.54416      1.08624    267.69130      0.35178
  1843     82.60371      1.08518    256.69080      0.30766
  1863     76.29877      1.04764    265.18290      0.32215
  1883     78.00313      1.05097    260.60960      0.30771
  1902     78.79527      1.05879    263.25780      0.35076
  1921     77.91049      1.06528    256.05770      0.29777
  1941     78.32605      1.03350    259.39360      0.33105
  1961     77.19633      1.03990    255.95900      0.31572
  1981     78.01121      1.04978    252.14230      0.30376
  2002     81.47898      1.06969    254.69590      0.32891
  2022    132.62650      1.22363    248.57830      0.30481
  2042    203.04600      1.33725    248.68700      0.29984
  2062    307.66380      1.30404    241.76150      0.27409
  2082    317.54600      1.27349    240.46840      0.24628
  2102    325.90860      1.23483    239.82120      0.23910
  2121    311.98950      1.24655    242.92880      0.26397
  2141    315.60470      1.22985    242.79090      0.26800
  2161    317.76830      1.22368    239.90340      0.24072
  2181    324.99480      1.21072    238.03390      0.25779
  2217    321.97040      1.19781    238.33620      0.25536
  2232    327.64760      1.18276    234.97700      0.26184
  2252    320.09980      1.19632    234.28730      0.26284
  2279    327.58480      1.18939    230.82020      0.25790
  2308    334.50560      1.13966    229.35030      0.24334
  2324    340.95120      1.11489    226.26600      0.26031
  2344    344.47040      1.05699    228.87320      0.26058
  2365    335.50430      1.09148    226.86940      0.25225
  2385    323.42360      1.12597    223.76550      0.25008
  2398    301.11480      1.14080    232.22730      0.27720
  2415    314.97270      1.10046    229.33350      0.24804
  2435    304.22650      1.12001    228.89630      0.26532
  2457    302.73590      1.09571    229.14500      0.23786
  2463    293.23780      1.12946    227.27170      0.25792
  2482    291.55770      1.11254    230.41350      0.25846
  2491    301.06060      1.08767    225.47300      0.26449
  2506    315.75550      1.05874    222.55420      0.27685
  2524    306.07810      1.07422    221.38690      0.28920
  2544    303.62900      1.05374    218.68370      0.29327
  2564    322.04920      1.01185    207.10010      0.27707
  2582    329.70850      0.93908    213.76020      0.25898
  2602    343.34310      0.90403    197.66250      0.27230
  2622    339.98800      0.87177    191.40060      0.32245
  2643    336.70510      0.87299    178.58230      0.33792
  2661    330.89980      0.90072    170.30710      0.31715
  2681    324.87240      0.92412    168.20200      0.28314
  2700    337.62980      0.85607    166.55560      0.24405
  2721    356.65660      0.75727    166.17310      0.24677
  2744    379.53140      0.59144    157.73750      0.21330
  2763    374.81950      0.58379    158.42410      0.23503
  2783    370.88630      0.57416    147.54010      0.21563
  2803    360.59780      0.60184    157.20400      0.23935
  2823    361.89720      0.57736    147.37510      0.22222
  2843    353.98930      0.62954    147.71560      0.23254
  2862    354.92170      0.59495    146.32990      0.22407
  2882    359.12570      0.53642    135.24460      0.20090
  2902    353.96500      0.53106    145.73740      0.21205
  2922    352.02560      0.55592    139.08560      0.21268
  2942    350.07850      0.52340    149.24240      0.24574
  2963    351.34050      0.46901    150.62100      0.23798
  2983    350.46900      0.47415    145.20410      0.22551
  3003    347.53790      0.45114    144.21010      0.20556
  3022    339.18480      0.45988    156.41980      0.21033
  3042    334.80220      0.49180    153.37180      0.20579
  3062    329.59930      0.50642    156.03910      0.21964
  3081    329.39530      0.50157    147.39140      0.20960
  3101    328.56660      0.47102    149.41510      0.20790
  3121    329.85570      0.44775    140.41900      0.19140
  3140    326.85530      0.43092    143.57370      0.19526
  3159    324.43200      0.42686    141.91870      0.18441
  3179    322.01330      0.41829    139.75360      0.17600
  3198    317.91240      0.43667    138.14040      0.17380
  3218    315.04200      0.42255    141.90070      0.19385
  3238    311.53740      0.40331    149.98480      0.20073
  3258    307.41620      0.41038    156.57390      0.19818
  3278    304.26720      0.40301    158.04840      0.18756
  3298    301.15940      0.40245    158.40010      0.20354
  3318    298.62370      0.40188    163.40360      0.20220
  3338    295.39690      0.37512    169.57180      0.20777
  3357    291.16150      0.39267    168.48530      0.21868
  3377    290.11140      0.40129    163.06310      0.21028
  3397    290.86610      0.39066    156.12970      0.18221
  3417    289.91030      0.36790    155.56840      0.18267
  3437    288.24080      0.36290    153.37220      0.17823
  3455    284.60810      0.37451    155.46970      0.18809
  3475    280.71320      0.35539    156.80140      0.18268
  3495    277.68870      0.34011    158.52550      0.17942
  3515    273.71040      0.34864    158.71810      0.18850
  3535    270.64020      0.35263    158.85280      0.19534
  3568    260.92040      0.39244    161.78190      0.23646
  3588    251.72960      0.42510    173.54540      0.24336
  3608    244.58500      0.42895    179.92930      0.21777
  3628    237.61770      0.46012    178.98670      0.21659
  3648    229.11800      0.51371    179.75490      0.22001
  3666    221.31770      0.54097    177.22920      0.22563
  3687    212.82910      0.57517    178.00220      0.21710
  3706    203.11560      0.60325    178.98550      0.23445
  3726    187.93890      0.63339    176.67610      0.22926
  3746    157.86380      0.68371    186.06850      0.37149
  3766    121.62840      0.69538    201.92910      0.46736
  3786    118.10840      0.68798    200.98200      0.46482
  3804    119.34070      0.67876    202.00100      0.49531
  3824    109.06350      0.66919    205.23240      0.53941
  3844     96.34812      0.65599    206.59480      0.57814
  3864     96.85963      0.65020    203.61670      0.58559
  3884     84.01115      0.62805    211.00180      0.58477
  3903     65.48372      0.59867    221.24190      0.58196
  3922     60.93517      0.58067    229.09990      0.55330
  3942     68.77087      0.58908    230.13770      0.54556
  3958     65.48720      0.57823    229.29410      0.51699
  3977     57.87140      0.55923    226.96940      0.56360
  3998     72.86830      0.57024    225.38570      0.53877
  4018     86.54768      0.57867    223.75300      0.48179
  4038    112.86710      0.57462    217.22170      0.44724
  4058      0.00000      0.00000      0.00000      0.00000
  4072    136.32010      0.54001    205.78030      0.41035
  4092    143.94870      0.51278    203.46260      0.36710
  4111    122.77910      0.52740    211.20750      0.39890
  4131     94.82569      0.53576    219.38380      0.44323
  4151     97.04181      0.52613    219.22310      0.43726
  4171    104.53480      0.51175    217.40660      0.39637
  4191    119.16740      0.48836    211.41180      0.34573
  4211    125.50440      0.46953    200.19280      0.36347
  4229    129.17070      0.46237    188.55950      0.36880
  4249    129.96870      0.44567    181.81140      0.37935
  4269    120.49240      0.45353    185.52440      0.41805
  4288     95.69427      0.47177    199.68970      0.49798
  4309     60.95498      0.45410    212.16450      0.56005
  4330     43.73575      0.42687    217.49920      0.57684
  4350     39.85443      0.41156    220.87440      0.55324
  4369     56.55966      0.42628    221.20620      0.51401
  4389     70.63262      0.42287    220.23220      0.48341
  4408     56.19250      0.41275    221.78710      0.54061
  4428     51.29366      0.40058    224.67580      0.51808
  4448     73.50909      0.40139    223.24790      0.42723
  4468     70.41091      0.39375    223.27240      0.44846
  4488     75.48779      0.38187    221.53010      0.42153
  4508     96.52172      0.34678    216.32030      0.28922
  4526     93.92766      0.33739    214.54990      0.34495
  4546     95.11203      0.31502    207.70400      0.34911
  4566     86.43916      0.32385    213.72150      0.33041
  4586     78.05976      0.32366    217.76890      0.38241
  4606     64.09567      0.33316    220.08680      0.48229
  4626     64.79633      0.32268    222.04160      0.43495
  4646     69.02122      0.30771    223.48840      0.34228
  4666     67.91691      0.29926    222.40340      0.36803
  4686     66.95786      0.29214    223.09810      0.33756
  4706     72.70940      0.27510    206.90060      0.35869
  4724     86.03410      0.24409    185.00120      0.26746
  4745     81.10947      0.24713    182.99750      0.27472
  4764     72.40964      0.25929    191.32160      0.37414
  4784     50.68987      0.26586    207.27790      0.48379
  4803     34.86690      0.25302    215.20120      0.54247
  4823     52.99681      0.24458    211.04060      0.45630
  4843     68.37436      0.20431    201.20720      0.35802
  4863     69.48663      0.18082    191.49950      0.33511
  4881     67.30692      0.17612    184.44640      0.30665
  4901     64.63050      0.17696    177.46180      0.26505
  4921     63.97675      0.15961    171.43280      0.22769
  4941     66.98055      0.12496    166.27800      0.16258
  4961     64.51439      0.12084    163.64300      0.16875
  4980     60.91380      0.12093    160.79440      0.16323
  5000     57.35389      0.11798    161.44380      0.16996
