   170      0.00000      0.00000    236.42540      0.34984
   223      0.00000      0.00000    213.55110      0.24244
   260      0.00000      0.00000    213.64800      0.22363
   296      0.00000      0.00000    212.14480      0.18227
   334      0.00000      0.00000    210.34690      0.20571
   373      0.00000      0.00000    210.05300      0.23907
   412      0.00000      0.00000    209.63110      0.21965
   451      0.00000      0.00000    207.72230      0.21821
   490      0.00000      0.00000    207.13540      0.23216
   530      0.00000      0.00000    216.19610      0.23435
   569      0.00000      0.00000    211.06360      0.22827
   608      2.50715      0.00546    208.74320      0.21204
   645      6.65762      0.01233    208.84900      0.21131
   683     11.50268      0.01960    208.04630      0.22942
   722     17.18828      0.02728    201.80670      0.25831
   761     21.50797      0.03327    204.93940      0.21568
   800     26.13454      0.04170    206.75390      0.22077
   839     31.20361      0.04886    203.03520      0.21736
   877     37.28911      0.05632    201.37130      0.22227
   915     43.16051      0.06507    200.64720      0.25332
   955     47.70175      0.07206    203.35910      0.23866
   994     52.93923      0.08375    207.51720      0.22256
  1033     57.67679      0.08752    207.07120      0.23161
  1072     63.83778      0.09602    204.33740      0.22482
  1111     67.45357      0.11028    202.47350      0.21860
  1150     76.26257      0.11799    194.57100      0.23654
  1189     80.71307      0.13117    198.52470      0.26832
  1227     88.57566      0.13472    185.95250      0.19928
  1266     91.94045      0.13566    189.71270      0.19636
  1303     98.11491      0.14414    187.06100      0.18106
  1342    104.94960      0.15320    185.25340      0.17823
  1382    105.92820      0.16637    206.48300      0.19094
  1422    113.54390      0.17546    210.98950      0.19169
  1461    116.04570      0.17504    218.78230      0.20586
  1500    120.93580      0.18982    221.62830      0.25780
  1538    110.46090      0.24899    227.95800      0.28451
  1578    113.58850      0.26679    233.98830      0.20702
  1616    116.37610      0.26875    233.11850      0.24157
  1655    135.95510      0.24966    224.67450      0.29622
  1694    154.15130      0.24379    201.92160      0.26337
  1733    163.12200      0.26188    182.25390      0.24406
  1772    143.65240      0.31096    229.82760      0.38782
  1811    134.40240      0.43691    227.73690      0.43369
