   165    162.99480      1.47592    221.66980      0.61720
   181    164.83950      1.49930    223.48260      0.62421
   202    145.46860      1.46754    224.37690      0.59016
   222    113.30510      1.37448    219.61800      0.59853
   241    142.32660      1.47106    209.15970      0.57592
   261    180.83300      1.55150    205.38380      0.54272
   281    235.93930      1.63454    205.45700      0.50337
   302    280.07550      1.66031    209.93010      0.47193
   323    324.82630      1.65901    211.89950      0.45204
   343    330.06340      1.66653    212.89590      0.44899
   363    366.49200      1.64099    210.27890      0.46731
   383    399.37090      1.59703    207.96880      0.47768
   403    413.64970      1.57529    205.46280      0.49508
   424    399.80880      1.63156    203.88260      0.50895
   444    400.48500      1.63479    202.38090      0.52154
   465    404.84710      1.63178    202.16180      0.51913
   485    396.38480      1.66646    198.19800      0.52434
   505    383.49490      1.69683    193.00060      0.52335
   525    371.70270      1.71313    192.00420      0.53982
   545    343.36840      1.74447    198.08640      0.54681
   565    297.92340      1.75246    206.72230      0.54904
   585    215.55690      1.68723    215.48680      0.59289
   605    149.80800      1.56258    221.89950      0.65362
   626    109.34360      1.45644    229.60900      0.67662
   646    101.45880      1.39318    235.70020      0.65120
   666     97.97028      1.41107    240.03090      0.62899
   686     99.20620      1.38382    238.48900      0.61944
   706    112.13780      1.44447    232.01820      0.63611
   726    121.52390      1.48862    225.59830      0.61937
   746    122.13520      1.52325    223.25110      0.61511
   764    110.15330      1.45439    225.94300      0.64296
   785     96.86250      1.40624    231.76640      0.65172
   805     92.43520      1.40227    234.26720      0.66767
   825     94.96724      1.42747    238.93660      0.63360
   845    103.08530      1.41715    237.65530      0.60681
   866    112.78950      1.48773    236.80420      0.58906
   887    138.43190      1.56815    234.87720      0.56580
   908    123.46470      1.53888    236.15840      0.58078
   928    111.08440      1.48934    233.79770      0.59090
   948    106.97480      1.50150    227.68220      0.64312
   968    111.81510      1.52234    226.14280      0.63580
   988    105.17290      1.46321    226.67910      0.64725
  1010     95.88972      1.44468    230.52720      0.65283
  1030     88.48785      1.38920    236.45130      0.62930
  1051     84.47228      1.38496    242.17990      0.62035
  1071     84.00121      1.39536    242.27420      0.59785
  1091     85.66978      1.41799    239.72420      0.62367
  1113     87.47929      1.43043    239.93810      0.61192
  1133     83.78518      1.40648    241.43330      0.59918
  1153     84.28614      1.41886    243.66740      0.58860
  1175     85.57719      1.43066    244.49990      0.57964
  1195    112.59530      1.52548    247.52010      0.54186
  1216    125.44090      1.60155    249.80710      0.48539
  1236    107.58740      1.50702    247.54800      0.53787
  1256    159.08850      1.71019    250.56510      0.47573
  1277    114.71590      1.53336    248.24920      0.53319
  1298     86.75187      1.44563    246.95670      0.57432
  1318     83.20573      1.41860    246.19070      0.58423
  1339     82.91848      1.42067    246.47840      0.57892
  1359     82.54517      1.41202    246.49710      0.61427
  1379     81.33739      1.40381    247.04010      0.59522
  1400     90.03059      1.46776    246.91610      0.60457
  1420     86.30533      1.45615    244.89930      0.64149
  1441     88.72877      1.50207    246.33290      0.62829
  1462     88.95966      1.46156    246.74950      0.60897
  1482     86.18401      1.44852    245.21410      0.64854
  1502     89.04849      1.47331    246.61340      0.61403
  1522     85.66539      1.46628    245.85680      0.63539
  1542     90.62648      1.53868    247.76120      0.61863
  1562     89.14282      1.51626    248.47730      0.62861
  1582     84.34263      1.46608    247.47480      0.66729
  1602     87.13613      1.46820    249.41240      0.66681
  1622     87.52844      1.46474    251.42110      0.66547
  1642     87.88329      1.48711    251.33780      0.69126
  1662     84.14143      1.46290    252.77670      0.69831
  1682     89.79188      1.52004    253.66020      0.66636
  1702     87.23690      1.49800    254.46500      0.67235
  1723     92.35268      1.49420    263.14590      0.54247
  1743    146.71520      1.63335    268.90950      0.37740
  1763    184.29290      1.67117    268.88140      0.37642
  1784    179.11570      1.64462    268.84770      0.34560
  1805    185.73230      1.66136    269.73830      0.34694
  1825    181.74040      1.61243    267.78270      0.33584
  1846    179.64630      1.62485    269.45930      0.34575
  1866    169.82650      1.66078    268.68820      0.34078
  1887    162.58120      1.69193    268.94150      0.34501
  1908    179.52260      1.72971    265.20230      0.35381
  1930    186.17320      1.72505    266.64760      0.38493
  1950    167.42910      1.67466    268.38880      0.36985
  1970    112.44910      1.58735    259.66160      0.58057
  1991     91.21247      1.54807    255.58430      0.66072
  2011     90.54048      1.53411    254.05890      0.68326
  2031     92.35715      1.57923    254.06930      0.67468
  2051     94.38297      1.56848    253.74650      0.68248
  2071     94.42954      1.55347    253.95450      0.69927
  2091     97.81734      1.59945    257.39230      0.63342
  2111    136.50630      1.67001    258.49450      0.55959
  2131    184.78360      1.77217    254.84550      0.50647
  2151    228.27300      1.86091    247.27540      0.54737
  2171    287.89350      2.04672    241.91900      0.52512
  2191    366.79340      2.16390    232.37900      0.45841
  2211    443.43660      2.19496    220.27780      0.35041
  2231    483.54660      2.18822    218.00200      0.31485
  2251    483.29420      2.19381    218.90890      0.33675
  2271    446.51770      2.21482    223.97770      0.36790
  2292    425.24950      2.22017    225.33430      0.37819
  2312    378.01570      2.20205    230.18740      0.45062
  2332    370.64380      2.20093    230.20520      0.47396
  2357    342.27890      2.18064    234.55170      0.49306
  2377    345.04600      2.18188    235.51010      0.46102
  2397    316.55200      2.15662    240.03810      0.46431
  2417    233.64660      2.02926    241.60810      0.57178
  2437    173.31520      1.89416    225.23060      0.73185
  2457    159.99550      1.87742    210.01050      0.75348
  2477    259.56800      2.14916    193.09740      0.66416
  2497    428.07450      2.28903    170.46880      0.44859
  2517    541.88060      2.18883    159.73690      0.19914
  2537    558.92590      2.15920    158.06410      0.19059
  2557    589.60970      2.05805    160.82610      0.19861
  2577    608.36500      1.97602    168.38560      0.21531
  2597    590.04940      2.07236    186.88290      0.28575
  2617    540.01820      2.20135    207.83630      0.25023
  2637    477.19420      2.28792    218.83620      0.25930
  2657    464.14390      2.28922    224.21960      0.27688
  2677    543.74890      2.19373    225.25260      0.26013
  2697    513.31790      2.23772    231.65470      0.28402
  2717    383.61540      2.30278    239.74130      0.34315
  2738    321.78160      2.25331    240.94080      0.34441
  2758    408.05220      2.31198    234.39610      0.35419
  2778    488.58110      2.30871    212.24280      0.41750
  2798    563.11220      2.22638    188.74250      0.34709
  2818    557.09510      2.24546    191.12380      0.36271
  2838    564.31120      2.22609    190.67930      0.33033
  2858    565.68930      2.24623    175.27870      0.29466
  2878    589.63000      2.19806    168.23920      0.25277
  2899    593.34740      2.20175    153.63340      0.20983
  2919    499.70750      2.34207    189.36400      0.44099
  2939    520.95390      2.30802    214.76370      0.37287
  2958    542.36730      2.27017    225.70370      0.31752
  2978    441.40320      2.36465    234.98230      0.33016
  3000    294.84740      2.21098    249.82400      0.36715
  3020    312.56660      2.25211    237.02020      0.32233
  3040    358.79510      2.33221    245.08000      0.33275
  3060    276.97850      2.19045    254.50370      0.34647
  3081    312.28280      2.24775    254.36180      0.34615
  3101    427.95550      2.37750    246.14690      0.32211
  3121    450.94020      2.38057    246.25730      0.33624
  3141    316.72200      2.26674    260.69040      0.40481
  3157    317.21940      2.26519    258.73040      0.36375
  3183    325.85100      2.30107    253.37720      0.35976
  3203    377.87430      2.37788    243.36610      0.35357
  3223    395.63080      2.39270    242.31690      0.35694
  3244    392.95830      2.39309    243.09860      0.36044
  3264    373.11990      2.34557    245.00680      0.38912
  3280    341.61170      2.32722    243.47590      0.43752
  3299    349.07970      2.36105    233.15610      0.52324
  3319    310.79730      2.29258    229.14550      0.59469
  3340    270.17910      2.21107    223.66120      0.63635
  3360    260.39450      2.18967    236.25780      0.67582
  3380    250.06770      2.15406    256.16090      0.58569
  3400    264.83940      2.18011    249.55630      0.58594
  3420    278.45770      2.21420    244.63600      0.63082
  3440    269.47980      2.21963    249.79020      0.60490
  3460    266.19660      2.19633    256.80320      0.53784
  3480    281.34950      2.22732    264.88820      0.42729
  3499    284.63260      2.24264    271.57750      0.40987
  3520    166.37950      1.92232    273.99570      0.46113
  3540    101.61360      1.74349    272.41210      0.64216
  3560     94.77411      1.68376    271.42950      0.67141
  3580     96.92191      1.70822    273.02670      0.62804
  3600    103.92630      1.73387    273.55980      0.64678
  3620    102.93890      1.74261    273.44020      0.61488
  3640    180.72720      2.00898    274.39400      0.46788
  3660    285.42010      2.27786    260.81450      0.32645
  3680    254.36890      2.20047    265.51120      0.32424
  3700    217.25420      2.04347    279.68930      0.38718
  3720    215.20610      2.04325    284.42160      0.41994
  3740    209.93590      2.03015    286.87590      0.42315
  3760    235.47390      2.11198    281.44710      0.53915
  3780    262.78940      2.23344    266.67960      0.65423
  3800    283.79620      2.28494    241.41840      0.71296
  3820    296.23150      2.33062    227.75720      0.71672
  3840    306.01770      2.35497    212.18320      0.71689
  3861    314.24830      2.37284    209.11240      0.73059
  3881    333.92520      2.40500    200.50160      0.70672
  3901    317.62440      2.39727    204.82820      0.74876
  3921    313.40940      2.38216    197.92160      0.72402
  3942    310.63960      2.36382    185.09340      0.67789
  3962    318.02470      2.38041    172.25260      0.59353
  3982    346.67840      2.44986    169.88160      0.52391
  4002    370.31020      2.48434    167.62060      0.50653
  4022    392.28780      2.51717    173.04730      0.50554
  4042    389.88350      2.52258    164.32260      0.48759
  4062    440.85030      2.55277    163.49780      0.48037
  4082    492.02940      2.56460    166.15180      0.41860
  4102    495.39920      2.56167    166.86000      0.37214
  4123    430.82660      2.56042    168.34650      0.40536
  4143    408.11400      2.54429    180.27180      0.42064
  4163    402.24450      2.54409    188.77300      0.45022
  4183    360.62080      2.50383    195.32010      0.59756
  4203    330.62800      2.44917    192.55670      0.64962
  4223    332.23600      2.45245    196.72400      0.73776
  4243    375.25410      2.51982    190.98320      0.66515
  4263    368.10520      2.51152    196.19980      0.71375
  4283    370.31390      2.52817    191.05240      0.69713
  4303    378.85170      2.51842    182.08780      0.67862
  4323    424.93550      2.57021    170.69930      0.57037
  4343    461.31510      2.59074    161.35370      0.48502
  4363    529.08000      2.58799    153.18380      0.41439
  4383    630.15730      2.45816    142.20440      0.26381
  4403    672.93590      2.37682    138.81340      0.20454
  4423    689.08710      2.35165    137.76760      0.18456
  4443    711.97720      2.24517    140.90740      0.18427
  4463    744.63650      2.13644    146.83290      0.19646
  4483    777.15800      1.95753    151.15690      0.19141
  4504    795.95590      1.87533    155.83620      0.21072
  4524    782.08500      1.96875    156.06710      0.18494
  4546    705.92610      2.29651    157.94310      0.24239
  4566    677.63990      2.36483    150.96980      0.22581
  4586    687.28990      2.32910    145.99360      0.20252
  4606    737.81200      2.13903    146.42590      0.17093
  4628    726.87640      2.18074    149.40420      0.17181
  4648    777.73950      2.03499    157.21380      0.18819
  4668    835.51450      1.67956    167.17940      0.19012
  4689    850.33620      1.44751    165.50890      0.18882
  4709    851.75490      1.38116    170.26430      0.18590
  4729    816.31390      1.71203    180.69330      0.24521
  4749    790.28600      1.94541    197.34340      0.27959
  4769    715.23980      2.22556    215.40370      0.31328
  4789    604.35120      2.49151    231.97070      0.48854
  4809    460.23950      2.58454    252.18470      0.63783
  4829    445.69490      2.55230    248.58120      0.66034
  4849    423.95920      2.57506    249.61770      0.71234
  4869    402.69960      2.55268    257.76550      0.74904
  4889    339.86840      2.41826    287.22990      0.72064
  4909    327.81410      2.40344    289.85040      0.71220
  4929    297.39500      2.37979    294.49420      0.69391
  4949    247.09750      2.23569    303.59780      0.64842
  4970    261.68290      2.25782    305.36440      0.71600
  4990    276.36670      2.28378    305.16250      0.71637
