   176      0.00000      0.00000    231.73660      0.36137
   205      0.00000      0.00000    220.41020      0.26017
   245      0.00000      0.00000    212.86590      0.23395
   282      0.00000      0.00000    211.49060      0.19962
   321      0.00000      0.00000    211.12730      0.18427
   362      0.00000      0.00000    208.84510      0.23732
   401      0.00000      0.00000    209.18900      0.22821
   439      0.00000      0.00000    207.94310      0.22063
   479      0.00000      0.00000    208.38030      0.20520
   517      0.00000      0.00000    214.19470      0.24574
   556      0.00000      0.00000    213.11590      0.21354
   595      1.16432      0.00258    209.24080      0.22008
   629      4.79499      0.00936    208.33060      0.21425
   668      9.59285      0.01732    208.58960      0.20847
   706     14.53575      0.02331    206.97850      0.22161
   745     19.83762      0.03005    205.26440      0.21926
   784     24.28317      0.03886    206.16370      0.21384
   823     29.13527      0.04370    207.69710      0.20406
   862     34.60427      0.05164    203.65270      0.21929
   901     41.25783      0.06123    198.50160      0.25043
   940     46.22487      0.06799    202.03830      0.23944
   978     50.69813      0.08081    206.37560      0.21781
  1017     56.23713      0.09037    204.54390      0.25209
  1056     62.36451      0.09691    201.02660      0.26317
  1094     64.21838      0.10440    207.65350      0.17912
  1133     75.16937      0.11534    187.58750      0.20443
  1172     69.31137      0.14110    219.55940      0.21159
  1211     85.71422      0.13438    185.44420      0.20223
  1250     90.55053      0.13469    185.51990      0.20645
  1288     95.93394      0.13721    189.66900      0.18141
  1327    104.87110      0.14218    180.41960      0.16060
  1366    105.72110      0.15890    202.78190      0.19119
  1405    109.32480      0.16826    210.39770      0.20164
  1444    114.73990      0.17022    216.02270      0.19777
  1483    119.12750      0.18342    222.32920      0.21465
  1521    111.81080      0.23593    223.45240      0.29544
  1560    109.18830      0.26062    233.09030      0.19495
  1598    112.99880      0.26638    233.35310      0.20501
  1637    133.86440      0.24897    217.93280      0.32542
  1676    145.81020      0.24045    207.39970      0.25393
  1715    152.10860      0.26671    211.33890      0.30743
  1754    156.21510      0.33804    186.50050      0.28355
  1793    125.41430      0.40586    237.61350      0.30250
  1832    122.56350      0.47058    226.55490      0.45445
