  2534    247.29550      2.11332    286.08280      0.42956
  2549    232.83290      2.05916    288.70770      0.41848
  2588    189.97980      1.91280    292.60080      0.44916
  2626    246.06660      2.09440    292.03130      0.46445
  2665    238.32230      2.04700    294.07930      0.48742
  2704    193.59640      1.90121    297.61300      0.52638
  2743    294.98970      2.24981    291.37090      0.51509
  2782    306.30540      2.26513    297.38080      0.48637
  2821    335.29340      2.32893    297.56800      0.44865
  2858    273.73370      2.18647    299.59340      0.49338
  2897    245.24820      2.13785    291.90300      0.62323
  2936    211.80170      1.98134    287.49820      0.67868
  2973    398.79990      2.45225    237.36000      0.54280
  3012    502.03700      2.54355    111.48160      0.38061
  3051    803.96800      1.73002    102.27600      0.12211
  3090    841.81000      1.34255     99.59763      0.11616
  3129    722.14650      2.18435     99.68326      0.14198
  3166    206.12090      2.00493    261.50980      0.85288
  3205    867.20670      0.84490     99.35900      0.09837
  3243    789.84210      1.67546    100.37760      0.12404
  3286    197.47070      1.99312    309.98770      0.49487
  3325    200.50160      2.00730    315.28390      0.49842
