   846    321.01950      2.43691    259.64580      0.69876
   869    305.64340      2.39065    259.05940      0.74946
   908    314.88810      2.37262    239.88900      0.80328
   947    639.06340      2.58570    205.16070      0.52980
   986    588.73220      2.66268    225.88930      0.36364
  1021    840.94490      1.71668    213.39230      0.47400
  1069    264.55060      2.26809    256.92520      0.80805
  1108    258.23180      2.27162    258.52580      0.75644
  1146    271.93330      2.30835    259.83920      0.70048
  1184    325.77630      2.48004    260.86570      0.61894
  1223    421.27070      2.60139    259.00280      0.55240
  1262    284.10600      2.39508    252.34730      0.71976
  1301    402.08590      2.64372    224.18920      0.70074
  1340    287.21960      2.41568    251.36760      0.54399
  1377    568.28030      2.62358    228.49420      0.40339
  1416    421.65720      2.65205    229.48610      0.56556
  1455    656.98690      2.49144    160.33120      0.31833
  1481    256.39240      2.33732    243.40640      0.62875
  1519    383.38630      2.63388    194.79230      0.65259
  1558    454.23300      2.70846    170.53740      0.40258
  1597    778.65140      1.87824    165.85780      0.34860
  1645    454.44380      2.63190    204.76890      0.63968
  1682    520.68120      2.70196    197.23300      0.57536
  1720    770.67330      2.00420    178.25710      0.27290
  1759    757.87850      2.06580    173.28870      0.26521
  1798    867.82770      1.26637    139.97360      0.21884
  1837    702.16050      2.38220    149.65640      0.25041
  1875    458.44500      2.70353    136.11250      0.52940
  1914    680.63760      2.55377    114.25080      0.15485
  1951    515.05430      2.70247    149.21440      0.46460
  1990    519.68380      2.66468    187.39260      0.64386
  2033    467.39320      2.61109    206.62040      0.62926
  2069    696.86670      2.37914    193.27310      0.47260
  2106    801.45100      1.67345    184.64490      0.41088
  2141    801.88680      1.80401    216.51060      0.25001
  2183    465.17830      2.67583    217.44610      0.35787
  2222    371.52910      2.56684    219.28990      0.50479
  2260    490.64400      2.68652    203.81930      0.33698
  2299    373.00550      2.55724    213.60730      0.53915
  2339    408.28200      2.55760    234.30800      0.52231
  2378    387.04570      2.43834    254.01450      0.33273
  2417    571.58860      2.46506    259.32790      0.33286
  2456    399.70660      2.54187    264.38430      0.36767
