   172      0.00000      0.00000    235.04460      0.35635
   220      0.00000      0.00000    213.26820      0.22948
   254      0.00000      0.00000    213.58130      0.21057
   295      0.00000      0.00000    212.18100      0.18218
   335      0.00000      0.00000    209.92950      0.21427
   374      0.00000      0.00000    209.90200      0.23678
   413      0.00000      0.00000    209.43980      0.21592
   452      0.00000      0.00000    207.73880      0.21431
   492      0.00000      0.00000    207.45430      0.24173
   531      0.00000      0.00000    216.25630      0.23475
   570      0.00000      0.00000    211.02750      0.22021
   609      2.62469      0.00558    208.42150      0.22430
   646      6.79220      0.01267    208.92360      0.21483
   685     11.81040      0.01978    208.27230      0.20993
   725     17.58946      0.02796    202.13390      0.25952
   764     21.86283      0.03576    205.66840      0.23354
   803     26.57384      0.04109    207.32970      0.21001
   841     31.59134      0.04947    203.12720      0.21456
   881     37.50436      0.05978    201.38080      0.23740
   920     43.72803      0.06270    201.30930      0.24560
   959     48.26846      0.07008    203.22810      0.22987
   998     53.12770      0.08388    208.26740      0.20600
  1037     57.80663      0.09130    208.17300      0.21366
  1076     63.52814      0.10444    204.93570      0.23611
  1115     69.65316      0.10875    198.16230      0.21458
  1154     75.42638      0.12429    198.89980      0.24115
  1193     83.53098      0.12561    190.94950      0.25353
  1232     88.85049      0.13919    190.02400      0.19219
  1270     92.68493      0.13554    189.45320      0.20206
  1312     99.88253      0.14419    184.21050      0.16349
  1351    106.91290      0.15885    191.82760      0.19703
  1387    108.02440      0.16232    206.98010      0.20039
  1426    114.58390      0.17320    211.62580      0.21179
  1466    116.17940      0.18792    219.15990      0.22310
  1505    119.25340      0.21114    221.68220      0.27607
  1544    108.45500      0.25118    231.19060      0.21275
  1582    116.30160      0.25340    233.13320      0.20456
  1621    117.33130      0.26605    233.89590      0.22428
  1660    135.92040      0.25422    230.49770      0.31839
  1699    152.25980      0.24250    209.61340      0.25708
  1738    163.98340      0.25615    181.39990      0.22237
  1777    141.14520      0.29014    236.40890      0.32213
  1816    133.34880      0.43729    228.38200      0.45412
