   821    336.40820      2.46983    234.36860      0.91404
   858    302.16910      2.36098    273.64640      0.66574
   898    341.68990      2.46214    244.45950      0.72228
   937    612.76230      2.63408    215.43280      0.44769
   975    675.25640      2.46780    224.79130      0.36149
  1011    806.40570      1.91792    212.89650      0.47269
  1050    284.42090      2.32389    252.22730      0.74883
  1089    255.24460      2.25033    258.81470      0.78687
  1127    264.16550      2.30906    258.85700      0.76041
  1167    341.38940      2.49951    262.51190      0.60417
  1206    366.01950      2.56041    261.63240      0.57288
  1245    305.68960      2.46646    249.78130      0.72624
  1284    380.22490      2.60085    247.25050      0.68526
  1323    239.38550      2.26285    241.61090      0.77395
  1362    499.11720      2.68119    238.05890      0.43784
  1401    347.36860      2.57525    236.33830      0.58014
  1440    834.65910      1.60863    135.18340      0.22107
  1479    251.34920      2.33570    242.13710      0.66709
  1518    383.19940      2.61960    197.78590      0.66598
  1557    472.72320      2.71554    168.20050      0.38673
  1596    793.33820      1.82298    166.21740      0.33981
  1637    656.48990      2.38287    192.39720      0.56223
  1683    543.63870      2.69837    195.08060      0.54935
  1722    810.68160      1.73308    177.25840      0.27056
  1761    777.40600      1.96776    171.92650      0.26569
  1800    866.16910      1.27375    141.88680      0.22317
  1839    682.17170      2.45262    152.53250      0.25485
  1878    488.81980      2.71536    124.38690      0.45855
  1917    670.23880      2.56891    114.23770      0.15385
  1956    478.01170      2.70489    145.13900      0.49338
  1995    419.96630      2.65524    198.23860      0.68488
  2025    526.25470      2.67538    195.76440      0.59968
  2065    687.38970      2.40579    192.85080      0.46830
  2094    816.45630      1.59515    159.45460      0.39641
  2131    711.24790      2.26827    217.67720      0.27898
  2171    486.02510      2.68270    215.71190      0.31947
  2211    408.65340      2.62354    214.56060      0.43169
  2250    494.87260      2.68815    203.19070      0.30276
  2289    368.39940      2.56414    218.13120      0.52850
  2328    419.12740      2.61366    226.39210      0.52162
  2367    386.79090      2.46408    242.07460      0.42665
  2406    499.52920      2.47504    260.71380      0.34358
  2445    481.54450      2.52958    253.93350      0.46033
