  2516    147.73000      1.62987    276.25730      0.50760
  2569    269.91790      2.07466    229.83650      0.76861
  2602    381.64670      2.11943    268.19680      0.50555
  2641    265.05760      2.03828    265.65230      0.61975
  2680    203.19010      1.86410    271.30150      0.62189
  2718    211.48090      1.87443    275.69860      0.64848
  2756    218.53050      1.91398    269.38460      0.73906
  2794    244.72440      1.98527    252.11010      0.71550
  2833    452.09290      2.28606    210.93450      0.43923
  2872    537.86780      2.22993    172.27730      0.24620
  2911    600.28270      2.03915    198.75550      0.30803
  2953    353.01350      2.29134    210.21790      0.61197
  2991    473.24770      2.32851    215.12560      0.39227
  3029    250.86080      2.07087    268.69310      0.75956
  3067    192.89860      1.85196    291.37860      0.64448
  3104    195.33650      1.84001    296.07800      0.59779
