   185      0.00000      0.00000    225.66750      0.32471
   204      0.00000      0.00000    219.79210      0.26938
   243      0.00000      0.00000    214.77900      0.21987
   283      0.00000      0.00000    212.50270      0.20309
   322      0.00000      0.00000    210.90120      0.20078
   360      0.00000      0.00000    209.69300      0.23520
   400      0.00000      0.00000    209.65440      0.21979
   440      0.00000      0.00000    207.83990      0.22688
   478      0.00000      0.00000    208.23110      0.21866
   516      0.00000      0.00000    213.95330      0.24537
   555      0.00000      0.00000    213.31110      0.21707
   594      1.04754      0.00234    209.72260      0.19420
   631      5.03358      0.00974    208.20760      0.23134
   670      9.87110      0.01697    208.85280      0.20196
   709     14.99335      0.02458    205.44440      0.23396
   747     19.84571      0.03154    205.27490      0.22699
   786     24.70010      0.03732    206.40430      0.22253
   824     29.27530      0.04436    207.32100      0.20547
   863     34.59759      0.05545    203.83490      0.21476
   902     41.32270      0.06210    198.53720      0.25403
   941     46.11700      0.06880    202.02330      0.24562
   980     51.04246      0.07746    206.79780      0.23004
  1019     56.56792      0.08847    204.91410      0.24501
  1057     62.54338      0.09704    201.34870      0.26232
  1096     65.16119      0.10297    207.42320      0.19711
  1135     75.55315      0.11291    187.63150      0.18760
  1173     69.61027      0.13833    219.39340      0.19284
  1212     85.76797      0.13137    184.82440      0.19836
  1251     90.88168      0.12809    185.55610      0.20695
  1290     95.64087      0.14462    190.21420      0.18241
  1329    105.11850      0.14726    179.81630      0.16381
  1368    105.53700      0.16053    202.97020      0.18763
  1407    109.81180      0.17428    211.19680      0.19199
  1446    114.56580      0.16905    216.16090      0.22051
  1484    119.11750      0.18816    222.64530      0.22542
  1523    110.75310      0.24487    223.43150      0.30494
  1562    109.58560      0.25428    232.99160      0.19551
  1601    113.19310      0.27454    234.03790      0.20340
  1640    136.27800      0.24771    216.13370      0.31452
  1679    150.74870      0.24055    204.51930      0.24870
  1717    153.39820      0.26272    208.39550      0.31515
  1756    153.47810      0.36124    189.24430      0.31048
  1795    124.50500      0.41322    237.68590      0.30745
  1834    122.90060      0.46190    226.70740      0.46320
