   152      0.00000      0.00000    222.54460      0.34057
   191      0.00000      0.00000    222.34480      0.32016
   230      0.00000      0.00000    213.38430      0.21116
   269      0.00000      0.00000    214.46070      0.21655
   308      0.00000      0.00000    213.81530      0.20340
   346      0.00000      0.00000    208.80010      0.21284
   383      0.00000      0.00000    210.78180      0.24265
   422      0.00000      0.00000    209.73200      0.21196
   461      0.00000      0.00000    207.84320      0.21412
   500      0.00000      0.00000    208.51800      0.24080
   539      0.00000      0.00000    215.53560      0.23428
   578      0.00000      0.00000    211.36840      0.21649
   617      3.39364      0.00715    208.66250      0.21162
   656      8.15190      0.01413    208.42540      0.21107
   693     12.98200      0.02104    207.08370      0.22258
   732     17.99415      0.02803    203.50660      0.24589
   768     22.46251      0.03618    205.65040      0.22602
   807     26.87646      0.04254    207.28000      0.21470
   846     32.27370      0.05048    203.40120      0.20058
   885     38.17614      0.06158    200.19410      0.23850
   924     44.07404      0.06618    201.40570      0.24123
   963     48.75719      0.07581    201.75410      0.23873
  1002     53.12652      0.08324    207.85950      0.21997
  1041     58.56780      0.08559    207.89580      0.21415
  1080     63.96435      0.10295    205.95310      0.20607
  1120     71.87168      0.11320    193.95950      0.20854
  1159     74.86441      0.12542    206.11510      0.24651
  1198     84.97659      0.12981    186.20390      0.20076
  1237     88.90473      0.13274    190.37880      0.20236
  1276     93.70382      0.13730    189.78780      0.19633
  1314    102.07240      0.14119    184.11930      0.13853
  1355    107.18160      0.15993    195.54430      0.19472
  1394    109.42870      0.17326    206.64980      0.21367
  1433    115.17680      0.17573    212.34590      0.21238
  1472    117.11730      0.18354    219.80950      0.20992
  1511    115.72530      0.21306    221.31810      0.27543
  1550    108.44610      0.25825    229.85060      0.18915
  1588    116.35470      0.24708    232.77770      0.21708
  1627    119.47550      0.27540    232.72280      0.27908
  1666    139.00840      0.25362    225.41440      0.29146
  1704    149.06520      0.25496    212.12410      0.27108
  1743    163.42320      0.27500    180.63290      0.21546
  1782    130.53040      0.35024    239.22140      0.30100
  1820    127.79270      0.45019    231.30420      0.43637
