  2497    365.37280      2.32145    283.15310      0.37568
  2543    234.66190      2.07437    287.67410      0.42873
  2582    200.51240      1.93306    291.27830      0.44427
  2621    233.84930      2.05575    297.86180      0.39910
  2661    253.71630      2.09533    292.93250      0.47210
  2701    192.48420      1.87265    297.95410      0.52984
  2741    288.76030      2.21378    291.65670      0.49875
  2781    300.89930      2.25947    297.49020      0.47916
  2820    337.83690      2.30480    297.24130      0.45751
  2859    275.14760      2.20338    300.32870      0.46591
  2899    238.37430      2.09867    296.93750      0.53814
  2937    227.63250      2.05743    282.76980      0.70851
  2977    431.30200      2.50056    229.36680      0.51338
  3017    551.40860      2.52411    106.71840      0.23910
  3056    806.69240      1.67765    102.09980      0.12030
  3094    835.63340      1.42164    100.07170      0.11176
  3135    615.24410      2.45400    102.54160      0.25318
  3174    196.50740      1.98883    278.46430      0.70718
  3215    868.96920      0.84402    101.40790      0.10023
  3254    318.61290      2.38096    215.47770      0.96262
  3281    195.50550      1.96886    305.97390      0.48528
  3320    195.05010      1.96268    304.10740      0.56673
