   822    331.30080      2.42970    237.18200      0.93630
   861    297.34430      2.34034    270.44460      0.70141
   899    337.94230      2.41419    239.70380      0.72360
   938    608.58620      2.65636    214.84670      0.44814
   977    651.74810      2.55100    225.11290      0.36361
  1005    656.71270      2.50933    218.77840      0.46230
  1044    296.56740      2.38617    249.65380      0.74908
  1083    257.42350      2.23017    258.17950      0.80547
  1122    244.11450      2.24754    258.16810      0.80780
  1161    318.13620      2.45444    262.63050      0.61967
  1200    347.88130      2.53924    264.57290      0.53737
  1239    368.97670      2.57878    249.16580      0.69359
  1280    344.99760      2.53729    252.98800      0.67538
  1318    292.85830      2.43585    228.53990      0.78451
  1358    420.31900      2.62734    242.08550      0.45834
  1397    320.51240      2.50881    239.21280      0.58618
  1436    709.56380      2.26768    152.05020      0.36249
  1475    262.85420      2.36715    236.10410      0.68897
  1514    382.61840      2.59487    209.83710      0.67559
  1552    549.05280      2.70451    159.95660      0.32384
  1591    757.09670      1.93703    177.83070      0.39381
  1630    566.17860      2.57436    192.14610      0.63240
  1669    411.84000      2.61169    215.98110      0.66429
  1708    649.75230      2.47748    193.48440      0.26705
  1747    627.29850      2.50651    186.39530      0.30491
  1770    800.37800      1.81052    170.38400      0.24895
  1810    866.32490      1.34952    135.73840      0.18999
  1848    698.37260      2.37584    166.48880      0.20711
  1887    530.23780      2.71728    113.25450      0.29161
  1928    694.90690      2.49299    114.33620      0.15119
  1965    642.95230      2.61150    123.16990      0.20127
  2004    552.84770      2.66350    211.48130      0.51401
  2043    624.47810      2.56553    193.10170      0.49086
  2082    838.20940      1.39168    172.48710      0.40326
  2122    730.97310      2.16529    209.97160      0.29340
  2157    565.36710      2.66984    206.79500      0.33515
  2199    417.87970      2.62701    217.76690      0.42812
  2237    353.32710      2.51344    226.05780      0.49657
  2276    377.81950      2.56894    221.74420      0.54449
  2314    455.76990      2.65852    208.63020      0.43611
  2352    417.81210      2.47132    239.78260      0.42826
  2391    310.73980      2.35757    258.20060      0.40565
  2430    510.69790      2.51484    257.56000      0.33611
