   839    320.62830      2.40478    288.46470      0.77192
   890    319.31900      2.41332    281.81300      0.83195
   930    315.46160      2.40685    284.16060      0.75272
   970    303.55810      2.38051    285.88350      0.68053
  1009    307.99430      2.36598    272.43260      0.67130
  1047    309.22710      2.38154    268.74750      0.59920
  1086    383.78120      2.59098    250.10960      0.51449
  1125    347.32790      2.51997    252.85470      0.61603
  1164    384.73570      2.58184    243.06850      0.50739
  1203    260.51610      2.30458    269.79680      0.64972
  1242    404.81530      2.64204    221.48840      0.44066
  1281    429.07800      2.65035    215.81670      0.40799
  1320    243.89710      2.28322    272.45330      0.56912
  1360    218.12510      2.17134    276.40600      0.44843
  1396    256.22400      2.30210    274.34750      0.43530
  1435    214.24200      2.15534    280.28870      0.44303
  1474    298.91170      2.42228    256.86340      0.55114
  1513    238.43900      2.23476    263.97030      0.54044
  1553    475.76310      2.60652    242.67430      0.40069
  1591    441.47230      2.64876    227.29300      0.56025
  1630    222.82370      2.20186    251.31970      0.69012
  1670    229.28800      2.20523    269.93310      0.49041
  1709    172.79220      1.94283    282.89340      0.44323
  1747    645.34200      2.56125    103.85330      0.21300
  1785    913.81690      0.97102    104.14860      0.12108
  1821    817.14470      1.85136    117.30470      0.15152
  1842    835.47270      1.59513    120.91860      0.14186
  1882    322.01800      2.48604    175.49860      0.75974
  1920    228.61130      2.18624    274.37280      0.49492
  1960    216.15960      2.12835    271.43880      0.46385
  1998    539.23890      2.61819    128.31450      0.52077
  2036    404.30460      2.59284    121.77810      0.53802
  2074    197.57590      2.04392    244.83390      0.81482
  2113    279.17740      2.37796    180.60050      0.88040
